[20210830,5083,5151,5192,5015,911481]
[20210827,5050,5049,5110,5023,492831]
[20210826,5126,5043,5130,5065,433782]
[20210825,5131,5123,5148,5092,391240]
[20210824,5078,5135,5113,5065,469143]
[20210823,5024,5084,5042,4932,731720]
[20210820,5032,5009,5072,5002,410313]
[20210819,5112,5061,5118,4983,759573]
[20210818,5129,5105,5138,5083,426517]
[20210817,5132,5124,5166,5118,399214]
[20210816,5093,5140,5159,5093,486051]
[20210813,5078,5117,5095,5024,494907]
[20210812,5092,5071,5126,5081,450818]
[20210811,5018,5090,5083,5018,561084]
[20210810,5084,5033,5124,5003,690406]
[20210809,5212,5111,5212,5058,878612]
[20210806,5364,5203,5379,5287,538176]
[20210805,5456,5370,5472,5344,588794]
[20210804,5367,5455,5422,5367,441074]
[20210803,5366,5386,5400,5332,435720]
[20210802,5399,5359,5418,5352,507262]
[20210730,5394,5403,5427,5377,486345]
[20210729,5253,5385,5369,5232,569721]
[20210728,5310,5257,5336,5221,688596]
[20210727,5330,5332,5339,5287,431184]
[20210726,5317,5325,5368,5278,549542]
[20210723,5291,5315,5360,5275,549500]
[20210722,5249,5308,5321,5248,472143]
[20210721,5271,5266,5295,5195,724833]
[20210720,5303,5282,5331,5257,614319]
[20210719,5475,5328,5489,5305,939708]
[20210716,5493,5465,5550,5484,442365]
[20210715,5494,5504,5532,5457,556192]
[20210714,5450,5513,5487,5429,470541]
[20210713,5452,5471,5514,5437,483622]
[20210712,5440,5469,5520,5431,518087]
[20210709,5450,5446,5489,5400,536982]
[20210708,5493,5479,5516,5415,561495]
[20210707,5565,5510,5573,5446,678240]
[20210706,5545,5552,5583,5434,409318]
[20210705,5505,5529,5565,5486,520089]
[20210702,5494,5538,5506,5426,389312]
[20210701,5380,5476,5495,5380,491283]
[20210630,5353,5392,5395,5333,417062]
[20210629,5460,5346,5472,5410,321667]
[20210628,5483,5462,5495,5372,605046]
[20210625,5445,5481,5491,5421,438469]
[20210624,5425,5454,5510,5403,521274]
[20210623,5375,5428,5448,5368,401788]
[20210622,5403,5407,5440,5376,491678]
[20210621,5404,5405,5434,5312,794020]
[20210618,5444,5415,5452,5362,833916]
[20210617,5711,5416,5728,5542,704584]
[20210616,5684,5710,5726,5641,473395]
[20210615,5750,5699,5770,5675,234720]
[20210611,5731,5708,5836,5690,632288]
[20210610,5712,5724,5749,5665,498922]
[20210609,5685,5728,5732,5658,550336]
[20210608,5672,5720,5774,5668,504655]
[20210607,5680,5715,5725,5657,467902]
[20210604,5700,5705,5700,5577,785581]
[20210603,5779,5650,5848,5760,552725]
[20210602,5917,5790,5949,5744,780209]
[20210601,5788,5904,5901,5775,559814]
[20210531,5706,5778,5837,5677,695450]
[20210528,5743,5726,5800,5710,687403]
[20210527,5858,5744,5865,5713,590823]
[20210526,5753,5827,5911,5738,499648]
[20210525,5813,5750,5850,5728,498955]
[20210524,5852,5794,5888,5695,805042]
[20210521,5840,5867,5891,5780,629998]
[20210520,5876,5843,5971,5754,994721]
[20210519,6050,5857,6073,5879,861512]
[20210518,5813,5999,6103,5791,1038218]
[20210517,5732,5818,5882,5726,667667]
[20210514,5660,5756,5736,5622,671212]
[20210513,5780,5661,5837,5645,789515]
[20210512,5724,5818,5799,5699,598174]
[20210511,5838,5728,5852,5691,724092]
[20210510,5795,5816,5868,5715,774963]
[20210507,5667,5778,5827,5654,828489]
[20210506,5530,5663,5671,5503,367945]
[20210430,5574,5546,5574,5431,682404]
[20210429,5491,5545,5592,5457,640831]
[20210428,5552,5496,5602,5475,673761]
[20210427,5509,5580,5554,5500,465391]
[20210426,5578,5519,5598,5463,778365]
[20210423,5576,5578,5586,5504,649958]
[20210422,5533,5574,5633,5511,832373]
[20210421,5488,5517,5542,5457,800297]
[20210420,5499,5472,5512,5440,636864]
[20210419,5586,5491,5593,5461,664125]
[20210416,5441,5568,5538,5432,746468]
[20210415,5424,5440,5459,5371,681466]
[20210414,5366,5396,5447,5366,618843]
[20210413,5359,5407,5382,5263,719581]
[20210412,5380,5360,5407,5337,585543]
[20210409,5428,5355,5480,5382,606426]
[20210408,5354,5458,5429,5319,716119]
[20210407,5347,5339,5396,5331,586729]
[20210406,5306,5344,5393,5281,265053]
[20210402,5233,5329,5362,5233,611644]
[20210401,5123,5283,5234,5117,791996]
[20210331,5151,5130,5180,5063,912161]
[20210330,5289,5161,5325,5223,804692]
[20210329,5341,5310,5342,5269,708351]
[20210326,5204,5317,5375,5184,1091508]
[20210325,5357,5206,5374,5294,592430]
[20210324,5431,5365,5440,5285,856554]
[20210323,5408,5382,5464,5392,602998]
[20210322,5558,5430,5577,5401,822428]
[20210319,5571,5558,5585,5485,864600]
[20210318,5494,5537,5663,5478,843250]
[20210317,5511,5491,5543,5455,693541]
[20210316,5556,5490,5586,5513,678584]
[20210315,5429,5573,5561,5371,975756]
[20210312,5557,5401,5569,5418,885192]
[20210311,5461,5558,5580,5450,880226]
[20210310,5450,5465,5551,5412,989253]
[20210309,5356,5460,5409,5290,957308]
[20210308,5320,5312,5499,5248,1389769]
[20210305,5493,5311,5531,5257,1465603]
[20210304,5602,5483,5602,5465,1148945]
[20210303,5568,5522,5661,5544,783974]
[20210302,5654,5580,5687,5453,1039900]
[20210301,5612,5650,5702,5542,1382089]
[20210226,5919,5643,5956,5636,1466282]
[20210225,5886,5931,5997,5782,1222405]
[20210224,5938,5872,5952,5797,1063517]
[20210223,5838,5928,6016,5795,1178657]
[20210222,5679,5875,5896,5679,1184749]
[20210219,5702,5722,5753,5581,951464]
[20210218,5714,5730,5767,5676,271720]
[20210210,5752,5729,5793,5636,829490]
[20210209,5712,5750,5783,5680,753943]
[20210208,5576,5693,5716,5544,1221539]
[20210205,5604,5574,5634,5486,1396485]
[20210204,5711,5619,5742,5547,1298923]
[20210203,5805,5733,5862,5595,2189550]
[20210202,6161,5849,6195,5913,2338001]
[20210201,5759,6152,6058,5625,2104060]
[20210129,5381,5749,5646,5360,2051280]
[20210128,5343,5378,5428,5265,1026741]
[20210127,5423,5342,5458,5361,639894]
[20210126,5450,5408,5500,5371,562162]
[20210125,5382,5471,5485,5328,537197]
[20210122,5508,5351,5531,5391,553961]
[20210121,5405,5521,5565,5350,797978]
[20210120,5402,5362,5465,5343,591391]
[20210119,5346,5355,5443,5331,490152]
[20210118,5394,5350,5410,5233,1156834]
[20210115,5387,5393,5527,5372,840436]
[20210114,5369,5406,5431,5334,682212]
[20210113,5403,5365,5450,5342,804457]
[20210112,5289,5401,5434,5214,1183195]
[20210111,5698,5290,5721,5238,1972582]
[20210108,5839,5691,5865,5770,783349]
[20210107,5883,5829,5909,5729,1166507]
[20210106,5927,5901,5950,5864,762302]
[20210105,5901,5924,5976,5805,1126671]
[20210104,5862,5925,5946,5850,403238]
[20201231,5743,5930,5826,5714,1088327]
[20201230,5700,5726,5779,5662,1310747]
[20201229,5730,5701,5845,5660,1443927]
[20201228,5597,5779,5854,5586,1200449]
[20201225,5578,5602,5619,5509,873656]
[20201224,5492,5583,5639,5492,1117784]
[20201223,5577,5531,5668,5444,1661806]
[20201222,5737,5620,5794,5512,1830123]
[20201221,5609,5576,5989,5557,1770955]
[20201218,5625,5619,5643,5553,1346788]
[20201217,5480,5576,5559,5367,1392506]
[20201216,5273,5490,5427,5260,1211857]
[20201215,5156,5300,5257,5149,1142319]
[20201214,5161,5173,5221,5127,910258]
[20201211,5169,5139,5268,5151,1034886]
[20201210,5215,5194,5292,5137,1143993]
[20201209,5336,5282,5397,5239,1153541]
[20201208,5159,5315,5379,5109,1470065]
[20201207,5258,5127,5298,5191,1120905]
[20201204,5260,5235,5274,5154,1128952]
[20201203,5195,5234,5238,5142,1091987]
[20201202,5098,5204,5235,5095,1367158]
[20201201,4819,5109,5013,4806,1145288]
[20201130,5060,4834,5066,4773,1562112]
[20201127,5081,4962,5097,5043,520713]
[20201126,5089,5092,5113,5036,447390]
[20201125,5041,5077,5108,4992,511065]
[20201124,5228,5004,5248,5044,861877]
[20201123,5255,5235,5323,5243,528667]
[20201120,5228,5251,5269,5158,648870]
[20201119,5287,5211,5375,5200,698338]
[20201118,5357,5306,5388,5289,494085]
[20201117,5325,5370,5419,5293,583025]
[20201116,5313,5318,5474,5313,693474]
[20201113,5275,5388,5316,5260,455922]
[20201112,5286,5266,5327,5176,997682]
[20201111,5268,5276,5320,5258,591065]
[20201110,5376,5263,5418,5197,1401777]
[20201109,5628,5362,5670,5551,1203191]
[20201106,5487,5636,5606,5419,1265565]
[20201105,5326,5463,5376,5266,878823]
[20201104,5391,5312,5435,5192,1288740]
[20201103,5316,5398,5367,5278,837310]
[20201102,5197,5333,5318,5158,1199657]
[20201030,5000,5227,5194,4966,1475492]
[20201029,5247,4994,5247,5092,1407490]
[20201028,5379,5177,5439,5348,781664]
[20201027,5313,5382,5414,5302,968711]
[20201026,5441,5332,5459,5269,1126383]
[20201023,5439,5446,5466,5369,1110175]
[20201022,5544,5444,5575,5420,1310821]
[20201021,5440,5554,5526,5399,1201757]
[20201020,5474,5418,5481,5362,1102325]
[20201019,5355,5445,5481,5293,1489734]
[20201016,5231,5354,5395,5191,1473516]
[20201015,5412,5197,5435,5289,1255079]
[20201014,5484,5413,5484,5261,1708653]
[20201013,5609,5445,5609,5455,1211809]
[20201012,5374,5565,5674,5370,1489557]
[20201009,5296,5389,5358,5286,348974]
[20200930,5261,5296,5328,5230,1249761]
[20200929,5139,5256,5283,5138,1487232]
[20200928,5115,5226,5179,5005,1855149]
[20200925,4975,5119,5218,4940,2751656]
[20200924,5167,4963,5245,4875,2872978]
[20200923,5438,5213,5519,5085,2561249]
[20200922,5875,5478,5918,5445,3087947]
[20200921,6064,5895,6113,5975,1096435]
[20200918,6030,6031,6122,5911,1454812]
[20200917,6174,5951,6206,6013,1298379]
[20200916,6223,6195,6233,6118,1018193]
[20200915,6172,6216,6238,6148,1058820]
[20200914,6149,6165,6181,6071,1120865]
[20200911,6289,6171,6303,6091,1447671]
[20200910,6161,6276,6276,6149,1480701]
[20200909,6133,6192,6221,5953,2526451]
[20200908,6183,6103,6253,6152,1170115]
[20200907,6154,6199,6307,6086,2285944]
[20200904,6259,6116,6352,6087,3025706]
[20200903,6455,6269,6472,6194,2226971]
[20200902,6632,6452,6649,6458,1658246]
[20200901,6476,6630,6658,6460,1574304]
[20200831,6361,6487,6532,6324,1735897]
[20200828,6279,6341,6448,6160,2923017]
[20200827,6059,6420,6318,6049,2437373]
[20200826,6076,6071,6105,6013,1522492]
[20200825,6191,6093,6211,6043,2106532]
[20200824,6133,6162,6176,5984,2948118]
[20200821,6380,6122,6432,6292,2464549]
[20200820,6543,6367,6599,6271,4492202]
[20200819,6791,6593,6816,6456,4993391]
[20200818,6554,6762,6714,6509,3134250]
[20200817,6395,6579,6541,6191,4804437]
[20200814,6364,6449,6716,6332,4474249]
[20200813,6278,6370,6348,6138,2863997]
[20200812,6601,6263,6646,6417,1752174]
[20200811,6927,6542,7146,6707,4071994]
[20200810,6924,6898,6971,6665,3209769]
[20200807,6819,6869,7103,6769,3096218]
[20200806,6466,6872,6785,6423,2756929]
[20200805,5950,6523,6415,5940,3406688]
[20200804,5944,5961,5993,5900,1144840]
[20200803,5957,5918,5989,5835,2057763]
[20200731,5685,5925,5982,5674,2640782]
[20200730,5992,5747,6010,5734,2031254]
[20200729,5873,5992,6052,5822,2786187]
[20200728,5955,5873,6224,5875,2574543]
[20200727,5587,5988,6028,5566,2595483]
[20200724,5551,5638,5683,5526,1893176]
[20200723,5488,5572,5638,5375,2126014]
[20200722,5198,5438,5325,5160,660472]
[20200721,4852,5178,5057,4851,1215897]
[20200720,4749,4869,4797,4745,684653]
[20200717,4771,4766,4801,4692,807203]
[20200716,4801,4772,4810,4755,821508]
[20200715,4771,4773,4816,4754,730843]
[20200714,4763,4773,4826,4725,1126586]
[20200713,4665,4795,4764,4640,916112]
[20200710,4715,4675,4734,4607,1191109]
[20200709,4633,4726,4724,4633,1041725]
[20200708,4541,4652,4614,4534,650011]
[20200707,4591,4553,4619,4548,672544]
[20200706,4548,4602,4567,4528,458789]
[20200703,4504,4547,4571,4482,797709]
[20200702,4604,4506,4607,4506,1035499]
[20200701,4511,4590,4628,4494,1097450]
[20200630,4491,4501,4520,4474,477931]
[20200629,4538,4486,4546,4500,223341]
[20200624,4521,4536,4548,4506,644249]
[20200623,4555,4524,4560,4478,871552]
[20200622,4483,4538,4573,4461,1048297]
[20200619,4416,4475,4463,4387,670510]
[20200618,4433,4419,4453,4411,556932]
[20200617,4405,4437,4448,4375,967738]
[20200616,4315,4382,4416,4304,1012263]
[20200615,4472,4320,4499,4332,1287924]
[20200612,4534,4471,4571,4401,1268785]
[20200611,4556,4541,4573,4455,1041723]
[20200610,4487,4544,4518,4479,584192]
[20200609,4481,4495,4500,4430,727662]
[20200608,4402,4447,4506,4380,850829]
[20200605,4528,4400,4538,4480,857262]
[20200604,4501,4521,4527,4452,1146776]
[20200603,4656,4500,4671,4520,1388848]
[20200602,4650,4660,4683,4606,898487]
[20200601,4558,4623,4697,4552,1131394]
[20200530,4547,4562,4587,4547,0]
[20200529,4281,4558,4344,4273,1285845]
[20200528,4185,4280,4310,4148,1300167]
[20200527,4284,4156,4310,4194,1108409]
[20200526,4195,4285,4319,4180,951142]
[20200525,4198,4193,4250,4153,1036052]
[20200522,4226,4199,4247,4102,1257070]
[20200521,4289,4227,4325,4191,863876]
[20200520,4203,4276,4346,4195,991597]
[20200519,4243,4246,4260,4140,814063]
[20200518,4090,4190,4248,4031,633948]
[20200515,3834,4085,4034,3813,641255]
[20200514,3839,3823,3863,3786,308863]
[20200513,3806,3844,3847,3796,336993]
[20200512,3821,3805,3835,3783,310274]
[20200511,3797,3823,3846,3768,569730]
[20200508,3713,3786,3836,3706,520428]
[20200507,3699,3716,3707,3677,243949]
[20200506,3645,3683,3735,3639,132599]
[20200430,3602,3688,3646,3590,14515]
[20200429,3580,3609,3619,3578,14786]
[20200428,3619,3597,3623,3530,24300]
[20200427,3646,3601,3675,3610,17907]
[20200424,3613,3656,3663,3605,22791]
[20200423,3569,3625,3669,3553,28637]
[20200422,3576,3566,3576,3483,31349]
[20200421,3619,3547,3668,3609,32685]
[20200420,3594,3642,3931,3565,29713]
[20200417,3713,3586,3713,3573,32732]
[20200416,3632,3683,3728,3630,25718]
[20200415,3735,3642,3772,3643,24788]
[20200414,3649,3760,3758,3649,27037]
[20200413,3701,3671,3701,3589,25463]
[20200410,3722,3693,3722,3666,10092]
[20200409,3721,3674,3727,3695,140487]
[20200408,3684,3713,3739,3667,217718]
[20200407,3809,3681,3810,3727,226631]
[20200403,3550,3736,3584,3534,231348]
[20200402,3410,3558,3518,3403,273426]
[20200401,3435,3425,3442,3406,173282]
[20200331,3410,3419,3465,3410,213847]
[20200330,3522,3445,3526,3367,376127]
[20200327,3543,3411,3607,3537,307118]
[20200326,3556,3583,3562,3503,326114]
[20200325,3541,3530,3570,3478,441565]
[20200324,3355,3523,3355,3260,334598]
[20200323,3119,3355,3176,3085,443779]
[20200320,2985,3130,3151,2983,555996]
[20200319,2967,3024,3004,2874,550374]
[20200318,3098,2953,3145,2962,565437]
[20200317,3230,3102,3230,3230,4431]
[20200316,3592,3230,3608,3582,199486]
[20200313,3805,3582,3861,3787,347276]
[20200312,4095,3804,4106,3976,401528]
[20200311,4112,4066,4136,4098,183687]
[20200310,4054,4124,4128,4028,384369]
[20200309,4200,4075,4208,3977,710504]
[20200306,4227,4157,4237,4187,253129]
[20200305,4174,4221,4180,4153,134097]
[20200304,4193,4178,4201,4164,262521]
[20200303,4097,4176,4140,4079,286583]
[20200302,4102,4129,4150,4087,369995]
[20200228,4275,4109,4289,4064,40745]
[20200227,4318,4248,4348,4308,24136]
[20200226,4325,4323,4367,4317,28528]
[20200225,4436,4358,4458,4372,27538]
[20200224,4467,4449,4518,4462,21362]
[20200221,4420,4512,4459,4409,23549]
[20200220,4390,4416,4422,4370,21724]
[20200219,4341,4371,4392,4341,23458]
[20200218,4261,4371,4297,4261,13286]
[20200217,4244,4274,4274,4242,13841]
[20200214,4224,4264,4237,4214,9900]
[20200213,4198,4230,4226,4198,10831]
[20200212,4223,4204,4231,4177,20530]
[20200211,4251,4224,4259,4243,10918]
[20200210,4251,4259,4267,4246,9821]
[20200207,4264,4266,4279,4245,124698]
[20200206,4236,4270,4245,4224,109100]
[20200205,4233,4241,4261,4211,170854]
[20200204,4262,4224,4263,4232,128982]
[20200203,4295,4257,4305,4264,160009]
[20200123,4305,4276,4327,4293,21947]
[20200122,4362,4311,4362,4274,38590]
[20200121,4341,4344,4389,4335,16227]
[20200120,4342,4345,4373,4321,16546]
[20200117,4343,4366,4353,4318,15180]
[20200116,4317,4340,4354,4293,16111]
[20200115,4279,4304,4334,4279,16213]
[20200114,4360,4294,4372,4263,23230]
[20200113,4357,4365,4404,4335,27130]
[20200110,4377,4352,4386,4342,21741]
[20200109,4493,4370,4502,4337,957455]
[20200108,4436,4467,4619,4433,885284]
[20200107,4541,4443,4544,4410,160512]
[20200106,4462,4537,4556,4432,139052]
[20200103,4396,4456,4492,4396,126095]
[20200102,4430,4413,4430,4370,25188]
[20191231,4379,4397,4448,4363,46814]
[20191230,4388,4380,4406,4368,45008]
[20191227,4415,4382,4426,4363,55582]
[20191226,4354,4412,4427,4339,23790]
[20191225,4336,4355,4361,4316,9258]
[20191224,4271,4320,4339,4253,11714]
[20191223,4209,4263,4271,4209,13230]
[20191220,4181,4211,4217,4181,6130]
[20191219,4200,4186,4200,4167,3800]
[20191218,4197,4181,4208,4179,3504]
[20191217,4195,4195,4204,4178,2714]
[20191216,4165,4190,4198,4130,119572]
[20191213,4176,4163,4235,4120,123648]
[20191212,4125,4188,4187,4122,77908]
[20191211,4129,4124,4137,4113,54308]
[20191210,4132,4130,4137,4113,47596]
[20191209,4192,4129,4214,4099,136550]
[20191206,4206,4199,4224,4178,76928]
[20191205,4272,4222,4278,4200,107700]
[20191204,4192,4250,4295,4191,120406]
[20191203,4162,4204,4183,4162,57088]
[20191202,4168,4171,4197,4155,981460]
[20191129,4172,4162,4175,4158,1124]
[20191128,4184,4163,4189,4165,977190]
[20191127,4158,4179,4202,4144,1360618]
[20191126,4154,4161,4175,4131,1048942]
[20191125,4211,4151,4212,4146,1230892]
[20191122,4203,4206,4212,4184,1039120]
[20191121,4202,4186,4222,4186,1040200]
[20191120,4208,4202,4230,4171,1307310]
[20191119,4129,4211,4230,4128,1539434]
[20191118,4145,4137,4176,4144,830760]
[20191115,4197,4158,4207,4139,1220666]
[20191114,4192,4196,4206,4159,1002228]
[20191113,4135,4191,4199,4109,933514]
[20191112,4146,4141,4171,4104,769094]
[20191111,4122,4142,4173,4114,674166]
[20191108,4312,4127,4319,4145,1074044]
[20191107,4306,4310,4348,4291,558828]
[20191106,4430,4306,4431,4302,860394]
[20191105,4477,4429,4504,4436,426356]
[20191104,4452,4500,4482,4443,351094]
[20191101,4470,4455,4492,4455,416992]
[20191031,4430,4459,4452,4392,272334]
[20191030,4404,4423,4449,4388,240046]
[20191029,4464,4404,4470,4402,242600]
[20191028,4541,4458,4555,4436,323736]
[20191025,4385,4552,4493,4380,299130]
[20191024,4385,4406,4392,4362,117904]
[20191023,4370,4382,4391,4353,166648]
[20191022,4420,4380,4455,4350,192814]
[20191021,4376,4447,4428,4354,175580]
[20191018,4369,4378,4396,4351,1172312]
[20191017,4355,4358,4370,4322,1246930]
[20191016,4389,4351,4399,4300,1656374]
[20191015,4375,4376,4420,4369,1269092]
[20191014,4362,4373,4397,4336,1985800]
[20191011,4419,4385,4434,4362,1863190]
[20191010,4470,4432,4487,4420,1608532]
[20191009,4418,4479,4501,4409,1682002]
[20191008,4328,4466,4382,4317,418856]
[20190930,4398,4362,4405,4313,2341298]
[20190927,4483,4367,4532,4354,2293950]
[20190926,4640,4503,4659,4490,2823620]
[20190925,4644,4640,4678,4579,2650630]
[20190924,4625,4630,4692,4614,1990086]
[20190923,4468,4653,4617,4451,1942484]
[20190920,4482,4458,4499,4458,1223962]
[20190919,4484,4485,4502,4388,2020304]
[20190918,4468,4487,4521,4463,1460076]
[20190917,4458,4488,4502,4443,1471986]
[20190916,4440,4461,4499,4426,580674]
[20190912,4543,4485,4552,4485,1864964]
[20190911,4503,4510,4575,4483,2539840]
[20190910,4565,4529,4572,4447,3018994]
[20190909,4685,4548,4722,4434,4224240]
[20190906,4842,4720,4859,4640,4840484]
[20190905,4888,4854,4917,4841,2685870]
[20190904,4696,4908,4898,4693,4102580]
[20190903,4629,4745,4692,4622,2104046]
[20190902,4647,4638,4664,4591,2219362]
[20190830,4723,4649,4723,4591,28084]
[20190829,4667,4690,4723,4608,23526]
[20190828,4546,4640,4660,4546,36384]
[20190827,4437,4580,4537,4437,20076]
[20190826,4294,4473,4511,4294,19948]
[20190823,4308,4317,4317,4274,21864]
[20190822,4287,4279,4310,4277,34730]
[20190821,4268,4284,4318,4265,46306]
[20190820,4254,4281,4272,4233,43942]
[20190819,4312,4252,4317,4253,1303252]
[20190816,4303,4311,4346,4297,1233170]
[20190815,4308,4316,4361,4270,2215736]
[20190814,4382,4309,4389,4161,2779386]
[20190813,4269,4375,4403,4266,1928240]
[20190812,4265,4274,4303,4243,1556874]
[20190809,4253,4270,4315,4234,1674926]
[20190808,4262,4261,4328,4254,2638298]
[20190807,4114,4270,4231,4109,2174166]
[20190806,4141,4116,4166,4079,1998278]
[20190805,3970,4151,4163,3967,2453310]
[20190802,3942,3976,4031,3929,1498666]
[20190801,4041,3932,4047,3937,1627292]
[20190731,4045,4037,4064,4031,13076]
[20190730,4033,4050,4045,4018,14380]
[20190729,4034,4028,4055,4014,1104094]
[20190726,4042,4042,4055,4004,1170956]
[20190725,4066,4035,4087,4023,1347892]
[20190724,4056,4082,4079,4025,1541578]
[20190723,4022,4035,4039,3974,1262404]
[20190722,4035,4016,4101,3954,3216388]
[20190719,3961,4052,4058,3950,1822904]
[20190718,3859,3970,3984,3855,1967676]
[20190717,3789,3871,3860,3784,1222866]
[20190716,3763,3787,3799,3755,478606]
[20190715,3725,3759,3762,3723,299940]
[20190712,3745,3729,3751,3723,240330]
[20190711,3751,3741,3762,3731,377250]
[20190710,3727,3755,3739,3716,256942]
[20190709,3731,3728,3734,3711,235798]
[20190708,3745,3728,3745,3701,499532]
[20190705,3758,3738,3772,3754,220596]
[20190704,3775,3759,3783,3754,338072]
[20190703,3724,3777,3831,3716,753528]
[20190702,3738,3718,3746,3721,296888]
[20190701,3759,3726,3773,3711,463778]
[20190628,3760,3761,3785,3744,439238]
[20190627,3777,3760,3791,3751,404476]
[20190626,3798,3773,3824,3759,688006]
[20190625,3784,3802,3828,3779,609350]
[20190624,3785,3783,3805,3757,470260]
[20190621,3779,3785,3819,3771,733882]
[20190620,3713,3786,3794,3705,683602]
[20190619,3725,3713,3733,3692,502000]
[20190618,3709,3725,3719,3696,284838]
[20190617,3739,3704,3751,3689,508452]
[20190614,3692,3732,3749,3687,501138]
[20190613,3697,3694,3703,3675,337396]
[20190612,3669,3695,3711,3658,419688]
[20190611,3688,3665,3695,3656,375166]
[20190610,3726,3691,3727,3686,215810]
[20190606,3714,3707,3743,3677,579980]
[20190605,3674,3727,3705,3670,432958]
[20190604,3674,3675,3687,3665,382396]
[20190603,3640,3669,3672,3635,481928]
[20190531,3625,3643,3644,3620,296532]
[20190530,3624,3624,3632,3604,232056]
[20190529,3611,3627,3623,3598,357900]
[20190528,3648,3609,3652,3632,128700]
[20190527,3647,3647,3655,3636,179146]
[20190524,3649,3647,3660,3640,306616]
[20190523,3631,3642,3637,3622,171268]
[20190522,3622,3626,3630,3613,248966]
[20190521,3625,3626,3636,3619,181918]
[20190520,3628,3623,3635,3616,258610]
[20190517,3675,3629,3682,3633,437840]
[20190516,3685,3680,3691,3677,219084]
[20190515,3697,3684,3703,3671,243352]
[20190514,3669,3694,3707,3667,402478]
[20190513,3666,3682,3671,3653,204736]
[20190510,3652,3663,3674,3648,258020]
[20190509,3675,3653,3687,3649,232874]
[20190508,3649,3677,3676,3649,159466]
[20190507,3639,3657,3665,3637,139770]
[20190506,3661,3637,3670,3645,82598]
[20190430,3663,3656,3667,3647,155856]
[20190429,3675,3661,3687,3666,204272]
[20190426,3654,3670,3676,3653,228300]
[20190425,3636,3661,3661,3628,265948]
[20190424,3629,3630,3636,3597,206016]
[20190423,3673,3624,3677,3649,170310]
[20190422,3657,3674,3682,3655,168686]
[20190419,3655,3657,3666,3650,134036]
[20190418,3663,3654,3668,3642,172598]
[20190417,3647,3661,3665,3638,222878]
[20190416,3637,3641,3663,3633,237492]
[20190415,3672,3638,3680,3640,276164]
[20190412,3668,3670,3684,3649,320728]
[20190411,3711,3674,3724,3702,192780]
[20190410,3731,3705,3731,3700,220362]
[20190409,3723,3727,3734,3710,177126]
[20190408,3696,3728,3711,3695,104792]
[20190404,3682,3697,3701,3677,187016]
[20190403,3665,3682,3704,3659,271646]
[20190402,3688,3664,3694,3672,211164]
[20190401,3678,3691,3684,3662,246256]
[20190329,3693,3681,3695,3647,455896]
[20190328,3741,3682,3749,3709,302082]
[20190327,3756,3749,3766,3739,271892]
[20190326,3777,3764,3786,3759,249152]
[20190325,3760,3776,3770,3753,228830]
[20190322,3773,3764,3777,3753,264068]
[20190321,3732,3769,3783,3717,412816]
[20190320,3741,3738,3753,3725,167218]
[20190319,3735,3748,3744,3728,176884]
[20190318,3724,3736,3733,3702,220488]
[20190315,3708,3716,3730,3679,406612]
[20190314,3750,3691,3757,3717,299416]
[20190313,3753,3752,3756,3737,172102]
[20190312,3730,3749,3750,3713,232254]
[20190311,3707,3730,3748,3702,485226]
[20190308,3693,3704,3711,3669,364680]
[20190307,3690,3691,3707,3682,275956]
[20190306,3679,3699,3702,3668,345520]
[20190305,3688,3680,3697,3664,587998]
[20190304,3779,3691,3784,3698,713960]
[20190301,3815,3778,3823,3779,431048]
[20190228,3837,3822,3849,3798,473108]
[20190227,3836,3845,3856,3835,303886]
[20190226,3867,3845,3868,3834,371656]
[20190225,3853,3855,3879,3850,404814]
[20190222,3864,3854,3877,3846,330396]
[20190221,3900,3875,3923,3870,430490]
[20190220,3884,3906,3926,3879,557180]
[20190219,3878,3895,3896,3867,252434]
[20190218,3844,3874,3880,3832,370208]
[20190215,3814,3843,3842,3810,312418]
[20190214,3848,3820,3871,3826,401792]
[20190213,3871,3846,3876,3846,282472]
[20190212,3855,3876,3874,3853,245262]
[20190211,3862,3866,3872,3856,95756]
[20190201,3887,3867,3904,3866,367276]
[20190131,3876,3891,3895,3854,386462]
[20190130,3882,3867,3900,3865,468694]
[20190129,3850,3891,3877,3835,486022]
[20190128,3782,3849,3870,3777,682806]
[20190125,3775,3781,3793,3773,268874]
[20190124,3803,3782,3806,3779,323224]
[20190123,3789,3803,3801,3783,320464]
[20190122,3770,3795,3790,3766,335360]
[20190121,3833,3780,3837,3784,510216]
[20190118,3844,3817,3862,3830,464918]
[20190117,3830,3839,3853,3826,298512]
[20190116,3844,3832,3863,3824,519178]
[20190115,3850,3840,3862,3843,342834]
[20190114,3854,3857,3868,3835,500320]
[20190111,3884,3866,3888,3844,591424]
[20190110,3874,3884,3907,3872,590190]
[20190109,3876,3880,3893,3865,414222]
[20190108,3917,3872,3928,3856,604128]
[20190107,3903,3920,3923,3875,736558]
[20190104,3891,3910,3947,3878,725866]
[20190103,3840,3889,3900,3831,651318]
[20190102,3833,3836,3851,3820,234828]
[20181228,3785,3827,3836,3777,658370]
[20181227,3746,3778,3808,3746,684918]
[20181226,3730,3755,3762,3730,273186]
[20181225,3718,3757,3734,3717,196184]
[20181224,3713,3723,3728,3706,239012]
[20181221,3713,3718,3732,3710,305258]
[20181220,3705,3720,3741,3689,403506]
[20181219,3696,3708,3715,3695,197788]
[20181218,3699,3700,3711,3693,215168]
[20181217,3693,3695,3700,3680,221576]
[20181214,3709,3694,3719,3697,235368]
[20181213,3705,3710,3725,3703,267048]
[20181212,3709,3706,3722,3694,305740]
[20181211,3708,3710,3709,3689,265568]
[20181210,3667,3704,3716,3667,436616]
[20181207,3653,3669,3675,3653,284244]
[20181206,3664,3659,3675,3660,185884]
[20181205,3674,3668,3686,3657,291542]
[20181204,3660,3668,3687,3655,319536]
[20181203,3648,3667,3660,3616,361330]
[20181130,3653,3641,3666,3648,181616]
[20181129,3620,3659,3666,3617,320852]
[20181128,3641,3621,3644,3613,254146]
[20181127,3648,3638,3652,3625,215764]
[20181126,3651,3646,3654,3635,304840]
[20181123,3682,3647,3686,3663,149874]
[20181122,3672,3679,3691,3666,260850]
[20181121,3674,3669,3691,3640,313074]
[20181120,3662,3680,3675,3660,162908]
[20181119,3651,3665,3680,3646,280256]
[20181116,3626,3654,3660,3625,236668]
[20181115,3604,3629,3641,3597,267470]
[20181114,3623,3608,3635,3601,252712]
[20181113,3637,3623,3638,3617,192996]
[20181112,3668,3631,3670,3633,312118]
[20181109,3699,3662,3701,3661,250982]
[20181108,3715,3699,3718,3693,153786]
[20181107,3722,3712,3723,3689,160580]
[20181106,3721,3720,3729,3706,124042]
[20181105,3711,3715,3743,3708,166706]
[20181102,3704,3719,3737,3700,241840]
[20181101,3671,3707,3677,3652,189594]
[20181031,3693,3663,3707,3679,203212]
[20181030,3746,3701,3752,3692,236378]
[20181029,3744,3749,3770,3736,239174]
[20181026,3764,3746,3768,3736,225504]
[20181025,3746,3760,3778,3741,209224]
[20181024,3759,3754,3770,3751,202936]
[20181023,3718,3767,3728,3706,167148]
[20181022,3727,3716,3731,3714,178844]
[20181019,3698,3727,3727,3694,227406]
[20181018,3724,3697,3730,3676,262014]
[20181017,3736,3724,3745,3704,202850]
[20181016,3736,3741,3740,3710,235782]
[20181015,3718,3724,3730,3702,248974]
[20181012,3694,3716,3711,3683,312100]
[20181011,3660,3692,3670,3649,193178]
[20181010,3668,3667,3677,3654,168318]
[20181009,3658,3667,3679,3658,190006]
[20181008,3705,3668,3706,3668,98108]
[20180928,3639,3677,3640,3614,249618]
[20180927,3654,3626,3679,3650,213142]
[20180926,3641,3653,3683,3637,291494]
[20180925,3635,3651,3648,3623,130284]
[20180921,3622,3641,3668,3614,377208]
[20180920,3578,3628,3621,3567,370810]
[20180919,3576,3571,3579,3557,222892]
[20180918,3570,3573,3579,3563,175360]
[20180917,3577,3573,3580,3553,244500]
[20180914,3583,3576,3594,3567,216184]
[20180913,3555,3584,3580,3552,219262]
[20180912,3552,3558,3568,3527,298450]
[20180911,3571,3556,3577,3562,128216]
[20180910,3559,3577,3580,3549,263894]
[20180907,3569,3561,3582,3552,257628]
[20180906,3553,3568,3570,3553,173508]
[20180905,3560,3564,3566,3541,368710]
[20180904,3637,3556,3646,3596,273058]
[20180903,3667,3634,3672,3624,420846]
[20180831,3682,3662,3685,3647,344738]
[20180830,3687,3684,3699,3674,227380]
[20180829,3711,3695,3715,3672,290208]
[20180828,3703,3708,3721,3700,219262]
[20180827,3694,3701,3713,3691,321910]
[20180824,3683,3696,3691,3671,242106]
[20180823,3714,3686,3717,3669,349940]
[20180822,3705,3709,3713,3695,210270]
[20180821,3705,3708,3717,3690,259040]
[20180820,3697,3708,3715,3690,259648]
[20180817,3689,3694,3728,3681,385004]
[20180816,3757,3689,3757,3645,840504]
[20180815,3799,3746,3802,3767,348464]
[20180814,3836,3797,3838,3787,475818]
[20180813,3848,3833,3856,3835,263846]
[20180810,3849,3847,3857,3839,211890]
[20180809,3840,3850,3853,3838,165492]
[20180808,3855,3842,3855,3834,211680]
[20180807,3846,3851,3858,3845,161286]
[20180806,3857,3850,3882,3854,333574]
[20180803,3857,3859,3860,3839,171830]
[20180802,3856,3856,3861,3843,194278]
[20180801,3860,3858,3869,3847,265016]
[20180731,3862,3857,3869,3860,145252]
[20180730,3860,3862,3867,3850,174092]
[20180727,3864,3862,3869,3845,190178]
[20180726,3864,3862,3871,3858,143234]
[20180725,3857,3869,3871,3857,207758]
[20180724,3850,3862,3855,3843,167776]
[20180723,3844,3846,3859,3839,268226]
[20180720,3812,3844,3845,3807,327324]
[20180719,3827,3817,3849,3823,313832]
[20180718,3866,3829,3870,3816,584086]
[20180717,3883,3860,3885,3861,314202]
[20180716,3891,3874,3897,3880,220202]
[20180713,3896,3894,3909,3892,158548]
[20180712,3907,3896,3911,3882,309374]
[20180711,3916,3910,3920,3897,224682]
[20180710,3920,3917,3933,3908,228056]
[20180709,3912,3925,3928,3909,192854]
[20180706,3913,3917,3923,3906,226272]
[20180705,3916,3913,3918,3905,150630]
[20180704,3914,3912,3935,3908,279410]
[20180703,3907,3909,3911,3888,248816]
[20180702,3907,3907,3925,3902,236366]
[20180629,3909,3907,3921,3892,291842]
[20180628,3916,3909,3926,3902,283916]
[20180627,3909,3921,3931,3907,206256]
[20180626,3921,3912,3925,3916,162596]
[20180625,3920,3920,3933,3912,286726]
[20180622,3896,3915,3924,3896,262176]
[20180621,3899,3900,3903,3883,252114]
[20180620,3892,3899,3906,3888,255698]
[20180619,3900,3900,3928,3869,371726]
[20180615,4059,3918,4059,4026,562236]
[20180614,3978,4037,4033,3970,686706]
[20180613,3964,3987,3986,3960,305336]
[20180612,3971,3971,3988,3964,385990]
[20180611,3938,3969,4000,3930,667482]
[20180608,3946,3941,3965,3919,579236]
[20180607,3923,3954,3934,3913,358336]
[20180606,3894,3923,3917,3891,298314]
[20180605,3914,3900,3914,3886,247522]
[20180604,3893,3913,3916,3891,214466]
[20180601,3912,3904,3923,3901,206334]
[20180531,3902,3911,3925,3896,329746]
[20180530,3890,3902,3900,3881,253462]
[20180529,3893,3885,3906,3889,147262]
[20180528,3930,3891,3930,3889,267624]
[20180525,3919,3926,3928,3913,291068]
[20180524,3892,3916,3907,3886,200500]
[20180523,3920,3889,3921,3901,210308]
[20180522,3902,3916,3906,3892,198888]
[20180521,3890,3901,3908,3870,271718]
[20180518,3896,3890,3903,3889,152378]
[20180517,3870,3896,3896,3866,202868]
[20180516,3876,3876,3884,3861,249602]
[20180515,3935,3872,3941,3902,257392]
[20180514,3961,3937,3966,3943,224066]
[20180511,3953,3965,3958,3943,268310]
[20180510,3928,3947,3943,3925,270798]
[20180509,3923,3932,3938,3901,308426]
[20180508,3923,3921,3929,3919,112938]
[20180507,3918,3926,3932,3910,155318]
[20180504,3923,3914,3924,3905,118610]
[20180503,3902,3916,3925,3889,203328]
[20180502,3878,3898,3898,3870,90504]
[20180427,3937,3885,3941,3910,252332]
[20180426,3930,3934,3945,3926,191672]
[20180425,3943,3935,3962,3937,193910]
[20180424,3959,3948,3965,3940,362416]
[20180423,4020,3957,4028,3994,306470]
[20180420,4035,4022,4041,4013,383150]
[20180419,3990,4022,4037,3983,629444]
[20180418,3916,3997,3952,3912,311018]
[20180417,3931,3921,3938,3917,197712]
[20180416,3908,3931,3941,3906,270578]
[20180413,3916,3909,3918,3888,280006]
[20180412,3927,3915,3960,3920,457942]
[20180411,3916,3928,3924,3909,225618]
[20180410,3903,3920,3917,3897,202646]
[20180409,3899,3904,3906,3895,72186]
[20180404,3916,3900,3916,3883,202618]
[20180403,3920,3904,3933,3913,246672]
[20180402,3881,3920,3902,3876,177926]
[20180330,3861,3887,3888,3857,220850]
[20180329,3911,3868,3914,3860,476822]
[20180328,3945,3908,3950,3913,289106]
[20180327,3956,3946,3972,3950,276640]
[20180326,3965,3955,3977,3950,282926]
[20180323,3947,3974,3968,3932,441912]
[20180322,3904,3949,3969,3902,561342]
[20180321,3904,3908,3904,3878,287600]
[20180320,3897,3898,3917,3897,230640]
[20180319,3933,3898,3941,3885,502992]
[20180316,3943,3937,3948,3923,339198]
[20180315,3958,3943,3961,3949,195746]
[20180314,3963,3959,3974,3945,287396]
[20180313,3949,3962,3961,3946,202498]
[20180312,3949,3950,3988,3930,525994]
[20180309,3962,3945,3975,3941,327818]
[20180308,3978,3964,3982,3950,402888]
[20180307,3976,3974,4007,3968,466400]
[20180306,3961,3973,3965,3944,264476]
[20180305,3953,3959,3977,3948,355136]
[20180302,3926,3950,3962,3916,414894]
[20180301,3955,3927,3965,3935,298144]
[20180228,3988,3953,3989,3938,457108]
[20180227,3991,3967,4003,3978,331676]
[20180226,3970,3996,4009,3960,427436]
[20180223,3950,3973,3978,3948,276314]
[20180222,3958,3957,3958,3930,93650]
[20180214,3980,3943,3991,3954,283280]
[20180213,3955,3979,3990,3948,281254]
[20180212,3943,3955,3965,3921,439374]
[20180209,3941,3945,3987,3940,359754]
[20180208,3971,3957,3979,3916,570482]
[20180207,4007,3968,4016,3982,376564]
[20180206,4011,4006,4072,3996,483632]
[20180205,4095,4009,4103,3994,714176]
[20180202,4108,4101,4114,4090,268672]
[20180201,4116,4105,4123,4105,210978]
[20180131,4112,4114,4131,4098,241896]
[20180130,4139,4120,4147,4097,356208]
[20180129,4160,4141,4173,4154,263608]
[20180126,4182,4161,4199,4151,368246]
[20180125,4144,4184,4211,4142,562542]
[20180124,4119,4147,4123,4082,411364]
[20180123,4120,4120,4133,4114,221596]
[20180122,4120,4115,4127,4114,190442]
[20180119,4130,4117,4139,4110,296390]
[20180118,4166,4130,4166,4125,307964]
[20180117,4171,4161,4181,4150,338816]
[20180116,4210,4162,4213,4188,219298]
[20180115,4175,4210,4221,4157,428992]
[20180112,4164,4182,4176,4129,390404]
[20180111,4178,4167,4181,4157,205788]
[20180110,4174,4178,4175,4149,250886]
[20180109,4175,4173,4184,4166,216458]
[20180108,4170,4176,4195,4163,331844]
[20180105,4171,4173,4194,4156,299712]
[20180104,4185,4166,4199,4152,345570]
[20180103,4192,4186,4213,4180,298800]
[20180102,4182,4190,4194,4174,102438]
[20171229,4168,4183,4181,4151,219586]
[20171228,4151,4153,4184,4148,249156]
[20171227,4130,4154,4144,4127,181314]
[20171226,4121,4131,4126,4110,129508]
[20171225,4074,4116,4127,4070,414370]
[20171222,4067,4075,4085,4059,231548]
[20171221,4086,4067,4089,4071,200908]
[20171220,4083,4083,4088,4068,192366]
[20171219,4081,4081,4092,4065,264374]
[20171218,4066,4077,4088,4062,360420]
[20171215,4070,4071,4076,4044,311552]
[20171214,3993,4075,4085,3991,499606]
[20171213,4002,3998,4009,3980,257886]
[20171212,4018,4006,4020,3996,228332]
[20171211,4007,4014,4026,3975,368218]
[20171208,4000,4002,4008,3982,312584]
[20171207,4067,4000,4076,4015,426866]
[20171206,4114,4074,4118,4063,435566]
[20171205,4126,4107,4137,4116,207870]
[20171204,4124,4137,4162,4092,567818]
[20171201,4164,4132,4166,4127,313430]
[20171130,4238,4164,4243,4154,436114]
[20171129,4281,4234,4283,4228,401844]
[20171128,4280,4282,4297,4269,342796]
[20171127,4273,4282,4283,4263,250340]
[20171124,4278,4274,4292,4272,174986]
[20171123,4274,4278,4288,4272,209534]
[20171122,4273,4275,4285,4268,156504]
[20171121,4301,4274,4308,4264,235068]
[20171120,4279,4306,4320,4270,209234]
[20171117,4278,4279,4287,4275,111680]
[20171116,4285,4281,4295,4269,181196]
[20171115,4273,4290,4292,4261,165102]
[20171114,4270,4276,4289,4260,146964]
[20171113,4292,4265,4300,4260,217080]
[20171110,4297,4298,4308,4278,199236]
[20171109,4292,4296,4303,4282,193752]
[20171108,4285,4290,4300,4274,173554]
[20171107,4261,4291,4309,4258,287994]
[20171106,4292,4264,4305,4249,304442]
[20171103,4279,4296,4301,4277,182488]
[20171102,4248,4281,4288,4239,352412]
[20171101,4238,4245,4252,4218,249550]
[20171031,4237,4238,4255,4233,168788]
[20171030,4218,4242,4259,4215,313266]
[20171027,4281,4222,4295,4226,380836]
[20171026,4276,4287,4296,4275,187056]
[20171025,4289,4294,4291,4274,188912]
[20171024,4276,4286,4305,4271,244414]
[20171023,4313,4278,4319,4274,319012]
[20171020,4296,4317,4331,4295,346748]
[20171019,4306,4300,4310,4289,188332]
[20171018,4315,4300,4324,4306,202132]
[20171017,4353,4316,4356,4307,292848]
[20171016,4328,4349,4354,4321,326184]
[20171013,4307,4327,4334,4301,239622]
[20171012,4305,4308,4326,4288,234574]
[20171011,4315,4305,4322,4296,228246]
[20171010,4307,4316,4318,4297,205434]
[20171009,4286,4301,4330,4282,180260]
[20170929,4274,4319,4291,4268,197710]
[20170928,4276,4275,4291,4256,260014]
[20170927,4303,4269,4308,4278,280286]
[20170926,4267,4307,4345,4260,496690]
[20170925,4261,4267,4277,4257,212248]
[20170922,4254,4264,4280,4254,270386]
[20170921,4326,4263,4355,4271,431252]
[20170920,4327,4332,4344,4324,181050]
[20170919,4359,4332,4364,4302,425778]
[20170918,4394,4356,4401,4376,371730]
[20170915,4400,4396,4416,4392,221478]
[20170914,4403,4397,4412,4385,293982]
[20170913,4411,4411,4423,4404,216798]
[20170912,4408,4417,4435,4401,291948]
[20170911,4470,4418,4473,4410,452802]
[20170908,4479,4464,4491,4463,518390]
[20170907,4487,4469,4488,4448,336138]
[20170906,4487,4477,4501,4465,472306]
[20170905,4480,4488,4492,4470,292628]
[20170904,4438,4478,4501,4427,729566]
[20170901,4415,4444,4448,4413,479738]
[20170831,4419,4417,4429,4401,314206]
[20170830,4463,4414,4474,4410,525484]
[20170829,4414,4467,4455,4393,618130]
[20170828,4376,4405,4415,4312,969584]
[20170825,4379,4382,4390,4362,350224]
[20170824,4386,4380,4406,4379,399086]
[20170823,4405,4385,4412,4366,505846]
[20170822,4402,4403,4419,4377,417082]
[20170821,4439,4411,4464,4360,758472]
[20170818,4418,4459,4432,4382,504208]
[20170817,4321,4421,4440,4312,897792]
[20170816,4327,4326,4338,4305,356108]
[20170815,4405,4318,4423,4345,567054]
[20170814,4385,4408,4454,4363,640210]
[20170811,4437,4379,4448,4382,629954]
[20170810,4322,4433,4401,4316,776142]
[20170809,4231,4321,4276,4204,654406]
[20170808,4208,4228,4234,4203,355086]
[20170807,4298,4212,4298,4212,685096]
[20170804,4306,4284,4330,4301,307044]
[20170803,4307,4306,4337,4295,393138]
[20170802,4328,4312,4347,4315,309458]
[20170801,4342,4328,4352,4328,315336]
[20170731,4327,4336,4337,4315,291002]
[20170728,4336,4317,4341,4303,360592]
[20170727,4266,4332,4339,4265,455976]
[20170726,4288,4271,4317,4248,517598]
[20170725,4308,4291,4308,4279,257270]
[20170724,4309,4298,4319,4278,320174]
[20170721,4265,4306,4302,4249,483992]
[20170720,4277,4267,4279,4245,358264]
[20170719,4270,4270,4276,4248,332350]
[20170718,4274,4267,4285,4242,362168]
[20170717,4243,4278,4273,4221,450560]
[20170714,4213,4236,4216,4141,587182]
[20170713,4233,4213,4242,4206,433766]
[20170712,4143,4216,4229,4129,777344]
[20170711,4060,4137,4161,4050,1046162]
[20170710,4255,4069,4263,4056,1208618]
[20170707,4292,4246,4305,4242,456788]
[20170706,4268,4300,4307,4264,304070]
[20170705,4289,4278,4332,4278,302264]
[20170704,4382,4294,4382,4288,665996]
[20170703,4426,4375,4445,4414,298994]
[20170630,4444,4435,4455,4426,363196]
[20170629,4484,4447,4490,4471,248138]
[20170628,4450,4478,4496,4445,390164]
[20170627,4448,4455,4457,4432,261390]
[20170626,4488,4444,4490,4465,186740]
[20170623,4474,4481,4479,4455,253536]
[20170622,4412,4468,4478,4410,385988]
[20170621,4431,4416,4433,4407,267284]
[20170620,4436,4418,4453,4425,282306]
[20170619,4459,4438,4463,4437,275214]
[20170616,4436,4457,4473,4434,297138]
[20170615,4516,4449,4556,4461,531274]
[20170614,4458,4541,4490,4446,305756]
[20170613,4474,4454,4494,4454,315860]
[20170612,4518,4470,4523,4486,307958]
[20170609,4594,4516,4601,4522,453096]
[20170608,4596,4598,4608,4577,259412]
[20170607,4608,4602,4621,4593,245786]
[20170606,4573,4605,4608,4565,366374]
[20170605,4513,4569,4579,4513,474578]
[20170602,4497,4520,4516,4477,276294]
[20170601,4542,4488,4545,4500,342506]
[20170531,4553,4528,4566,4524,162556]
[20170526,4552,4552,4561,4534,182568]
[20170525,4538,4547,4575,4526,306854]
[20170524,4576,4534,4590,4512,374252]
[20170523,4561,4584,4585,4551,340286]
[20170522,4541,4558,4555,4516,310644]
[20170519,4528,4537,4542,4486,394686]
[20170518,4561,4533,4575,4522,354066]
[20170517,4543,4561,4560,4521,280654]
[20170516,4550,4536,4559,4518,266440]
[20170515,4480,4548,4524,4469,276424]
[20170512,4449,4484,4492,4439,267592]
[20170511,4435,4447,4463,4427,226612]
[20170510,4418,4459,4426,4392,169092]
[20170509,4459,4423,4459,4418,162064]
[20170508,4451,4453,4472,4432,226152]
[20170505,4411,4453,4481,4400,324216]
[20170504,4567,4417,4569,4396,525044]
[20170503,4563,4561,4585,4562,188494]
[20170502,4593,4575,4595,4556,154718]
[20170428,4667,4574,4675,4653,258216]
[20170427,4668,4672,4678,4646,306884]
[20170426,4686,4664,4702,4664,305100]
[20170425,4689,4694,4721,4679,276506]
[20170424,4712,4690,4730,4686,439866]
[20170421,4759,4714,4759,4712,437818]
[20170420,4772,4747,4779,4743,283190]
[20170419,4803,4769,4813,4743,522832]
[20170418,4831,4804,4842,4798,298366]
[20170417,4841,4825,4900,4822,347466]
[20170414,4836,4866,4845,4804,265642]
[20170413,4795,4828,4837,4773,380998]
[20170412,4722,4797,4821,4721,535034]
[20170411,4706,4734,4723,4680,307512]
[20170410,4849,4710,4854,4576,571314]
[20170407,4769,4840,4854,4757,636288]
[20170406,4772,4768,4778,4753,257826]
[20170405,4786,4769,4786,4764,117786]
[20170331,4766,4771,4779,4740,402410]
[20170330,4770,4761,4776,4754,268276]
[20170329,4782,4769,4790,4753,357736]
[20170328,4779,4783,4788,4759,294784]
[20170327,4720,4783,4768,4715,382850]
[20170324,4746,4721,4749,4701,308980]
[20170323,4727,4737,4731,4713,205542]
[20170322,4704,4727,4745,4703,408652]
[20170321,4712,4712,4715,4685,224684]
[20170320,4697,4705,4721,4697,208196]
[20170317,4713,4702,4713,4677,316250]
[20170316,4588,4708,4723,4577,531400]
[20170315,4595,4592,4604,4576,285064]
[20170314,4596,4588,4612,4582,276578]
[20170313,4576,4608,4621,4557,610450]
[20170310,4628,4566,4646,4561,451090]
[20170309,4662,4633,4670,4597,471776]
[20170308,4714,4662,4714,4675,377974]
[20170307,4730,4696,4744,4713,227822]
[20170306,4712,4731,4763,4712,361240]
[20170303,4861,4727,4862,4695,751376]
[20170302,4854,4855,4882,4850,327924]
[20170301,4886,4865,4901,4848,434902]
[20170228,4898,4882,4916,4874,323478]
[20170227,4899,4898,4909,4862,497870]
[20170224,4803,4890,4861,4801,834096]
[20170223,4796,4806,4827,4778,528868]
[20170222,4786,4802,4806,4770,427458]
[20170221,4777,4790,4814,4774,487220]
[20170220,4789,4783,4803,4760,331232]
[20170217,4805,4797,4816,4779,412720]
[20170216,4786,4806,4820,4759,539618]
[20170215,4820,4781,4829,4764,622512]
[20170214,4795,4818,4806,4766,452206]
[20170213,4709,4805,4815,4708,847186]
[20170210,4737,4712,4755,4698,402030]
[20170209,4743,4736,4771,4723,370142]
[20170208,4721,4752,4747,4704,390812]
[20170207,4717,4713,4732,4697,327924]
[20170206,4639,4711,4709,4629,485014]
[20170203,4672,4641,4676,4641,165960]
[20170126,4619,4655,4627,4560,374538]
[20170125,4668,4618,4684,4596,422590]
[20170124,4681,4660,4690,4663,281246]
[20170123,4650,4677,4692,4644,524590]
[20170120,4667,4651,4669,4636,439178]
[20170119,4693,4662,4720,4642,542712]
[20170118,4694,4692,4744,4683,710176]
[20170117,4689,4702,4721,4672,473092]
[20170116,4675,4692,4713,4636,627206]
[20170113,4706,4673,4715,4650,473130]
[20170112,4704,4709,4711,4658,643384]
[20170111,4676,4695,4731,4667,570272]
[20170110,4658,4671,4695,4658,441976]
[20170109,4638,4681,4672,4630,447962]
[20170106,4683,4642,4703,4615,663190]
[20170105,4683,4679,4705,4652,548684]
[20170104,4617,4693,4701,4609,702404]
[20170103,4622,4628,4658,4617,167384]
[20161230,4622,4642,4689,4615,564638]
[20161229,4576,4625,4651,4570,539514]
[20161228,4584,4575,4610,4558,539184]
[20161227,4511,4580,4586,4509,356616]
[20161226,4535,4519,4554,4483,463914]
[20161223,4514,4543,4579,4504,608284]
[20161222,4576,4519,4590,4504,482610]
[20161221,4491,4574,4603,4472,727682]
[20161220,4661,4500,4667,4534,725240]
[20161219,4663,4655,4689,4654,474162]
[20161216,4690,4667,4703,4645,712966]
[20161215,4848,4676,4873,4765,890572]
[20161214,4849,4830,4876,4789,851500]
[20161213,4815,4856,4873,4798,822144]
[20161212,4795,4803,4836,4787,693748]
[20161209,4814,4806,4838,4772,712360]
[20161208,4743,4825,4865,4740,1267892]
[20161207,4742,4749,4754,4721,487346]
[20161206,4726,4735,4765,4714,648674]
[20161205,4681,4737,4779,4669,937934]
[20161202,4673,4685,4723,4669,537026]
[20161201,4712,4683,4736,4638,863008]
[20161130,4717,4723,4749,4692,640744]
[20161129,4757,4711,4786,4726,665674]
[20161128,4687,4765,4805,4679,900858]
[20161125,4678,4687,4715,4642,638872]
[20161124,4704,4679,4710,4628,867422]
[20161123,4725,4697,4737,4698,449356]
[20161122,4678,4734,4747,4661,593798]
[20161121,4652,4679,4687,4622,498726]
[20161118,4704,4660,4713,4627,489372]
[20161117,4704,4703,4719,4689,295694]
[20161116,4684,4700,4737,4672,368116]
[20161115,4730,4687,4730,4648,377600]
[20161114,5012,4711,5064,4689,860770]
[20161111,4981,5025,5048,4936,704430]
[20161110,4970,4984,4997,4900,700788]
[20161109,4818,4980,5031,4814,1369406]
[20161108,4805,4828,4846,4770,406042]
[20161107,4837,4808,4858,4791,349174]
[20161104,4831,4841,4874,4801,457378]
[20161103,4920,4825,4943,4873,495630]
[20161102,4858,4921,4905,4841,555214]
[20161101,4768,4860,4808,4761,371742]
[20161031,4742,4762,4785,4736,560474]
[20161028,4759,4752,4763,4735,307638]
[20161027,4755,4755,4765,4730,363318]
[20161026,4750,4756,4793,4730,596844]
[20161025,4737,4744,4771,4704,635352]
[20161024,4677,4743,4717,4672,350862]
[20161021,4727,4690,4738,4656,502272]
[20161020,4736,4728,4746,4710,430708]
[20161019,4713,4728,4729,4693,355586]
[20161018,4661,4707,4725,4654,531578]
[20161017,4648,4661,4682,4637,490446]
[20161014,4655,4651,4672,4644,336948]
[20161013,4647,4662,4685,4639,469754]
[20161012,4652,4656,4675,4642,444292]
[20161011,4646,4655,4704,4638,521170]
[20161010,4620,4653,4677,4620,319560]
[20160930,4970,4667,5019,4967,433032]
[20160929,4990,4977,5035,4948,503998]
[20160928,5045,4984,5046,4969,660346]
[20160927,5066,5027,5103,5042,452094]
[20160926,5146,5093,5146,5050,544912]
[20160923,5169,5124,5195,5121,593954]
[20160922,5144,5160,5179,5090,865812]
[20160921,5024,5122,5088,4993,629220]
[20160920,5027,5007,5045,5004,362826]
[20160919,4942,5026,5036,4932,327702]
[20160914,4986,4950,4996,4924,589678]
[20160913,4957,4986,5040,4939,623022]
[20160912,5072,4963,5083,4934,740930]
[20160909,5149,5076,5149,5075,543026]
[20160908,5181,5131,5181,5118,474402]
[20160907,5102,5164,5212,5094,804698]
[20160906,5062,5094,5083,5048,347592]
[20160905,5011,5053,5054,4991,686982]
[20160902,4862,5001,4956,4862,675678]
[20160901,4853,4879,4896,4853,380186]
[20160831,4870,4865,4903,4842,567668]
[20160830,4847,4882,4904,4838,519986]
[20160829,4877,4841,4955,4794,1208328]
[20160826,4832,4869,4867,4825,340486]
[20160825,4910,4835,4910,4817,599410]
[20160824,4957,4874,4962,4911,366004]
[20160823,4927,4953,4955,4916,382276]
[20160822,5034,4939,5068,4905,818758]
[20160819,5115,5045,5136,5086,421296]
[20160818,5094,5123,5167,5034,769164]
[20160817,5132,5097,5155,5084,649508]
[20160816,5103,5121,5181,5100,560442]
[20160815,5202,5111,5211,5090,736858]
[20160812,5190,5193,5220,5149,566310]
[20160811,5246,5198,5257,5144,659574]
[20160810,5072,5238,5232,5059,747766]
[20160809,5107,5084,5125,5069,438158]
[20160808,5169,5104,5169,5068,786152]
[20160805,5254,5158,5270,5225,561778]
[20160804,5318,5242,5324,5193,869486]
[20160803,5352,5307,5363,5315,630638]
[20160802,5292,5344,5314,5253,629912]
[20160801,5232,5305,5328,5198,1034782]
[20160729,5252,5243,5252,5181,726754]
[20160728,5074,5231,5275,5072,1127492]
[20160727,5059,5122,5087,5041,470282]
[20160726,5019,5067,5091,4987,758864]
[20160725,5069,5011,5088,4990,669402]
[20160722,5001,5057,5146,4976,1004606]
[20160721,5036,4991,5049,4962,823704]
[20160720,5138,5035,5162,5093,653512]
[20160719,5131,5121,5167,5108,706770]
[20160718,5226,5139,5228,5128,947716]
[20160715,5198,5222,5252,5179,770214]
[20160714,5282,5200,5318,5213,1251820]
[20160713,5275,5283,5304,5140,1744316]
[20160712,5239,5282,5305,5213,1076188]
[20160711,5048,5238,5354,5033,1714020]
[20160708,5166,5102,5170,5052,1170744]
[20160707,5239,5144,5269,5164,1058696]
[20160706,5123,5235,5349,5072,1989492]
[20160705,5364,5163,5377,5045,1678032]
[20160704,4949,5339,5166,4941,779770]
[20160701,4758,4972,5010,4743,1473140]
[20160630,4768,4766,4776,4701,738140]
[20160629,4577,4757,4752,4573,1022860]
[20160628,4594,4582,4599,4538,368636]
[20160627,4600,4590,4626,4552,609122]
[20160624,4454,4605,4604,4452,978932]
[20160623,4446,4469,4474,4442,355796]
[20160622,4458,4457,4475,4419,412234]
[20160621,4493,4471,4537,4483,388300]
[20160620,4496,4490,4520,4462,416344]
[20160617,4603,4516,4607,4454,745048]
[20160616,4525,4594,4612,4492,646816]
[20160615,4511,4518,4531,4495,353534]
[20160614,4521,4528,4525,4479,374540]
[20160613,4482,4511,4517,4447,299774]
[20160608,4285,4459,4345,4281,320154]
[20160607,4307,4289,4315,4276,278302]
[20160606,4279,4306,4301,4268,408414]
[20160603,4198,4274,4212,4185,251328]
[20160602,4195,4189,4209,4163,448202]
[20160601,4184,4195,4204,4178,387960]
[20160531,4175,4196,4214,4163,349390]
[20160530,4234,4168,4255,4147,528552]
[20160527,4293,4243,4305,4210,484380]
[20160526,4236,4300,4294,4236,395102]
[20160525,4244,4245,4279,4226,419846]
[20160524,4265,4252,4283,4229,393854]
[20160523,4324,4259,4340,4244,538228]
[20160520,4293,4331,4321,4269,489136]
[20160519,4426,4290,4464,4324,703884]
[20160518,4442,4419,4492,4428,498350]
[20160517,4495,4451,4499,4439,397272]
[20160516,4391,4486,4487,4385,497982]
[20160513,4457,4413,4500,4381,701892]
[20160512,4487,4467,4510,4455,476518]
[20160511,4391,4480,4472,4381,443542]
[20160510,4434,4396,4435,4352,417672]
[20160509,4508,4425,4539,4469,458062]
[20160506,4559,4505,4570,4456,558880]
[20160505,4537,4556,4541,4492,328840]
[20160504,4569,4525,4600,4494,482526]
[20160503,4580,4594,4613,4546,215302]
[20160429,4516,4597,4656,4502,900692]
[20160428,4541,4514,4550,4460,839660]
[20160427,4420,4516,4545,4418,796688]
[20160426,4431,4434,4460,4407,601438]
[20160425,4492,4430,4529,4368,1108908]
[20160422,4642,4503,4659,4409,1350206]
[20160421,4449,4636,4624,4434,1488000]
[20160420,4434,4467,4514,4389,1493496]
[20160419,4213,4427,4395,4195,909246]
[20160418,4193,4205,4247,4175,695286]
[20160415,4198,4182,4214,4178,364586]
[20160414,4196,4199,4240,4165,634516]
[20160413,4194,4205,4216,4173,638652]
[20160412,4145,4205,4171,4136,508630]
[20160411,4070,4141,4122,4064,393118]
[20160408,4080,4071,4093,4060,250216]
[20160407,4035,4075,4071,4034,240594]
[20160406,4068,4044,4071,4047,196924]
[20160405,4040,4064,4064,4017,126102]
[20160401,4124,4053,4130,4099,332392]
[20160331,4105,4121,4119,4081,318002]
[20160330,4077,4105,4125,4077,458732]
[20160329,4106,4103,4121,4075,324486]
[20160328,4092,4104,4111,4088,235156]
[20160325,4111,4103,4117,4088,266546]
[20160324,4124,4111,4128,4093,550068]
[20160323,4219,4116,4225,4164,533232]
[20160322,4171,4194,4231,4170,538430]
[20160321,4213,4185,4216,4155,671592]
[20160318,4146,4202,4258,4140,1328848]
[20160317,4082,4172,4155,4071,445742]
[20160316,4077,4081,4094,4060,308186]
[20160315,4142,4075,4188,4066,811528]
[20160314,4122,4148,4145,4103,514658]
[20160311,4076,4123,4177,4054,935854]
[20160310,4087,4080,4110,4063,540154]
[20160309,4158,4093,4166,4046,748482]
[20160308,4204,4152,4266,4119,1216826]
[20160307,4118,4241,4226,4068,1601338]
[20160304,4027,4103,4128,4015,753224]
[20160303,4008,4026,4042,4000,443018]
[20160302,4030,4016,4036,3982,447396]
[20160301,3992,4032,4032,3975,428526]
[20160229,4098,3982,4098,3974,752654]
[20160226,4123,4093,4124,4077,470108]
[20160225,4148,4115,4181,4121,637744]
[20160224,4140,4146,4152,4133,253404]
[20160223,4117,4141,4149,4117,272194]
[20160222,4178,4127,4187,4139,371884]
[20160219,4153,4183,4181,4149,276618]
[20160218,4165,4154,4173,4153,231156]
[20160217,4171,4161,4175,4147,256940]
[20160216,4164,4161,4176,4139,328108]
[20160215,4183,4167,4196,4154,292350]
[20160205,4086,4154,4113,4070,398808]
[20160204,4027,4105,4080,4011,703744]
[20160203,4011,4024,4030,4002,304114]
[20160202,4021,4009,4034,4002,288286]
[20160201,4002,4015,4024,3993,318454]
[20160129,4023,4008,4034,4002,371452]
[20160128,4040,4026,4054,4024,331928]
[20160127,4034,4047,4060,4022,500976]
[20160126,4004,4023,4040,3998,492618]
[20160125,3999,4000,4032,3984,559828]
[20160122,3990,3997,4003,3969,426818]
[20160121,4012,3988,4015,3993,336614]
[20160120,3987,3997,4008,3980,375682]
[20160119,3973,3994,3992,3965,270684]
[20160118,3962,3975,3994,3962,481550]
[20160115,3962,3975,3978,3949,360798]
[20160114,3937,3970,3997,3932,616600]
[20160113,3946,3935,3952,3925,281640]
[20160112,4018,3935,4027,3944,459806]
[20160111,4018,4020,4041,3993,500548]
[20160108,4039,4022,4074,4021,698862]
[20160107,3991,4047,4069,3976,928034]
[20160106,3985,3987,3992,3962,367646]
[20160105,3970,3982,4003,3959,537386]
[20160104,3969,3976,3981,3914,248232]
[20151231,3962,3949,3972,3951,340442]
[20151230,3978,3968,3992,3968,388880]
[20151229,3959,3984,3984,3946,324700]
[20151228,4002,3969,4017,3967,263880]
[20151225,3985,4008,4003,3984,195404]
[20151224,3981,3988,3996,3968,316390]
[20151223,3986,3975,4011,3968,453822]
[20151222,3961,4006,4000,3956,601076]
[20151221,3916,3963,3978,3904,752788]
[20151218,3934,3908,3944,3878,680450]
[20151217,3929,3935,3974,3922,657350]
[20151216,3901,3949,3932,3892,339462]
[20151215,3890,3909,3933,3890,516856]
[20151214,3902,3911,3941,3897,658230]
[20151211,3934,3909,3944,3902,397596]
[20151210,3953,3939,3978,3926,553468]
[20151209,3920,3958,3950,3909,447686]
[20151208,3987,3922,3996,3921,597016]
[20151207,3895,3985,4005,3878,1379280]
[20151204,3871,3913,4088,3863,531950]
[20151203,3884,3893,3885,3822,604826]
[20151202,3895,3875,3909,3878,379022]
[20151201,3865,3891,3904,3857,490408]
[20151130,3887,3874,3892,3828,661144]
[20151127,3927,3855,3943,3869,582256]
[20151126,3887,3922,3952,3867,680226]
[20151125,3884,3889,3932,3868,652116]
[20151124,3857,3893,3889,3828,630976]
[20151123,3967,3861,3978,3810,731652]
[20151120,3934,3974,3979,3919,308750]
[20151119,3940,3931,3957,3911,282358]
[20151118,3945,3934,3968,3923,329926]
[20151117,4006,3960,4006,3919,409728]
[20151116,3969,3994,4013,3963,422042]
[20151113,3964,3977,4002,3944,529536]
[20151112,3983,3962,3983,3952,248872]
[20151111,3974,3975,3997,3949,384286]
[20151110,4019,3971,4019,3961,409688]
[20151109,4063,4010,4071,3989,622182]
[20151106,4051,4065,4068,4034,367744]
[20151105,4115,4037,4127,4050,460138]
[20151104,4127,4125,4131,4098,351322]
[20151103,4139,4121,4145,4116,292066]
[20151102,4140,4131,4160,4136,342302]
[20151030,4186,4151,4198,4150,674172]
[20151029,4237,4186,4296,4194,1238222]
[20151028,4189,4233,4231,4184,469890]
[20151027,4202,4194,4213,4184,364436]
[20151026,4238,4197,4238,4180,501594]
[20151023,4184,4216,4239,4175,652942]
[20151022,4184,4180,4198,4158,524588]
[20151021,4203,4177,4221,4172,554378]
[20151020,4204,4199,4226,4173,460298]
[20151019,4228,4208,4246,4191,492158]
[20151016,4238,4235,4257,4215,540044]
[20151015,4252,4238,4284,4246,664392]
[20151014,4225,4248,4269,4216,578576]
[20151013,4260,4236,4279,4194,567548]
[20151012,4269,4254,4273,4217,633350]
[20151009,4192,4244,4259,4192,651652]
[20151008,4350,4203,4350,4222,313064]
[20150930,4039,4260,4052,4021,328364]
[20150929,4062,4032,4065,4001,553462]
[20150928,4143,4056,4154,4096,190250]
[20150925,4106,4136,4175,4105,728484]
[20150924,4109,4125,4132,4094,351082]
[20150923,4094,4114,4122,4082,507722]
[20150922,4165,4110,4186,4158,365870]
[20150921,4216,4175,4217,4144,953264]
[20150918,4111,4194,4206,4100,1590940]
[20150917,4092,4109,4129,4078,1265260]
[20150916,4026,4082,4051,4001,755552]
[20150915,4022,4023,4038,4013,681408]
[20150914,4051,4024,4067,3999,1344908]
[20150911,4079,4049,4104,4059,942572]
[20150910,4073,4094,4081,4039,1016876]
[20150909,4088,4065,4149,4066,1711904]
[20150908,4051,4088,4063,4029,701338]
[20150907,4063,4040,4083,4049,222670]
[20150902,4072,4076,4109,4052,923524]
[20150901,4059,4099,4106,4035,932000]
[20150831,4065,4043,4117,4043,1389932]
[20150828,3984,4050,4114,3980,1839494]
[20150827,4002,3995,4024,3955,1387338]
[20150826,4154,4011,4167,4054,1701378]
[20150825,4100,4132,4209,4093,2166348]
[20150824,4265,4136,4285,4172,2483922]
[20150821,4280,4279,4331,4264,1735256]
[20150820,4172,4277,4282,4169,1588552]
[20150819,4180,4188,4184,4114,1346874]
[20150818,4235,4165,4248,4208,829112]
[20150817,4284,4237,4320,4193,1958392]
[20150814,4269,4295,4293,4254,1088818]
[20150813,4309,4263,4353,4259,2116586]
[20150812,4128,4309,4319,4106,2632498]
[20150811,3982,4111,4142,3982,2454230]
[20150810,3933,3995,4001,3925,1225346]
[20150807,3911,3946,3964,3908,706306]
[20150806,3929,3918,3941,3901,602292]
[20150805,3933,3924,3936,3901,569486]
[20150804,3952,3927,3962,3873,946574]
[20150803,3958,3956,4015,3947,935472]
[20150430,3978,3973,4012,3950,1336604]
[20150429,3988,3985,4018,3942,1459496]
[20150428,3830,3969,3969,3827,1998080]
[20150427,3811,3857,3832,3769,1216846]
[20150424,3803,3819,3836,3796,946670]
[20150423,3846,3807,3847,3788,1330776]
[20150422,3842,3838,3869,3829,805876]
[20150421,3856,3837,3860,3809,1028874]
[20150420,3871,3834,3910,3868,743354]
[20150417,3915,3882,3925,3860,1133622]
[20150416,3858,3912,3918,3853,901162]
[20150415,3833,3870,3889,3833,960576]
[20150414,3886,3859,3896,3826,978296]
[20150413,3878,3889,3921,3867,1092390]
[20150410,3845,3878,3865,3816,957330]
[20150409,3966,3830,3977,3837,1441876]
[20150408,3972,3969,3985,3957,610116]
[20150407,3955,3978,3992,3950,243806]
[20150403,3951,3983,3967,3920,1037162]
[20150402,3937,3957,3992,3932,1404724]
[20150401,3937,3935,3955,3897,1149200]
