[20210830,377,378,381,374,188851]
[20210827,373,375,378,372,134837]
[20210826,376,373,376,373,122528]
[20210825,378,375,378,375,103114]
[20210824,377,378,378,376,113553]
[20210823,374,377,375,372,119489]
[20210820,374,374,376,372,100498]
[20210819,374,375,375,372,124335]
[20210818,374,374,375,373,107257]
[20210817,372,374,375,371,98019]
[20210816,369,372,372,369,113523]
[20210813,366,369,368,365,92760]
[20210812,365,366,367,364,110306]
[20210811,362,365,364,360,116014]
[20210810,364,362,365,362,129796]
[20210809,371,365,371,362,187620]
[20210806,377,371,378,375,108803]
[20210805,381,378,382,377,132711]
[20210804,378,381,379,377,74353]
[20210803,377,378,380,377,90134]
[20210802,381,378,382,377,128169]
[20210730,381,381,383,381,95190]
[20210729,378,381,381,377,118061]
[20210728,378,378,380,377,127503]
[20210727,378,378,378,375,101808]
[20210726,377,377,379,376,102621]
[20210723,376,377,378,375,102592]
[20210722,376,376,377,375,114851]
[20210721,382,376,382,377,134534]
[20210720,379,382,381,378,110531]
[20210719,381,380,382,377,133022]
[20210716,381,381,383,380,92284]
[20210715,381,381,382,380,102410]
[20210714,377,381,380,376,105365]
[20210713,377,378,379,375,109603]
[20210712,378,377,379,376,98929]
[20210709,380,378,380,376,129272]
[20210708,377,380,378,376,115060]
[20210707,378,377,379,375,134625]
[20210706,374,378,377,372,82905]
[20210705,374,374,375,372,118204]
[20210702,371,375,373,370,93614]
[20210701,367,372,372,366,115380]
[20210630,367,367,369,366,109134]
[20210629,371,366,372,370,78360]
[20210628,372,372,373,369,111625]
[20210625,373,372,373,370,89715]
[20210624,373,373,376,371,110405]
[20210623,371,373,374,371,69211]
[20210622,371,372,374,371,111600]
[20210621,370,372,372,368,150693]
[20210618,370,370,372,369,148591]
[20210617,381,370,383,374,142693]
[20210616,382,381,383,379,93504]
[20210615,383,382,384,380,68074]
[20210611,387,382,391,387,94137]
[20210610,388,388,389,384,106901]
[20210609,387,388,388,386,84294]
[20210608,385,388,390,385,98737]
[20210607,385,386,386,384,102572]
[20210604,382,385,384,374,181287]
[20210603,390,379,392,386,132147]
[20210602,396,390,397,389,169545]
[20210601,394,396,397,393,104320]
[20210531,392,394,395,391,139163]
[20210528,394,392,394,391,133811]
[20210527,396,393,397,392,94693]
[20210526,392,395,397,391,103138]
[20210525,394,392,394,390,107259]
[20210524,396,393,396,392,127515]
[20210521,393,396,396,392,104649]
[20210520,393,393,397,391,166826]
[20210519,392,393,393,390,117092]
[20210518,388,392,394,388,142307]
[20210517,386,389,391,385,124119]
[20210514,382,386,386,382,127978]
[20210513,386,382,387,382,136858]
[20210512,382,386,385,381,122997]
[20210511,385,382,386,383,115826]
[20210510,386,384,387,383,139147]
[20210507,379,385,384,378,145402]
[20210506,376,378,379,375,54603]
[20210430,376,377,376,370,143710]
[20210429,374,374,378,373,127935]
[20210428,376,374,377,373,136168]
[20210427,375,377,377,374,109744]
[20210426,379,376,380,374,149910]
[20210423,377,379,379,376,117659]
[20210422,378,377,381,377,132575]
[20210421,375,378,378,374,122053]
[20210420,377,374,377,374,114927]
[20210419,379,376,380,377,122671]
[20210416,371,378,376,371,142938]
[20210415,372,372,372,369,130356]
[20210414,370,370,373,370,112191]
[20210413,371,372,371,368,128793]
[20210412,372,371,373,370,128934]
[20210409,373,370,376,373,135916]
[20210408,371,374,373,370,127034]
[20210407,371,371,373,370,105393]
[20210406,370,371,371,369,48716]
[20210402,368,371,372,368,119361]
[20210401,360,369,368,360,160184]
[20210331,360,360,361,358,136206]
[20210330,369,360,370,364,163378]
[20210329,368,369,371,368,110011]
[20210326,369,368,373,367,165187]
[20210325,369,370,371,368,97095]
[20210324,369,369,370,366,122664]
[20210323,368,368,370,367,90832]
[20210322,370,368,371,367,128296]
[20210319,368,369,371,365,146837]
[20210318,367,366,372,366,147354]
[20210317,367,367,370,367,118004]
[20210316,368,368,369,366,107456]
[20210315,362,368,368,361,146580]
[20210312,368,361,369,363,142638]
[20210311,365,368,369,365,138296]
[20210310,363,365,367,363,157465]
[20210309,361,363,362,358,136660]
[20210308,360,360,364,358,170604]
[20210305,363,360,364,357,194987]
[20210304,364,363,364,360,191286]
[20210303,366,362,367,364,129091]
[20210302,367,367,369,361,193632]
[20210301,371,368,373,362,257682]
[20210226,376,372,378,371,220152]
[20210225,381,376,382,376,175249]
[20210224,383,381,383,379,124681]
[20210223,379,383,384,379,137659]
[20210222,375,381,380,374,166508]
[20210219,377,375,379,373,149500]
[20210218,377,378,377,375,53661]
[20210210,388,377,389,386,92875]
[20210209,385,387,388,384,108566]
[20210208,381,385,384,379,145833]
[20210205,384,380,384,377,175113]
[20210204,387,384,388,382,147060]
[20210203,390,388,390,386,165357]
[20210202,396,389,397,391,158689]
[20210201,393,396,396,389,228456]
[20210129,389,393,393,387,165694]
[20210128,389,389,392,388,122383]
[20210127,393,389,393,389,103901]
[20210126,394,392,395,391,108344]
[20210125,390,394,394,389,104819]
[20210122,394,390,394,392,99672]
[20210121,390,394,395,387,133119]
[20210120,389,388,392,388,84029]
[20210119,390,388,391,389,65091]
[20210118,390,390,391,385,126816]
[20210115,389,390,393,388,90655]
[20210114,391,389,393,387,61627]
[20210113,392,391,393,388,76979]
[20210112,389,392,392,386,82843]
[20210111,397,388,397,382,151880]
[20210108,403,395,403,400,90189]
[20210107,405,402,407,399,133849]
[20210106,408,406,409,406,105236]
[20210105,406,409,409,405,112058]
[20210104,403,407,405,403,46153]
[20201231,398,405,402,397,111823]
[20201230,399,397,400,397,104864]
[20201229,399,398,403,398,152707]
[20201228,399,399,403,397,92185]
[20201225,397,398,400,396,87501]
[20201224,395,397,399,395,97508]
[20201223,397,395,399,395,111850]
[20201222,399,398,400,396,119776]
[20201221,398,398,405,396,127318]
[20201218,397,398,400,396,122558]
[20201217,392,397,396,391,102865]
[20201216,390,393,393,390,96488]
[20201215,385,391,390,385,111065]
[20201214,387,385,390,386,111650]
[20201211,387,387,391,386,111130]
[20201210,391,388,392,387,121674]
[20201209,393,392,395,390,110397]
[20201208,386,392,394,386,137972]
[20201207,388,387,389,386,128701]
[20201204,389,388,390,385,111842]
[20201203,385,388,389,383,118575]
[20201202,382,386,385,382,126585]
[20201201,374,382,379,374,115589]
[20201130,384,375,384,371,20884]
[20201127,384,380,385,383,13718]
[20201126,385,384,385,382,10170]
[20201125,385,384,385,382,11999]
[20201124,397,383,397,386,15204]
[20201123,397,396,399,396,7072]
[20201120,397,397,397,395,11534]
[20201119,397,397,400,395,88849]
[20201118,401,398,402,397,81588]
[20201117,399,400,403,398,93694]
[20201116,402,399,404,401,96452]
[20201113,400,403,402,399,95597]
[20201112,399,399,400,397,124709]
[20201111,400,400,401,399,95108]
[20201110,404,399,404,396,228212]
[20201109,414,402,416,412,156254]
[20201106,411,415,415,410,174706]
[20201105,409,410,409,404,137264]
[20201104,408,408,411,408,157957]
[20201103,406,408,408,405,102451]
[20201102,404,406,406,402,133257]
[20201030,401,405,404,399,180932]
[20201029,406,400,406,403,177839]
[20201028,409,405,411,409,111622]
[20201027,408,410,410,408,135071]
[20201026,408,409,409,405,158392]
[20201023,409,408,409,406,136389]
[20201022,411,408,412,408,142580]
[20201021,409,411,411,407,142405]
[20201020,410,408,410,407,128103]
[20201019,409,409,410,407,145300]
[20201016,407,409,411,407,138945]
[20201015,411,407,411,406,135434]
[20201014,412,410,412,405,173150]
[20201013,416,411,416,413,130135]
[20201012,412,415,416,412,161934]
[20201009,409,412,412,409,59522]
[20200930,411,410,413,410,128545]
[20200929,406,410,411,406,160643]
[20200928,404,408,407,403,171986]
[20200925,402,404,406,401,226034]
[20200924,406,402,409,400,297616]
[20200923,413,407,414,404,297797]
[20200922,418,414,419,398,445948]
[20200921,421,419,424,420,151404]
[20200918,420,421,422,418,160665]
[20200917,424,418,425,419,217436]
[20200916,425,425,425,421,171899]
[20200915,425,425,426,424,154050]
[20200914,423,425,425,422,151763]
[20200911,427,424,428,421,230522]
[20200910,423,427,425,422,201373]
[20200909,419,423,424,416,308522]
[20200908,421,418,422,419,142338]
[20200907,420,421,423,418,258596]
[20200904,421,419,424,418,308185]
[20200903,428,422,428,419,301516]
[20200902,432,427,433,427,250026]
[20200901,428,432,433,427,237342]
[20200831,427,428,430,426,253405]
[20200828,425,426,431,419,395252]
[20200827,419,429,427,419,301125]
[20200826,421,420,422,419,190520]
[20200825,424,422,427,420,205136]
[20200824,421,424,422,417,292225]
[20200821,422,421,426,420,279719]
[20200820,436,422,436,421,412426]
[20200819,442,436,442,431,377149]
[20200818,431,440,440,431,329018]
[20200817,427,432,431,424,271977]
[20200814,422,428,434,421,349346]
[20200813,423,422,425,420,242514]
[20200812,432,423,432,422,215975]
[20200811,452,426,455,440,296911]
[20200810,456,452,457,448,272972]
[20200807,453,454,459,453,299645]
[20200806,449,455,453,448,279521]
[20200805,437,450,450,437,370961]
[20200804,436,438,438,435,131871]
[20200803,438,436,438,434,185026]
[20200731,432,437,439,430,267899]
[20200730,437,433,438,431,221666]
[20200729,434,436,438,431,260511]
[20200728,435,434,445,432,437915]
[20200727,427,436,440,427,301841]
[20200724,421,429,426,420,241062]
[20200723,418,420,422,415,217520]
[20200722,412,416,424,411,260190]
[20200721,408,412,410,407,105679]
[20200720,406,408,406,405,89548]
[20200717,406,405,407,403,116209]
[20200716,408,406,409,406,125771]
[20200715,408,407,410,407,120322]
[20200714,409,408,410,406,117312]
[20200713,409,409,409,406,122987]
[20200710,409,409,410,406,160013]
[20200709,409,409,411,408,133943]
[20200708,404,410,408,404,125613]
[20200707,406,404,406,404,82467]
[20200706,405,405,406,403,74968]
[20200703,402,405,406,402,123940]
[20200702,406,403,407,402,192806]
[20200701,405,405,408,404,151150]
[20200630,404,405,405,404,91120]
[20200629,406,405,406,404,49272]
[20200624,403,405,405,402,161673]
[20200623,403,403,403,401,165313]
[20200622,399,402,404,398,178165]
[20200619,396,398,398,395,108552]
[20200618,396,397,398,396,97259]
[20200617,397,396,398,395,153688]
[20200616,393,395,398,393,154848]
[20200615,399,394,400,396,161043]
[20200612,398,399,400,397,178140]
[20200611,396,399,398,393,165380]
[20200610,395,396,395,394,106151]
[20200609,390,395,392,389,129844]
[20200608,389,389,391,387,177333]
[20200605,397,388,398,394,165545]
[20200604,394,397,396,392,193258]
[20200603,402,394,403,397,189183]
[20200602,401,402,403,400,122765]
[20200601,401,401,404,400,164656]
[20200530,401,401,401,400,0]
[20200529,394,401,395,391,153838]
[20200528,389,394,395,387,197363]
[20200527,394,388,394,390,172767]
[20200526,394,394,396,392,116044]
[20200525,395,393,395,392,134081]
[20200522,395,394,395,390,193445]
[20200521,397,394,399,394,139332]
[20200520,395,397,399,395,140384]
[20200519,398,395,398,393,192543]
[20200518,393,396,402,392,17233]
[20200515,386,394,392,385,16518]
[20200514,386,386,386,383,12318]
[20200513,383,385,385,382,8731]
[20200512,384,382,384,381,11969]
[20200511,385,384,385,382,13382]
[20200508,381,383,386,381,14735]
[20200507,381,381,381,379,9793]
[20200506,380,380,382,380,8222]
[20200430,379,382,380,377,14787]
[20200429,377,378,379,377,13409]
[20200428,379,378,379,375,21294]
[20200427,381,377,382,379,18224]
[20200424,380,381,383,379,15436]
[20200423,377,379,381,377,19517]
[20200422,373,378,374,371,18786]
[20200421,370,374,374,370,18640]
[20200420,368,372,371,366,21725]
[20200417,376,368,377,369,27480]
[20200416,376,376,380,374,17970]
[20200415,376,375,379,376,18083]
[20200414,375,378,380,374,21485]
[20200413,374,376,375,372,14572]
[20200410,378,374,378,373,5408]
[20200409,370,374,371,370,8046]
[20200408,368,370,371,367,11960]
[20200407,381,370,381,373,18833]
[20200403,381,374,383,380,4635]
[20200402,376,382,378,375,5407]
[20200401,375,376,377,373,5498]
[20200331,382,374,383,381,5955]
[20200330,387,382,387,381,8110]
[20200327,383,383,386,383,6617]
[20200326,378,385,382,378,9993]
[20200325,393,381,393,377,14812]
[20200324,373,380,373,368,24382]
[20200323,354,373,354,350,20040]
[20200320,347,351,354,347,26584]
[20200319,347,349,350,343,33037]
[20200318,355,347,358,349,34773]
[20200317,353,356,354,343,30467]
[20200316,361,351,363,356,24321]
[20200313,369,358,371,362,23913]
[20200312,385,369,385,379,23030]
[20200311,382,383,385,382,15924]
[20200310,387,383,387,381,20547]
[20200309,395,387,395,385,23043]
[20200306,389,394,392,389,17074]
[20200305,381,389,383,381,8104]
[20200304,384,382,384,382,16261]
[20200303,372,382,375,372,10370]
[20200302,371,374,374,369,134175]
[20200228,375,373,375,369,7102]
[20200227,375,374,377,375,7092]
[20200226,373,375,376,373,5812]
[20200225,375,375,378,372,6832]
[20200224,379,376,382,379,8011]
[20200221,370,382,373,370,4753]
[20200220,366,370,368,365,5011]
[20200219,363,366,366,363,4133]
[20200218,359,365,361,359,2199]
[20200217,358,360,360,358,2008]
[20200214,358,360,359,357,1454]
[20200213,355,359,358,355,2469]
[20200212,356,356,356,354,2288]
[20200211,357,355,357,355,2274]
[20200210,355,357,359,355,2289]
[20200207,353,359,357,353,2508]
[20200206,356,357,356,352,3222]
[20200205,356,353,356,354,10546]
[20200204,361,354,361,358,10040]
[20200203,365,361,365,359,8544]
[20200123,363,360,366,363,76542]
[20200122,364,363,364,361,119997]
[20200121,363,363,366,362,80486]
[20200120,362,363,363,361,88248]
[20200117,363,363,363,360,102507]
[20200116,362,362,364,361,119520]
[20200115,360,361,363,359,115027]
[20200114,363,360,363,357,137376]
[20200113,364,363,366,363,164259]
[20200110,365,363,365,363,133088]
[20200109,371,365,372,361,261796]
[20200108,369,370,379,369,243198]
[20200107,373,370,373,368,75529]
[20200106,366,373,374,365,70825]
[20200103,360,366,366,360,63075]
[20200102,360,361,360,359,17614]
[20191231,358,359,361,357,21810]
[20191230,358,358,359,358,8992]
[20191227,357,358,359,357,13780]
[20191226,356,358,358,355,4158]
[20191225,354,356,357,354,1560]
[20191224,353,354,355,352,1282]
[20191223,351,352,353,350,1690]
[20191220,350,351,352,350,1100]
[20191219,351,350,351,349,2038]
[20191218,350,350,351,350,1092]
[20191217,351,351,351,350,1180]
[20191216,347,350,351,346,3604]
[20191213,351,348,355,346,1734]
[20191212,349,353,352,349,672]
[20191211,349,350,350,349,746]
[20191210,351,350,351,349,1570]
[20191209,352,350,353,348,3170]
[20191206,354,352,354,351,1186]
[20191205,356,354,356,352,1908]
[20191204,352,354,356,352,367674]
[20191203,348,352,350,348,257120]
[20191202,347,348,350,347,169218]
[20191129,347,347,348,347,522]
[20191128,347,347,347,346,936]
[20191127,346,347,348,345,14032]
[20191126,347,346,347,345,10240]
[20191125,350,346,350,347,11100]
[20191122,350,350,350,348,9884]
[20191121,351,349,352,349,9272]
[20191120,350,351,351,348,11752]
[20191119,348,349,350,346,9502]
[20191118,347,346,348,347,4244]
[20191115,349,348,350,347,8410]
[20191114,347,349,348,347,7296]
[20191113,345,348,348,343,11730]
[20191112,348,345,348,343,15534]
[20191111,348,347,348,345,13218]
[20191108,351,345,352,345,17252]
[20191107,353,351,355,352,9658]
[20191106,356,353,356,352,16914]
[20191105,361,356,361,358,9190]
[20191104,361,361,362,360,14528]
[20191101,361,360,362,360,10818]
[20191031,357,360,359,357,15904]
[20191030,357,357,358,356,14016]
[20191029,360,357,360,357,15256]
[20191028,363,360,364,360,13658]
[20191025,358,364,362,358,13036]
[20191024,359,358,359,358,5546]
[20191023,357,358,358,356,8040]
[20191022,358,357,359,356,8616]
[20191021,358,359,359,357,7334]
[20191018,358,358,359,358,7618]
[20191017,357,358,359,357,7136]
[20191016,358,359,359,355,13574]
[20191015,357,358,359,357,11856]
[20191014,362,358,362,355,15346]
[20191011,363,359,364,360,9962]
[20191010,365,364,366,363,14600]
[20191009,364,366,366,364,11900]
[20191008,361,366,362,360,6468]
[20190930,363,361,365,359,18110]
[20190927,366,361,367,362,11416]
[20190926,370,366,371,364,13528]
[20190925,368,370,372,367,17236]
[20190924,367,368,370,367,10560]
[20190923,363,369,368,362,10626]
[20190920,362,362,364,362,7878]
[20190919,363,363,365,360,8970]
[20190918,363,364,364,362,7292]
[20190917,362,364,363,360,9572]
[20190916,362,361,364,361,7544]
[20190912,362,363,363,360,10836]
[20190911,361,360,364,360,12080]
[20190910,367,362,368,359,14566]
[20190909,367,367,371,363,17292]
[20190906,377,370,377,365,19904]
[20190905,375,375,379,375,13456]
[20190904,374,377,381,374,15250]
[20190903,372,376,375,372,8294]
[20190902,373,373,374,370,665098]
[20190830,377,373,379,372,14780]
[20190829,376,377,381,376,11636]
[20190828,376,378,379,374,12700]
[20190827,375,375,376,372,10088]
[20190826,363,374,377,363,18194]
[20190823,363,365,364,362,9082]
[20190822,362,362,363,362,6772]
[20190821,361,362,364,361,6622]
[20190820,361,363,362,360,7798]
[20190819,364,361,364,361,15400]
[20190816,364,364,368,363,15780]
[20190815,359,364,367,359,19162]
[20190814,369,364,369,356,31860]
[20190813,360,368,369,360,19220]
[20190812,362,363,364,360,8906]
[20190809,361,362,364,359,12568]
[20190808,358,360,366,358,27416]
[20190807,351,362,359,351,19502]
[20190806,352,352,356,350,18766]
[20190805,340,353,350,339,18316]
[20190802,332,340,341,331,16618]
[20190801,337,331,338,328,12796]
[20190731,336,337,337,336,6422]
[20190730,334,337,336,334,6348]
[20190729,334,335,336,334,10788]
[20190726,335,334,335,332,364220]
[20190725,335,335,336,334,253966]
[20190724,335,335,336,334,310332]
[20190723,335,335,336,332,317044]
[20190722,337,335,340,334,566104]
[20190719,334,338,340,333,482212]
[20190718,331,334,336,331,540614]
[20190717,332,331,332,330,347868]
[20190716,332,331,333,331,236982]
[20190715,331,332,333,331,273434]
[20190712,332,331,333,330,297440]
[20190711,332,332,336,330,459458]
[20190710,329,332,330,327,284306]
[20190709,331,328,331,328,347342]
[20190708,330,330,331,320,570396]
[20190705,332,329,334,332,234600]
[20190704,334,332,335,332,471468]
[20190703,327,333,338,326,803438]
[20190702,325,326,327,324,368542]
[20190701,332,325,332,323,516946]
[20190628,330,331,336,329,520660]
[20190627,332,331,333,330,492464]
[20190626,336,331,338,331,693190]
[20190625,331,336,338,330,588440]
[20190624,329,331,332,327,434100]
[20190621,325,329,331,324,528860]
[20190620,318,325,328,318,441430]
[20190619,321,318,322,317,429102]
[20190618,319,321,321,318,211494]
[20190617,320,319,322,317,339552]
[20190614,316,321,322,316,287464]
[20190613,316,317,317,315,195106]
[20190612,313,316,317,312,276538]
[20190611,315,313,315,313,180906]
[20190610,316,315,316,314,109988]
[20190606,317,315,318,314,282384]
[20190605,313,317,316,313,241708]
[20190604,311,313,314,311,217794]
[20190603,308,311,311,307,224324]
[20190531,304,308,307,304,192642]
[20190530,305,304,305,303,133132]
[20190529,304,304,305,303,125546]
[20190528,304,303,305,304,60466]
[20190527,304,304,305,304,98306]
[20190524,304,304,305,304,162444]
[20190523,302,304,303,302,94202]
[20190522,302,303,302,301,110352]
[20190521,303,302,304,302,121664]
[20190520,304,303,305,302,146760]
[20190517,304,304,305,303,147080]
[20190516,307,305,307,305,137392]
[20190515,307,306,307,304,157856]
[20190514,304,306,307,304,192542]
[20190513,302,306,303,301,135148]
[20190510,301,302,302,300,140436]
[20190509,301,301,301,299,93600]
[20190508,299,301,301,299,84702]
[20190507,298,299,299,298,59994]
[20190506,301,298,301,299,47864]
[20190430,301,300,302,300,105592]
[20190429,301,300,302,301,133018]
[20190426,301,301,302,300,153744]
[20190425,299,301,300,298,142436]
[20190424,298,298,299,297,130580]
[20190423,300,298,300,298,105996]
[20190422,299,300,300,299,89248]
[20190419,298,299,299,298,94270]
[20190418,299,298,299,297,129478]
[20190417,300,299,300,299,164056]
[20190416,301,299,302,300,114242]
[20190415,302,301,303,301,145414]
[20190412,304,302,305,303,169922]
[20190411,305,304,307,305,148154]
[20190410,305,305,306,305,131812]
[20190409,305,305,305,304,120974]
[20190408,303,305,304,303,68690]
[20190404,303,303,303,302,114240]
[20190403,302,302,303,302,132630]
[20190402,304,302,304,302,134178]
[20190401,303,303,304,302,181172]
[20190329,306,303,306,302,292632]
[20190328,308,304,309,307,191336]
[20190327,308,308,309,308,142096]
[20190326,309,309,310,308,150400]
[20190325,307,309,308,306,160562]
[20190322,308,307,308,305,162528]
[20190321,306,307,308,304,211776]
[20190320,306,306,307,305,104358]
[20190319,306,307,306,305,121168]
[20190318,305,306,305,304,125120]
[20190315,304,305,305,303,182576]
[20190314,306,303,306,305,133376]
[20190313,304,306,306,304,116066]
[20190312,304,304,305,303,148038]
[20190311,303,304,305,303,195986]
[20190308,301,303,304,300,186246]
[20190307,301,301,302,300,133882]
[20190306,300,301,302,300,165458]
[20190305,300,300,301,300,147026]
[20190304,305,300,306,301,254284]
[20190301,308,305,308,305,163926]
[20190228,308,308,309,306,159092]
[20190227,308,309,309,308,105040]
[20190226,309,309,310,308,141758]
[20190225,309,309,311,309,165060]
[20190222,312,309,312,310,147808]
[20190221,314,312,314,312,149978]
[20190220,313,314,315,313,167628]
[20190219,312,313,312,312,96062]
[20190218,310,312,312,309,168524]
[20190215,307,310,310,307,175152]
[20190214,308,307,310,308,158466]
[20190213,309,308,309,308,109176]
[20190212,308,309,309,308,120482]
[20190211,309,308,309,308,68962]
[20190201,309,309,309,308,138300]
[20190131,307,308,308,306,136284]
[20190130,307,307,308,307,189134]
[20190129,305,308,307,305,153964]
[20190128,303,306,306,302,214198]
[20190125,303,303,304,302,132736]
[20190124,304,303,304,303,129616]
[20190123,304,304,305,303,123506]
[20190122,302,304,303,302,112982]
[20190121,304,302,304,302,164154]
[20190118,305,303,306,305,135420]
[20190117,304,305,305,304,110814]
[20190116,305,304,305,304,150480]
[20190115,306,304,306,304,151412]
[20190114,305,306,305,304,159296]
[20190111,306,305,306,304,192374]
[20190110,306,306,308,306,208496]
[20190109,307,306,308,306,171646]
[20190108,309,306,310,307,180258]
[20190107,310,309,310,307,267506]
[20190104,310,310,312,310,198764]
[20190103,309,310,311,308,188976]
[20190102,308,309,309,307,74562]
[20181228,307,307,308,306,161006]
[20181227,307,307,308,306,177886]
[20181226,307,308,308,306,84158]
[20181225,306,307,308,305,129652]
[20181224,305,306,306,304,137508]
[20181221,303,305,306,303,187688]
[20181220,302,303,304,301,196016]
[20181219,302,302,303,302,92032]
[20181218,300,302,302,300,92132]
[20181217,300,300,300,299,91820]
[20181214,300,300,301,300,89028]
[20181213,301,300,302,300,89392]
[20181212,302,301,302,301,110084]
[20181211,302,302,303,302,115332]
[20181210,300,302,303,300,224718]
[20181207,299,300,301,299,165186]
[20181206,298,300,300,298,139732]
[20181205,298,298,299,297,102472]
[20181204,298,298,299,298,138612]
[20181203,298,298,299,298,146570]
[20181130,299,298,300,299,96946]
[20181129,297,299,299,296,145596]
[20181128,299,297,299,297,138704]
[20181127,299,299,299,298,80112]
[20181126,299,299,299,298,93024]
[20181123,299,299,300,299,59038]
[20181122,299,299,300,298,95650]
[20181121,299,298,300,298,115214]
[20181120,298,299,299,298,95836]
[20181119,297,298,298,297,138182]
[20181116,296,297,297,295,113562]
[20181115,294,296,296,294,102608]
[20181114,294,294,295,294,105670]
[20181113,296,294,296,295,88656]
[20181112,298,296,298,296,112732]
[20181109,299,298,299,298,60818]
[20181108,300,299,300,299,49198]
[20181107,301,300,301,299,98070]
[20181106,299,301,301,299,78756]
[20181105,299,299,300,298,83246]
[20181102,300,299,300,299,144476]
[20181101,299,300,299,298,113010]
[20181031,300,298,301,299,176436]
[20181030,302,301,302,301,142802]
[20181029,303,302,305,302,245554]
[20181026,302,303,303,301,132334]
[20181025,301,302,304,301,159810]
[20181024,303,301,304,301,169400]
[20181023,300,303,301,299,126964]
[20181022,300,300,300,300,100394]
[20181019,299,300,301,299,169552]
[20181018,299,299,300,298,119302]
[20181017,300,299,300,298,111432]
[20181016,300,300,300,299,131686]
[20181015,297,299,299,297,160312]
[20181012,295,297,298,294,257340]
[20181011,291,295,293,291,144538]
[20181010,291,291,292,290,90010]
[20181009,291,291,292,291,92634]
[20181008,293,291,293,291,47206]
[20180928,289,292,289,288,110676]
[20180927,291,289,292,290,93914]
[20180926,292,291,292,291,63182]
[20180925,291,292,291,291,43238]
[20180921,292,291,293,291,86420]
[20180920,292,292,292,291,75162]
[20180919,292,291,292,290,66612]
[20180918,291,291,292,291,83414]
[20180917,292,291,292,290,96010]
[20180914,292,291,292,290,122898]
[20180913,290,292,292,290,110064]
[20180912,289,290,291,289,90202]
[20180911,290,289,290,290,57530]
[20180910,290,290,290,289,87628]
[20180907,291,289,291,290,101790]
[20180906,289,290,290,289,72218]
[20180905,289,289,289,288,76440]
[20180904,290,289,290,289,62458]
[20180903,291,290,291,290,80214]
[20180831,291,291,291,290,101674]
[20180830,291,291,291,290,66174]
[20180829,291,291,292,289,83660]
[20180828,291,291,292,291,74368]
[20180827,289,291,291,289,113206]
[20180824,290,289,290,289,75388]
[20180823,290,290,290,289,80176]
[20180822,289,290,290,288,94676]
[20180821,288,289,290,288,85726]
[20180820,287,288,288,286,83320]
[20180817,287,287,288,286,119722]
[20180816,291,287,291,286,224850]
[20180815,291,290,292,290,89494]
[20180814,292,291,293,291,130412]
[20180813,294,292,294,293,96734]
[20180810,293,294,293,293,74302]
[20180809,292,293,293,292,77632]
[20180808,293,292,293,292,101312]
[20180807,293,293,294,293,65358]
[20180806,294,294,295,294,97358]
[20180803,295,294,295,293,74690]
[20180802,294,295,295,294,84788]
[20180801,295,295,295,294,109282]
[20180731,295,295,296,295,63690]
[20180730,296,295,296,295,67576]
[20180727,295,296,296,295,78374]
[20180726,295,295,296,295,87620]
[20180725,296,296,296,295,66334]
[20180724,296,296,296,295,94804]
[20180723,295,296,296,295,84480]
[20180720,293,296,295,293,119638]
[20180719,293,293,294,293,93970]
[20180718,295,293,295,292,165420]
[20180717,295,295,295,294,88458]
[20180716,296,295,296,295,59710]
[20180713,295,296,296,295,58390]
[20180712,297,296,297,295,85580]
[20180711,296,297,297,296,92378]
[20180710,297,296,297,295,87130]
[20180709,297,297,297,296,77470]
[20180706,296,297,297,296,100532]
[20180705,296,296,297,296,79392]
[20180704,296,296,298,296,136504]
[20180703,297,296,297,295,104684]
[20180702,295,296,296,295,87888]
[20180629,295,295,295,294,82896]
[20180628,295,295,296,295,82648]
[20180627,295,295,295,294,102006]
[20180626,295,295,296,295,90700]
[20180625,294,295,295,294,122492]
[20180622,293,294,294,293,78600]
[20180621,294,293,294,293,110268]
[20180620,294,294,295,294,97316]
[20180619,295,295,295,294,62758]
[20180615,298,295,298,297,114970]
[20180614,296,298,297,296,115882]
[20180613,296,296,297,296,68686]
[20180612,297,296,297,296,97806]
[20180611,296,296,297,296,101138]
[20180608,296,296,297,295,96484]
[20180607,296,296,297,295,73288]
[20180606,296,296,297,295,102918]
[20180605,297,296,297,295,73922]
[20180604,296,297,298,296,88094]
[20180601,298,297,299,297,111318]
[20180531,298,298,298,298,84150]
[20180530,297,298,299,297,168650]
[20180529,297,297,298,296,73148]
[20180528,298,297,298,296,111408]
[20180525,296,298,298,296,125396]
[20180524,295,296,296,294,128506]
[20180523,294,294,294,294,96086]
[20180522,294,294,294,294,83970]
[20180521,294,294,295,293,122206]
[20180518,294,294,294,293,75858]
[20180517,294,294,294,293,100738]
[20180516,296,294,296,294,122460]
[20180515,299,296,299,298,76324]
[20180514,300,299,300,299,61884]
[20180511,300,300,300,299,82304]
[20180510,299,300,300,299,103100]
[20180509,299,299,300,298,136950]
[20180508,299,298,299,299,81466]
[20180507,299,299,300,298,83402]
[20180504,299,299,299,298,89584]
[20180503,298,299,299,297,110858]
[20180502,297,298,298,296,67006]
[20180427,299,297,299,298,155608]
[20180426,299,299,300,299,102982]
[20180425,299,299,300,299,124428]
[20180424,299,299,300,298,137740]
[20180423,301,299,301,300,170490]
[20180420,302,301,303,301,129124]
[20180419,304,302,304,302,138306]
[20180418,301,303,303,301,104620]
[20180417,302,301,303,302,101098]
[20180416,301,302,303,301,166594]
[20180413,302,301,302,300,153476]
[20180412,304,302,305,302,257256]
[20180411,301,303,302,300,130024]
[20180410,301,301,302,300,106282]
[20180409,301,301,301,300,49694]
[20180404,301,300,301,299,127034]
[20180403,300,301,302,300,147102]
[20180402,299,300,300,299,67956]
[20180330,298,299,299,298,67460]
[20180329,301,298,301,298,182290]
[20180328,302,301,303,302,118026]
[20180327,303,302,305,303,117760]
[20180326,305,304,305,304,155978]
[20180323,302,305,305,301,201136]
[20180322,299,302,302,299,199032]
[20180321,298,299,299,297,91108]
[20180320,298,298,299,298,85550]
[20180319,299,298,299,297,124842]
[20180316,299,299,299,298,96710]
[20180315,300,299,300,300,75462]
[20180314,301,300,301,299,127912]
[20180313,299,301,301,299,80280]
[20180312,300,300,301,299,149788]
[20180309,301,300,302,300,109920]
[20180308,302,302,302,301,122114]
[20180307,301,302,303,301,145092]
[20180306,301,301,301,300,73490]
[20180305,301,301,302,300,116922]
[20180302,298,301,301,298,160300]
[20180301,300,298,300,299,89914]
[20180228,302,300,302,299,154276]
[20180227,303,302,304,302,101884]
[20180226,303,303,304,302,98072]
[20180223,302,303,303,302,80364]
[20180222,303,302,303,301,49234]
[20180214,302,301,304,301,92174]
[20180213,300,302,302,300,97824]
[20180212,299,301,301,298,152394]
[20180209,300,299,302,299,142682]
[20180208,299,300,300,298,153822]
[20180207,303,299,303,299,156446]
[20180206,302,302,305,302,152570]
[20180205,304,302,304,301,173770]
[20180202,304,304,305,304,87694]
[20180201,304,304,305,304,94278]
[20180131,306,304,306,304,116506]
[20180130,306,305,307,304,126552]
[20180129,308,306,308,307,107438]
[20180126,309,308,310,307,145638]
[20180125,310,310,311,309,132072]
[20180124,308,310,309,307,114386]
[20180123,307,308,308,307,100500]
[20180122,307,307,307,307,80182]
[20180119,307,307,308,306,113004]
[20180118,309,307,309,307,113546]
[20180117,310,309,310,309,108570]
[20180116,311,310,311,310,67848]
[20180115,310,311,311,309,142020]
[20180112,309,310,310,309,97288]
[20180111,310,310,310,309,93196]
[20180110,309,310,309,308,92584]
[20180109,309,309,309,308,89288]
[20180108,308,309,309,307,116900]
[20180105,308,308,309,307,122916]
[20180104,309,307,309,307,107292]
[20180103,308,309,310,308,110772]
[20180102,308,308,308,307,42524]
[20171229,306,307,306,306,64752]
[20171228,306,306,307,305,68822]
[20171227,304,306,305,304,59834]
[20171226,304,304,305,304,37130]
[20171225,303,304,305,303,79616]
[20171222,302,303,303,302,59294]
[20171221,303,302,303,302,78888]
[20171220,303,303,303,303,66116]
[20171219,303,303,304,302,96802]
[20171218,303,303,303,301,98444]
[20171215,302,303,302,301,78138]
[20171214,299,302,303,299,139786]
[20171213,299,299,300,298,71462]
[20171212,301,299,301,299,70260]
[20171211,300,300,301,299,106040]
[20171208,301,300,302,300,104470]
[20171207,304,301,304,301,119880]
[20171206,306,304,306,303,143286]
[20171205,305,306,306,305,70222]
[20171204,306,306,308,305,150090]
[20171201,308,306,308,305,108368]
[20171130,310,307,310,308,149050]
[20171129,310,310,311,309,84734]
[20171128,310,310,311,309,129182]
[20171127,308,310,309,308,69968]
[20171124,309,309,309,308,56122]
[20171123,309,309,309,308,85894]
[20171122,308,309,309,308,88182]
[20171121,310,308,311,307,117254]
[20171120,308,310,311,308,118298]
[20171117,308,308,308,307,77928]
[20171116,309,308,309,307,100666]
[20171115,307,309,309,306,75732]
[20171114,308,307,309,307,33204]
[20171113,310,308,310,308,39738]
[20171110,309,310,310,309,61404]
[20171109,308,310,309,308,74860]
[20171108,307,308,308,306,57276]
[20171107,306,308,308,306,75788]
[20171106,307,306,307,305,88716]
[20171103,306,307,307,306,74510]
[20171102,306,306,307,305,77064]
[20171101,306,306,307,305,95312]
[20171031,307,306,308,307,118220]
[20171030,306,307,307,306,119312]
[20171027,308,306,308,306,135638]
[20171026,307,308,309,307,109490]
[20171025,308,308,308,307,98774]
[20171024,307,308,309,307,95226]
[20171023,309,307,309,307,118404]
[20171020,309,309,310,309,102114]
[20171019,309,309,309,308,98546]
[20171018,310,309,310,309,98468]
[20171017,312,310,312,310,125730]
[20171016,311,312,312,310,108178]
[20171013,310,311,310,309,74610]
[20171012,309,310,310,308,96128]
[20171011,309,309,310,309,95806]
[20171010,309,310,310,309,79228]
[20171009,309,309,311,309,67898]
[20170929,311,310,312,311,93328]
[20170928,312,311,312,310,142158]
[20170927,313,311,315,312,154346]
[20170926,311,314,316,311,197448]
[20170925,310,311,311,310,90788]
[20170922,310,310,311,309,133516]
[20170921,313,310,314,310,189064]
[20170920,313,313,314,313,85400]
[20170919,313,313,314,312,131532]
[20170918,315,313,315,313,153084]
[20170915,315,315,316,315,127366]
[20170914,315,315,316,314,139774]
[20170913,315,315,316,314,95404]
[20170912,316,315,316,314,121702]
[20170911,317,316,317,315,187894]
[20170908,317,317,318,316,194964]
[20170907,318,317,318,316,159722]
[20170906,316,317,318,316,152948]
[20170905,317,317,318,316,102624]
[20170904,316,317,319,315,221680]
[20170901,314,316,316,314,157428]
[20170831,314,314,315,313,130424]
[20170830,317,314,318,313,202444]
[20170829,314,318,317,313,200580]
[20170828,312,313,314,310,254802]
[20170825,312,312,313,312,105652]
[20170824,313,312,313,312,104142]
[20170823,313,313,314,311,139280]
[20170822,313,313,314,312,137282]
[20170821,315,313,316,312,210352]
[20170818,313,316,314,312,135200]
[20170817,310,313,314,309,178114]
[20170816,309,310,311,309,102484]
[20170815,312,309,313,310,168198]
[20170814,313,312,314,312,152174]
[20170811,312,312,314,312,202458]
[20170810,311,312,312,310,163056]
[20170809,309,311,310,307,172848]
[20170808,309,309,309,308,101962]
[20170807,310,309,310,308,155794]
[20170804,310,310,312,310,130116]
[20170803,311,310,312,309,136182]
[20170802,311,311,312,311,151268]
[20170801,311,311,312,311,85082]
[20170731,311,311,312,311,133138]
[20170728,311,311,311,309,138224]
[20170727,307,311,311,307,155792]
[20170726,309,307,309,307,128234]
[20170725,310,309,310,309,86562]
[20170724,310,310,310,309,111474]
[20170721,307,309,309,306,161848]
[20170720,307,307,307,306,92364]
[20170719,307,307,307,306,102856]
[20170718,306,307,307,306,114590]
[20170717,306,306,306,305,135174]
[20170714,304,305,304,302,106246]
[20170713,305,303,305,303,139854]
[20170712,302,304,304,301,147792]
[20170711,301,302,303,301,125936]
[20170710,305,302,305,300,217244]
[20170707,305,303,306,304,108198]
[20170706,304,306,306,304,109356]
[20170705,305,304,306,303,105606]
[20170704,306,305,306,304,162446]
[20170703,308,305,309,307,124872]
[20170630,309,309,310,308,193608]
[20170629,312,309,312,311,147624]
[20170628,312,312,312,311,155976]
[20170627,311,312,313,311,147478]
[20170626,315,311,315,314,67178]
[20170623,313,314,314,312,110118]
[20170622,311,313,314,310,123968]
[20170621,311,311,312,310,93896]
[20170620,312,311,312,311,100442]
[20170619,313,311,313,312,93002]
[20170616,312,313,313,311,124246]
[20170615,317,312,318,313,206442]
[20170614,314,317,316,313,112848]
[20170613,314,314,315,314,92914]
[20170612,315,314,315,314,129840]
[20170609,319,315,319,316,210712]
[20170608,321,319,321,319,132200]
[20170607,321,320,321,320,126562]
[20170606,319,321,320,318,127550]
[20170605,317,318,319,316,185876]
[20170602,315,316,316,314,113628]
[20170601,316,314,317,315,141124]
[20170531,317,315,317,315,61550]
[20170526,316,317,317,315,96210]
[20170525,316,316,317,315,125352]
[20170524,319,316,319,315,160458]
[20170523,318,319,319,317,110838]
[20170522,317,317,317,316,103874]
[20170519,317,317,318,315,174428]
[20170518,316,317,319,316,200430]
[20170517,313,316,315,313,126492]
[20170516,313,313,314,312,102960]
[20170515,312,313,313,311,113698]
[20170512,310,312,312,310,111102]
[20170511,310,310,310,309,81982]
[20170510,310,310,310,308,107922]
[20170509,312,310,313,310,120500]
[20170508,311,312,312,311,61240]
[20170505,311,312,313,310,94228]
[20170504,317,311,317,312,139364]
[20170503,317,317,318,316,59590]
[20170502,318,316,318,317,68778]
[20170428,320,318,320,319,121888]
[20170427,320,320,321,319,142962]
[20170426,320,320,321,319,165022]
[20170425,321,320,322,320,148142]
[20170424,324,321,326,321,288300]
[20170421,323,324,324,323,148126]
[20170420,324,323,324,322,203584]
[20170419,324,324,325,323,237730]
[20170418,325,324,326,323,176962]
[20170417,326,325,328,325,178354]
[20170414,325,327,326,324,135256]
[20170413,324,326,326,323,226868]
[20170412,321,324,325,320,295842]
[20170411,318,321,320,318,157560]
[20170410,322,318,322,318,227834]
[20170407,318,321,323,317,283894]
[20170406,317,318,319,316,180830]
[20170405,318,317,319,318,53552]
[20170331,317,318,317,315,163618]
[20170330,318,316,318,317,112730]
[20170329,319,318,319,317,144352]
[20170328,319,319,319,318,131884]
[20170327,316,319,319,315,153264]
[20170324,317,316,318,315,164982]
[20170323,316,317,317,316,151536]
[20170322,314,317,317,314,229084]
[20170321,315,314,315,313,156054]
[20170320,314,314,315,313,126414]
[20170317,315,314,315,313,121766]
[20170316,307,314,314,307,246438]
[20170315,308,308,309,307,141684]
[20170314,308,308,309,308,114404]
[20170313,307,309,310,306,233904]
[20170310,309,307,310,307,176882]
[20170309,310,309,311,308,197812]
[20170308,312,310,312,311,156908]
[20170307,314,312,314,312,130848]
[20170306,313,314,315,313,163430]
[20170303,316,314,316,313,223036]
[20170302,316,315,317,315,160394]
[20170301,318,316,319,315,194694]
[20170228,319,318,321,318,148738]
[20170227,319,319,320,317,162636]
[20170224,315,319,319,315,247934]
[20170223,314,315,315,313,142088]
[20170222,313,314,315,312,146212]
[20170221,314,313,314,313,89250]
[20170220,315,314,315,313,132370]
[20170217,314,315,314,313,140074]
[20170216,311,314,314,309,215522]
[20170215,313,311,313,310,174442]
[20170214,312,312,312,310,153724]
[20170213,312,312,314,311,187092]
[20170210,315,312,315,311,209240]
[20170209,315,315,316,315,129880]
[20170208,313,315,314,312,128360]
[20170207,311,313,313,311,139896]
[20170206,307,311,310,306,179172]
[20170203,306,306,308,306,64804]
[20170126,305,307,305,302,135188]
[20170125,308,305,309,304,139362]
[20170124,308,307,309,308,109798]
[20170123,306,308,310,306,163456]
[20170120,307,306,307,306,149796]
[20170119,309,307,309,306,161402]
[20170118,310,309,311,309,174354]
[20170117,308,310,311,308,146770]
[20170116,307,308,309,306,204920]
[20170113,308,307,308,306,167778]
[20170112,307,308,308,304,327962]
[20170111,307,307,308,306,168708]
[20170110,306,307,308,306,184980]
[20170109,304,306,306,304,164056]
[20170106,304,305,305,304,215914]
[20170105,306,304,306,303,259528]
[20170104,304,306,307,304,219160]
[20170103,305,305,307,305,106630]
[20161230,303,306,308,303,245336]
[20161229,301,303,304,301,201790]
[20161228,301,302,303,300,158794]
[20161227,300,301,301,299,120250]
[20161226,298,300,300,298,121718]
[20161223,297,298,299,297,144942]
[20161222,299,297,300,297,110580]
[20161221,298,299,300,296,177152]
[20161220,301,298,302,300,144320]
[20161219,300,301,302,300,161360]
[20161216,300,300,301,299,197042]
[20161215,305,300,306,300,291010]
[20161214,303,304,305,303,235248]
[20161213,303,304,305,302,160892]
[20161212,304,303,305,302,183808]
[20161209,305,304,306,303,161362]
[20161208,304,305,306,304,223608]
[20161207,304,304,304,303,160616]
[20161206,303,303,305,302,217526]
[20161205,303,303,306,302,278306]
[20161202,303,304,305,302,193730]
[20161201,306,303,306,302,301538]
[20161130,307,306,308,306,175974]
[20161129,309,307,311,308,190266]
[20161128,308,310,311,307,238680]
[20161125,309,307,310,304,235030]
[20161124,312,309,312,309,321350]
[20161123,312,312,313,311,166650]
[20161122,312,313,313,311,167778]
[20161121,310,311,312,309,175890]
[20161118,313,310,314,309,201558]
[20161117,313,313,314,313,126836]
[20161116,312,313,314,311,168416]
[20161115,310,312,313,309,227158]
[20161114,318,310,319,305,344538]
[20161111,322,318,324,316,232732]
[20161110,326,323,328,320,206762]
[20161109,321,326,332,319,415072]
[20161108,322,321,322,320,89636]
[20161107,325,322,326,322,114648]
[20161104,323,325,325,323,118550]
[20161103,324,323,326,324,142112]
[20161102,322,324,324,322,125934]
[20161101,319,322,321,319,108828]
[20161031,317,319,322,317,206736]
[20161028,319,319,319,318,132990]
[20161027,319,319,319,317,139048]
[20161026,318,319,320,318,184518]
[20161025,318,318,319,316,154364]
[20161024,317,318,317,316,116140]
[20161021,317,317,318,315,155964]
[20161020,317,317,318,316,140150]
[20161019,315,317,315,314,119592]
[20161018,313,314,315,313,138388]
[20161017,312,313,314,312,177846]
[20161014,313,312,314,313,142412]
[20161013,312,313,314,312,197518]
[20161012,312,313,313,312,126250]
[20161011,313,313,314,312,162024]
[20161010,313,313,314,312,104314]
[20160930,325,313,327,325,111352]
[20160929,327,325,327,325,124722]
[20160928,329,327,329,326,145478]
[20160927,330,328,331,329,112554]
[20160926,330,331,330,329,113424]
[20160923,330,330,331,329,156114]
[20160922,328,330,330,326,186160]
[20160921,325,328,327,325,139634]
[20160920,325,325,326,325,91008]
[20160919,324,325,326,324,64292]
[20160914,328,325,328,326,159768]
[20160913,328,328,330,327,180074]
[20160912,330,328,331,328,172470]
[20160909,332,330,332,330,155838]
[20160908,333,331,333,331,120642]
[20160907,330,332,334,330,220474]
[20160906,328,330,328,328,69480]
[20160905,327,328,328,326,184252]
[20160902,323,327,325,323,189252]
[20160901,323,323,324,323,149558]
[20160831,325,323,326,323,184216]
[20160830,325,325,327,325,131080]
[20160829,327,325,330,324,392152]
[20160826,325,327,326,324,97224]
[20160825,328,325,328,325,156120]
[20160824,330,327,330,328,118202]
[20160823,329,329,329,328,92078]
[20160822,329,329,331,327,201892]
[20160819,331,330,332,330,146454]
[20160818,330,331,332,327,189758]
[20160817,330,329,331,329,199146]
[20160816,329,330,331,328,157324]
[20160815,333,329,333,325,245830]
[20160812,331,332,332,328,189406]
[20160811,333,331,333,329,198050]
[20160810,328,333,333,328,193600]
[20160809,329,329,330,328,120408]
[20160808,332,329,332,328,221050]
[20160805,335,332,336,334,162390]
[20160804,335,335,335,331,212670]
[20160803,335,334,335,334,159856]
[20160802,332,335,333,331,174728]
[20160801,332,332,332,329,230268]
[20160729,332,331,332,328,199314]
[20160728,327,331,331,327,252516]
[20160727,327,328,327,325,154434]
[20160726,326,327,327,325,189072]
[20160725,327,325,328,325,179984]
[20160722,326,327,329,325,267972]
[20160721,326,326,327,324,222960]
[20160720,330,326,331,329,203144]
[20160719,330,330,332,329,222184]
[20160718,330,330,331,328,285526]
[20160715,327,330,331,327,244188]
[20160714,332,328,334,330,287314]
[20160713,334,332,334,329,419530]
[20160712,335,334,337,335,222306]
[20160711,333,335,340,333,380080]
[20160708,337,336,337,334,304550]
[20160707,340,336,340,338,316196]
[20160706,334,340,341,332,517854]
[20160705,335,333,335,330,318970]
[20160704,330,335,336,329,537188]
[20160701,324,329,330,324,422102]
[20160630,325,325,327,323,261952]
[20160629,324,325,326,323,272328]
[20160628,326,324,327,324,302772]
[20160627,324,326,326,321,527514]
[20160624,307,324,324,307,956592]
[20160623,308,308,310,308,224412]
[20160622,310,308,311,307,245540]
[20160621,313,310,314,312,236696]
[20160620,314,312,316,312,304384]
[20160617,320,315,322,311,512544]
[20160616,314,320,321,313,335602]
[20160615,314,313,315,313,217098]
[20160614,315,315,315,312,189218]
[20160613,311,314,314,310,142042]
[20160608,302,311,305,302,147560]
[20160607,303,302,304,302,170990]
[20160606,301,303,303,301,237524]
[20160603,297,301,297,295,131862]
[20160602,297,296,297,294,193880]
[20160601,295,297,298,295,210308]
[20160531,294,296,296,293,186864]
[20160530,296,294,296,292,282738]
[20160527,298,296,299,294,262760]
[20160526,296,299,299,295,221484]
[20160525,301,297,301,297,292626]
[20160524,303,301,304,301,226004]
[20160523,305,302,306,303,221384]
[20160520,302,306,305,302,195722]
[20160519,309,303,310,304,335610]
[20160518,308,308,311,308,224902]
[20160517,312,309,312,308,258548]
[20160516,306,312,312,306,269348]
[20160513,307,307,310,306,291638]
[20160512,308,308,309,306,183392]
[20160511,306,308,308,303,234906]
[20160510,307,305,308,304,248400]
[20160509,312,307,313,308,335818]
[20160506,311,311,311,306,242238]
[20160505,310,311,312,308,136576]
[20160504,312,311,313,309,170384]
[20160503,311,313,313,310,112862]
[20160429,302,312,309,302,330940]
[20160428,302,303,303,299,326382]
[20160427,298,301,301,298,226704]
[20160426,298,299,300,298,162484]
[20160425,301,298,301,296,356560]
[20160422,306,301,307,300,364956]
[20160421,301,307,305,300,331190]
[20160420,301,301,303,299,292942]
[20160419,298,300,300,296,223574]
[20160418,297,298,298,295,199540]
[20160415,297,296,298,295,218482]
[20160414,300,297,301,296,253494]
[20160413,302,300,303,300,246674]
[20160412,301,303,302,300,176014]
[20160411,297,301,301,297,229324]
[20160408,298,297,299,297,230970]
[20160407,294,298,296,294,206392]
[20160406,297,295,297,295,175168]
[20160405,294,297,296,293,73824]
[20160401,297,295,297,295,204368]
[20160331,298,297,298,294,249540]
[20160330,295,297,300,295,329636]
[20160329,295,297,296,294,167606]
[20160328,295,295,296,293,139032]
[20160325,296,295,296,295,140466]
[20160324,296,295,296,294,331320]
[20160323,303,295,303,298,298584]
[20160322,299,302,301,299,244996]
[20160321,301,300,303,299,307600]
[20160318,304,302,305,303,366416]
[20160317,298,305,305,297,468068]
[20160316,299,298,299,297,357232]
[20160315,303,298,304,296,557106]
[20160314,306,304,307,302,501554]
[20160311,302,305,310,300,802018]
[20160310,304,302,305,301,504282]
[20160309,309,304,309,303,484330]
[20160308,308,308,309,306,501198]
[20160307,306,309,310,304,862196]
[20160304,303,306,307,302,595444]
[20160303,300,303,303,299,472722]
[20160302,303,301,304,299,601592]
[20160301,300,304,304,299,511906]
[20160229,302,299,302,295,732718]
[20160226,301,301,303,299,573066]
[20160225,300,301,305,299,749154]
[20160224,296,300,299,296,422962]
[20160223,293,296,296,293,340740]
[20160222,299,294,299,295,435272]
[20160219,293,298,299,293,352760]
[20160218,294,293,295,293,285592]
[20160217,294,293,295,291,359372]
[20160216,294,294,294,290,290278]
[20160215,298,293,299,295,152810]
[20160205,282,297,284,282,203946]
[20160204,279,282,282,278,254716]
[20160203,277,279,279,277,190326]
[20160202,277,277,278,276,172260]
[20160201,275,277,277,274,189796]
[20160129,276,275,276,274,221664]
[20160128,276,276,277,275,185054]
[20160127,275,276,277,274,219234]
[20160126,272,274,276,272,233416]
[20160125,271,272,272,270,188422]
[20160122,272,271,272,270,223588]
[20160121,272,271,274,271,262676]
[20160120,268,271,270,268,159658]
[20160119,269,268,270,268,133848]
[20160118,268,270,271,268,305028]
[20160115,269,269,270,267,234684]
[20160114,267,269,271,267,293884]
[20160113,268,267,269,268,195028]
[20160112,273,268,273,270,267552]
[20160111,273,272,275,271,325176]
[20160108,273,272,275,272,339640]
[20160107,269,274,274,267,439638]
[20160106,266,268,267,264,247996]
[20160105,264,265,266,263,244410]
[20160104,261,264,263,261,104082]
[20151231,261,261,261,261,0]
[20151223,263,261,264,263,0]
[20151222,263,264,263,263,0]
[20151221,261,263,263,261,0]
[20151217,261,262,261,261,0]
[20151216,260,261,263,259,0]
[20151210,261,259,262,261,0]
[20151207,254,262,261,254,503216]
[20151204,253,255,258,252,234314]
[20151203,255,253,255,251,236918]
[20151202,256,255,257,255,142352]
[20151201,252,256,257,252,268706]
[20151130,254,253,254,251,12]
[20151127,257,254,257,254,10]
[20151126,257,257,258,256,200766]
[20151125,257,257,259,257,219650]
[20151124,256,259,257,255,171002]
[20151123,259,256,260,255,183484]
[20151120,256,260,260,256,162258]
[20151119,256,256,258,255,121578]
[20151118,258,255,259,254,175326]
[20151117,262,258,262,257,136882]
[20151116,259,261,263,259,100748]
[20151113,260,260,261,257,144150]
[20151112,261,259,261,260,70866]
[20151111,261,261,262,259,113004]
[20151110,261,261,262,260,95434]
[20151109,265,261,265,259,189908]
[20151106,264,265,265,264,102396]
[20151105,266,264,267,264,143310]
[20151104,269,267,269,265,133622]
[20151103,271,269,271,270,83324]
[20151102,271,270,272,270,126698]
[20151030,275,272,275,272,174720]
[20151029,280,275,282,276,283218]
[20151028,277,280,280,277,151148]
[20151027,278,277,279,277,118776]
[20151026,281,277,281,276,182640]
[20151023,277,279,280,277,179682]
[20151022,280,278,280,277,182140]
[20151021,279,279,281,278,200868]
[20151020,280,278,280,277,167260]
[20151019,281,279,282,278,197078]
[20151016,280,281,282,279,248864]
[20151015,279,280,282,279,209112]
[20151014,276,279,280,275,202900]
[20151013,277,277,277,274,161664]
[20151012,275,276,277,274,178166]
[20151009,272,274,275,272,123538]
[20151008,273,272,274,273,45428]
[20150930,270,273,271,268,104050]
[20150929,271,270,272,269,122896]
[20150928,275,271,276,273,57978]
[20150925,274,275,278,274,266274]
[20150924,272,275,274,272,111690]
[20150923,271,272,271,270,93966]
[20150922,273,270,273,272,75218]
[20150921,274,273,274,272,153794]
[20150918,269,273,273,268,216954]
[20150917,268,269,271,268,223646]
[20150916,266,268,267,266,105918]
[20150915,266,266,267,265,136486]
[20150914,266,266,267,264,213272]
[20150911,268,266,268,266,201114]
[20150910,270,268,270,266,247620]
[20150909,270,268,272,270,189300]
[20150908,270,271,270,269,116844]
[20150907,270,270,271,269,55064]
[20150902,275,271,277,273,221294]
[20150901,272,276,275,271,215042]
[20150831,273,272,276,272,319570]
[20150828,271,272,274,271,366906]
[20150827,273,272,273,270,329128]
[20150826,279,272,279,274,479640]
[20150825,279,277,284,277,603614]
[20150824,279,281,282,277,566082]
[20150821,276,280,283,276,430748]
[20150820,271,276,276,271,299516]
[20150819,270,272,272,268,217254]
[20150818,271,269,271,270,147468]
[20150817,271,271,271,267,217508]
[20150814,271,271,272,269,204500]
[20150813,274,271,275,271,372742]
[20150812,265,273,274,264,473128]
[20150811,257,265,264,257,446268]
[20150810,254,257,258,254,221492]
[20150807,254,255,257,254,201296]
[20150806,255,254,255,253,165310]
[20150805,256,255,256,254,127644]
[20150804,256,256,257,253,193630]
[20150803,255,256,259,255,237538]
[20150430,257,256,258,255,164728]
[20150429,256,257,258,255,179100]
[20150428,252,255,257,251,244940]
[20150427,252,252,252,249,195310]
[20150424,252,252,254,251,145338]
[20150423,255,252,255,251,258810]
[20150422,255,254,256,254,128040]
[20150421,255,255,255,254,144984]
[20150420,256,255,257,255,129658]
[20150417,256,255,256,254,151454]
[20150416,254,256,257,254,148750]
[20150415,253,254,256,253,136648]
[20150414,257,255,257,253,162116]
[20150413,257,257,258,256,149502]
[20150410,255,257,255,254,122284]
[20150409,257,254,258,254,173610]
[20150408,258,258,259,257,109946]
[20150407,258,258,259,258,35654]
[20150403,257,258,257,254,155258]
[20150402,254,256,257,254,226272]
[20150401,253,254,254,252,162400]
