[20210830,3142,3140,3160,3108,357098]
[20210827,3028,3126,3146,3012,594987]
[20210826,3072,3050,3082,3038,290171]
[20210825,3082,3066,3110,3036,394285]
[20210824,3036,3072,3104,3034,420446]
[20210823,2974,3042,3042,2954,384056]
[20210820,3022,2984,3042,2988,410145]
[20210819,3166,3022,3168,3034,474501]
[20210818,3124,3152,3160,3088,433081]
[20210817,3144,3140,3180,3118,344108]
[20210816,3250,3144,3272,3158,287889]
[20210813,3254,3268,3274,3215,189457]
[20210812,3235,3268,3290,3217,236545]
[20210811,3205,3227,3256,3190,282650]
[20210810,3162,3196,3217,3156,321964]
[20210809,3391,3184,3403,3178,598509]
[20210806,3307,3368,3397,3303,411475]
[20210805,3280,3337,3321,3262,388634]
[20210804,3256,3288,3329,3241,314364]
[20210803,3358,3278,3391,3274,407614]
[20210802,3354,3372,3388,3270,483995]
[20210730,3356,3366,3405,3348,421801]
[20210729,3313,3403,3360,3311,353555]
[20210728,3252,3344,3325,3229,491004]
[20210727,3186,3250,3266,3182,451811]
[20210726,3229,3188,3241,3168,470691]
[20210723,3250,3205,3276,3225,435743]
[20210722,3217,3250,3260,3196,482877]
[20210721,3188,3205,3215,3131,579754]
[20210720,3254,3211,3282,3196,578274]
[20210719,3313,3270,3331,3235,593943]
[20210716,3278,3305,3313,3260,475955]
[20210715,3497,3295,3497,3282,885814]
[20210714,3493,3458,3529,3474,369417]
[20210713,3485,3491,3529,3474,274611]
[20210712,3501,3497,3562,3487,380850]
[20210709,3440,3527,3503,3425,377190]
[20210708,3501,3438,3513,3405,579618]
[20210707,3632,3493,3642,3466,618927]
[20210706,3630,3601,3695,3589,435337]
[20210705,3566,3615,3638,3544,428616]
[20210702,3578,3570,3628,3550,369170]
[20210701,3593,3605,3601,3515,474355]
[20210630,3572,3587,3597,3542,330585]
[20210629,3583,3587,3597,3536,399879]
[20210628,3625,3587,3654,3566,554993]
[20210625,3470,3630,3625,3456,656297]
[20210624,3495,3489,3515,3464,348481]
[20210623,3403,3507,3538,3393,594704]
[20210622,3301,3399,3413,3280,378997]
[20210621,3319,3299,3374,3299,404224]
[20210618,3409,3325,3452,3303,549470]
[20210617,3419,3411,3429,3372,350307]
[20210616,3382,3393,3433,3366,392650]
[20210615,3329,3378,3388,3315,322556]
[20210611,3196,3374,3321,3184,439893]
[20210610,3270,3199,3274,3160,434011]
[20210609,3221,3264,3290,3221,302620]
[20210608,3288,3246,3303,3217,361459]
[20210607,3382,3284,3399,3282,435318]
[20210604,3370,3376,3378,3309,358067]
[20210603,3356,3356,3407,3344,319994]
[20210602,3354,3354,3395,3321,345070]
[20210601,3237,3374,3350,3233,370205]
[20210531,3227,3250,3243,3178,330186]
[20210528,3172,3219,3272,3154,396964]
[20210527,3317,3192,3319,3170,500696]
[20210526,3329,3266,3358,3305,191239]
[20210525,3297,3346,3377,3268,227008]
[20210524,3272,3301,3339,3247,313690]
[20210521,3310,3287,3312,3232,325900]
[20210520,3366,3276,3366,3282,348431]
[20210519,3446,3308,3455,3362,388323]
[20210518,3536,3421,3547,3413,580647]
[20210517,3413,3480,3417,3255,563966]
[20210514,3266,3280,3266,3064,569728]
[20210513,3337,3240,3356,3251,444533]
[20210512,3211,3320,3333,3196,428140]
[20210511,3247,3205,3266,3152,436781]
[20210510,3230,3266,3310,3219,578839]
[20210507,3234,3236,3270,3215,325395]
[20210506,3209,3242,3259,3186,233315]
[20210430,3154,3221,3188,3123,536107]
[20210429,3104,3169,3146,3091,429672]
[20210428,3072,3100,3112,3049,534734]
[20210427,2980,3064,3070,2972,427415]
[20210426,3018,2990,3083,2993,578759]
[20210423,3014,3030,3051,3007,407687]
[20210422,3056,3039,3106,2997,599744]
[20210421,3129,3049,3140,3056,432818]
[20210420,3135,3127,3150,3116,361271]
[20210419,3161,3131,3173,3100,463050]
[20210416,3102,3154,3165,3083,477168]
[20210415,3049,3100,3140,3039,648364]
[20210414,2940,3047,3047,2940,597223]
[20210413,2896,2974,2948,2890,477343]
[20210412,2936,2915,2959,2856,717264]
[20210409,2927,2929,2961,2894,500723]
[20210408,2969,2915,2980,2917,542218]
[20210407,3009,2965,3056,2972,553404]
[20210406,3039,3007,3064,3005,358336]
[20210402,3005,3051,3104,2999,569998]
[20210401,2957,3047,3007,2908,551032]
[20210331,2993,2944,3018,2965,347989]
[20210330,3005,2999,3039,2984,396863]
[20210329,2990,3005,3039,2946,488219]
[20210326,2908,2999,3011,2906,531678]
[20210325,2978,2921,2993,2923,422100]
[20210324,2929,2976,2978,2894,565491]
[20210323,2997,2936,3007,2944,387231]
[20210322,2942,2997,3005,2938,442331]
[20210319,3171,2980,3184,2925,847790]
[20210318,3173,3182,3211,3161,321622]
[20210317,3173,3173,3240,3142,379662]
[20210316,3247,3158,3247,3156,442767]
[20210315,3278,3213,3358,3259,465502]
[20210312,3297,3272,3320,3247,358233]
[20210311,3255,3308,3291,3236,365279]
[20210310,3343,3255,3356,3209,469653]
[20210309,3444,3331,3444,3314,436599]
[20210308,3402,3389,3539,3392,504751]
[20210305,3230,3410,3387,3198,682018]
[20210304,3217,3219,3268,3205,400981]
[20210303,3232,3228,3280,3177,455897]
[20210302,3308,3230,3322,3186,490130]
[20210301,3396,3295,3448,3291,538440]
[20210226,3488,3371,3501,3387,547341]
[20210225,3356,3490,3503,3350,509837]
[20210224,3293,3389,3337,3272,471421]
[20210223,3194,3295,3347,3182,644571]
[20210222,3140,3194,3213,3131,413708]
[20210219,3190,3133,3226,3098,460476]
[20210218,3169,3205,3203,3163,161730]
[20210210,3074,3179,3079,3020,287539]
[20210209,3030,3058,3112,3028,364375]
[20210208,3016,3047,3077,3001,433721]
[20210205,2993,3014,3016,2972,310338]
[20210204,2942,2984,2995,2942,416524]
[20210203,2961,2953,2976,2923,421341]
[20210202,2908,2963,2957,2900,526798]
[20210201,2885,2908,2932,2852,555082]
[20210129,2875,2887,2917,2848,573588]
[20210128,2873,2866,2885,2850,364279]
[20210127,2822,2875,2887,2801,485418]
[20210126,2814,2820,2824,2782,385532]
[20210125,2799,2799,2843,2770,422759]
[20210122,2871,2778,2887,2795,570511]
[20210121,2866,2881,2887,2841,414146]
[20210120,2871,2845,2925,2852,553545]
[20210119,2862,2881,2894,2822,461171]
[20210118,2862,2875,2877,2793,616691]
[20210115,2829,2871,2881,2799,609058]
[20210114,2814,2827,2839,2757,586429]
[20210113,2787,2818,2827,2757,474667]
[20210112,2732,2774,2789,2667,664819]
[20210111,2866,2740,2890,2715,825124]
[20210108,2820,2877,2873,2797,565724]
[20210107,2755,2810,2843,2747,600931]
[20210106,2698,2770,2780,2684,637541]
[20210105,2728,2696,2749,2675,530433]
[20210104,2667,2736,2757,2629,441904]
[20201231,2713,2680,2726,2669,660076]
[20201230,2753,2703,2774,2705,799662]
[20201229,2795,2753,2806,2734,571359]
[20201228,2778,2785,2814,2732,695095]
[20201225,2749,2764,2780,2736,344985]
[20201224,2711,2747,2766,2698,535846]
[20201223,2730,2709,2740,2621,857074]
[20201222,2782,2736,2806,2709,800872]
[20201221,2902,2780,2927,2766,1049192]
[20201218,2936,2898,2959,2892,698103]
[20201217,2917,2946,2950,2879,725483]
[20201216,2929,2927,2942,2906,419232]
[20201215,2942,2919,2974,2904,535513]
[20201214,2831,2965,2948,2820,947401]
[20201211,2835,2831,2898,2799,890973]
[20201210,2835,2845,2906,2812,755308]
[20201209,2797,2864,2860,2776,629176]
[20201208,2856,2818,2862,2793,515203]
[20201207,2822,2860,2887,2791,625809]
[20201204,2824,2806,2860,2740,826639]
[20201203,2772,2835,2875,2755,825242]
[20201202,2776,2761,2785,2703,545592]
[20201201,2751,2764,2797,2747,403929]
[20201130,2806,2766,2818,2743,251819]
[20201127,2758,2808,2836,2740,266379]
[20201126,2816,2756,2825,2768,297354]
[20201125,2763,2797,2878,2747,779903]
[20201124,2673,2761,2770,2666,484577]
[20201123,2579,2680,2680,2565,451121]
[20201120,2588,2591,2609,2554,434631]
[20201119,2637,2600,2639,2568,389363]
[20201118,2632,2625,2632,2558,411505]
[20201117,2705,2588,2726,2625,377132]
[20201116,2602,2712,2696,2591,480650]
[20201113,2618,2598,2634,2584,345008]
[20201112,2602,2607,2637,2586,394933]
[20201111,2598,2625,2614,2572,368448]
[20201110,2552,2607,2607,2526,629215]
[20201109,2446,2547,2506,2444,452711]
[20201106,2526,2460,2540,2423,677872]
[20201105,2584,2524,2584,2513,439453]
[20201104,2591,2572,2591,2533,409365]
[20201103,2519,2565,2581,2519,413861]
[20201102,2565,2552,2591,2496,677204]
[20201030,2593,2579,2637,2529,1099352]
[20201029,2715,2558,2719,2641,827719]
[20201028,2790,2687,2807,2689,932156]
[20201027,2779,2797,2802,2751,449018]
[20201026,2802,2795,2807,2735,690451]
[20201023,2784,2797,2811,2774,498727]
[20201022,2827,2786,2836,2738,764258]
[20201021,2804,2827,2855,2788,752528]
[20201020,2797,2793,2816,2770,539399]
[20201019,2793,2795,2813,2770,588665]
[20201016,2689,2786,2807,2678,892417]
[20201015,2708,2703,2754,2701,781585]
[20201014,2689,2705,2701,2639,662881]
[20201013,2680,2680,2689,2646,533294]
[20201012,2699,2676,2731,2673,521455]
[20201009,2733,2724,2749,2692,247258]
[20200930,2671,2710,2687,2653,502012]
[20200929,2680,2669,2701,2637,404294]
[20200928,2650,2689,2678,2634,459856]
[20200925,2637,2660,2687,2600,788381]
[20200924,2699,2620,2701,2625,683005]
[20200923,2705,2683,2708,2620,845755]
[20200922,2756,2703,2758,2618,1228824]
[20200921,2774,2747,2827,2756,899167]
[20200918,2797,2781,2807,2765,678453]
[20200917,2797,2779,2832,2761,703065]
[20200916,2786,2820,2802,2719,895649]
[20200915,2809,2781,2823,2749,744416]
[20200914,2777,2818,2830,2761,511570]
[20200911,2800,2772,2832,2779,507188]
[20200910,2809,2820,2848,2804,557733]
[20200909,2871,2816,2885,2774,1033824]
[20200908,2928,2832,2956,2915,446157]
[20200907,2974,2931,2983,2882,826240]
[20200904,3016,2974,3045,2947,917860]
[20200903,3137,3027,3140,3020,902286]
[20200902,3126,3130,3153,3124,337142]
[20200901,3117,3130,3165,3085,588028]
[20200831,3080,3107,3133,3073,487464]
[20200828,3094,3085,3107,3062,408393]
[20200827,3091,3094,3128,3073,436975]
[20200826,3089,3096,3103,3066,350562]
[20200825,3073,3098,3078,3041,435844]
[20200824,3085,3073,3094,3057,422610]
[20200821,3094,3071,3140,3066,644907]
[20200820,3057,3075,3091,3002,647665]
[20200819,3071,3052,3107,3055,453939]
[20200818,3073,3062,3089,3045,346063]
[20200817,3055,3078,3101,3022,481872]
[20200814,3059,3055,3078,3039,422314]
[20200813,3094,3066,3103,3050,382285]
[20200812,3091,3078,3117,3009,862100]
[20200811,3188,3075,3197,3068,680617]
[20200810,3204,3179,3213,3142,684077]
[20200807,3238,3190,3254,3192,466944]
[20200806,3275,3241,3275,3174,766920]
[20200805,3218,3261,3289,3206,726357]
[20200804,3236,3220,3248,3218,303537]
[20200803,3266,3236,3280,3204,556530]
[20200731,3264,3268,3275,3170,864977]
[20200730,3273,3257,3312,3264,494179]
[20200729,3206,3280,3307,3202,626704]
[20200728,3250,3220,3333,3195,892897]
[20200727,3254,3245,3268,3206,484071]
[20200724,3287,3243,3337,3188,797017]
[20200723,3282,3314,3317,3268,412395]
[20200722,3330,3291,3362,3287,585416]
[20200721,3190,3335,3307,3165,788258]
[20200720,3204,3188,3229,3126,729235]
[20200717,3222,3211,3234,3167,624631]
[20200716,3277,3227,3291,3199,515219]
[20200715,3199,3254,3305,3197,565371]
[20200714,3264,3225,3287,3174,655584]
[20200713,3215,3254,3280,3206,460125]
[20200710,3296,3213,3335,3165,799427]
[20200709,3259,3303,3303,3232,510901]
[20200708,3264,3254,3289,3215,503975]
[20200707,3305,3241,3305,3229,446287]
[20200706,3245,3284,3310,3211,574845]
[20200703,3192,3241,3280,3186,767144]
[20200702,3167,3188,3204,3160,507699]
[20200701,3073,3176,3186,3059,632536]
[20200630,3009,3068,3105,3004,705227]
[20200629,2967,3048,3006,2921,447760]
[20200624,3022,2983,3029,2958,411441]
[20200623,2990,3020,3057,2986,493298]
[20200622,3029,3011,3034,2993,371509]
[20200619,3016,3025,3027,2979,370634]
[20200618,3002,2993,3016,2977,310422]
[20200617,3016,2993,3039,2972,474662]
[20200616,2894,3025,3006,2878,617258]
[20200615,2933,2887,2937,2843,579211]
[20200612,2889,2912,2915,2825,677251]
[20200611,3004,2882,3009,2915,749265]
[20200610,2977,3000,3022,2965,378048]
[20200609,3027,2995,3050,2986,500810]
[20200608,3078,3041,3087,3022,604705]
[20200605,3006,3055,3039,2981,458720]
[20200604,3009,3013,3068,2979,664086]
[20200603,3034,3004,3075,3002,587130]
[20200602,3032,3027,3059,3009,483395]
[20200601,2937,3013,3050,2919,641911]
[20200529,2542,2937,2596,2532,709152]
[20200528,2546,2544,2552,2500,614430]
[20200527,2570,2540,2582,2524,759979]
[20200526,2518,2560,2572,2506,854621]
[20200525,2408,2542,2526,2394,978332]
[20200522,2480,2418,2480,2378,839312]
[20200521,2460,2478,2496,2448,661676]
[20200520,2394,2468,2468,2378,798983]
[20200519,2370,2400,2420,2358,813457]
[20200518,2358,2394,2364,2292,819933]
[20200515,2322,2346,2380,2316,664454]
[20200514,2364,2332,2366,2304,583962]
[20200513,2328,2356,2360,2251,520529]
[20200512,2367,2317,2367,2281,362323]
[20200511,2369,2360,2394,2326,456740]
[20200508,2455,2373,2455,2353,586111]
[20200507,2378,2416,2416,2353,517814]
[20200506,2532,2380,2532,2391,523520]
[20200430,2373,2448,2403,2319,724595]
[20200429,2305,2376,2351,2272,1078842]
[20200428,2260,2335,2283,2183,1579646]
[20200427,2251,2272,2362,2233,1694999]
[20200424,2317,2249,2348,2222,1441947]
[20200423,2149,2315,2285,2149,1226670]
[20200422,2059,2190,2124,2043,1292162]
[20200421,2337,2072,2389,2154,1935648]
[20200420,2355,2335,2412,2339,792147]
[20200417,2489,2369,2511,2400,1184311]
[20200416,2484,2473,2548,2410,1473633]
[20200415,2382,2509,2518,2373,1195755]
[20200414,2439,2407,2459,2378,1028178]
[20200413,2486,2453,2534,2416,1104519]
[20200410,2364,2514,2443,2335,660250]
[20200409,2464,2391,2475,2437,629353]
[20200408,2382,2466,2446,2367,960020]
[20200407,2376,2394,2462,2376,979808]
[20200403,2360,2412,2369,2222,1655531]
[20200402,2122,2326,2321,2122,1592466]
[20200401,2100,2147,2140,2075,849388]
[20200331,2034,2124,2145,2034,1150800]
[20200330,2038,2066,2057,1991,930678]
[20200327,2127,2025,2163,2077,1299029]
[20200326,2251,2149,2251,2113,1204769]
[20200325,2247,2199,2317,2247,901888]
[20200324,2195,2299,2251,2147,979291]
[20200323,2014,2188,2138,2011,1044513]
[20200320,2183,2057,2217,2109,1228496]
[20200319,2097,2131,2158,2018,912246]
[20200318,2229,2086,2296,2167,914435]
[20200317,2321,2272,2367,2274,933232]
[20200316,2319,2330,2421,2292,1143028]
[20200313,2421,2335,2466,2247,1517168]
[20200312,2523,2335,2561,2466,853801]
[20200311,2715,2505,2767,2541,1212445]
[20200310,2674,2738,2763,2674,763903]
[20200309,2973,2674,2973,2973,4479]
[20200306,3233,2973,3238,3170,413624]
[20200305,3279,3206,3306,3260,276513]
[20200304,3288,3272,3312,3258,285491]
[20200303,3328,3299,3367,3240,446743]
[20200302,3091,3331,3276,3086,498464]
[20200228,3165,3206,3188,3077,546037]
[20200227,3301,3131,3301,3206,402983]
[20200226,3451,3231,3453,3337,494334]
[20200225,3426,3444,3503,3398,341674]
[20200224,3439,3408,3471,3423,187181]
[20200221,3503,3453,3514,3478,157458]
[20200220,3494,3496,3537,3471,252422]
[20200219,3428,3527,3491,3405,333601]
[20200218,3376,3453,3401,3360,161246]
[20200217,3392,3369,3396,3358,208573]
[20200214,3396,3374,3396,3324,287075]
[20200213,3394,3374,3423,3367,202989]
[20200212,3378,3417,3417,3346,300242]
[20200211,3317,3396,3417,3315,347937]
[20200210,3315,3344,3360,3303,155831]
[20200207,3326,3326,3360,3294,169934]
[20200206,3258,3306,3349,3249,218116]
[20200205,3208,3297,3265,3197,159423]
[20200204,3147,3233,3265,3140,174124]
[20200203,3174,3193,3254,3174,125769]
[20200123,3541,3220,3568,3430,210341]
[20200122,3564,3566,3600,3516,206755]
[20200121,3593,3550,3600,3541,170887]
[20200120,3550,3593,3607,3548,157632]
[20200117,3586,3559,3609,3539,251192]
[20200116,3586,3575,3604,3573,143014]
[20200115,3708,3589,3720,3557,390479]
[20200114,3738,3688,3754,3670,208473]
[20200113,3727,3749,3774,3690,251814]
[20200110,3686,3713,3722,3668,146480]
[20200109,3779,3681,3801,3659,335569]
[20200108,3779,3794,3982,3751,372745]
[20200107,3801,3774,3824,3740,243291]
[20200106,3681,3810,3849,3681,379773]
[20200103,3611,3713,3695,3611,280083]
[20200102,3611,3618,3647,3586,119640]
[20191231,3613,3632,3681,3568,657328]
[20191230,3611,3668,3629,3586,363948]
[20191227,3516,3602,3620,3512,735418]
[20191226,3530,3518,3537,3507,208010]
[20191225,3509,3523,3541,3507,397530]
[20191224,3494,3507,3523,3480,379190]
[20191223,3514,3489,3532,3475,362816]
[20191220,3518,3521,3564,3498,538158]
[20191219,3489,3505,3532,3455,600118]
[20191218,3505,3484,3525,3469,296526]
[20191217,3503,3498,3514,3475,336966]
[20191216,3446,3494,3525,3432,958070]
[20191213,3453,3457,3464,3410,393588]
[20191212,3426,3432,3457,3385,593030]
[20191211,3428,3417,3451,3401,447694]
[20191210,3376,3428,3478,3365,780442]
[20191209,3288,3383,3398,3281,851576]
[20191206,3288,3294,3297,3242,611524]
[20191205,3303,3290,3331,3272,492956]
[20191204,3303,3299,3333,3265,539780]
[20191203,3331,3312,3335,3303,262164]
[20191202,3362,3315,3369,3301,452282]
[20191129,3258,3344,3358,3247,437090]
[20191128,3272,3263,3272,3231,200754]
[20191127,3275,3245,3329,3248,386400]
[20191126,3258,3278,3286,3243,280668]
[20191125,3245,3269,3288,3230,291186]
[20191122,3194,3241,3258,3181,428278]
[20191121,3132,3187,3200,3123,446782]
[20191120,3089,3134,3172,3089,416568]
[20191119,3097,3106,3101,3074,267560]
[20191118,3071,3086,3108,3007,458596]
[20191115,3125,3022,3134,3061,412010]
[20191114,3106,3119,3144,3091,420402]
[20191113,3108,3104,3129,3089,354766]
[20191112,3089,3097,3121,3056,522626]
[20191111,3194,3106,3205,3084,877470]
[20191108,3211,3192,3213,3181,327696]
[20191107,3192,3202,3243,3151,657752]
[20191106,3200,3183,3202,3159,368910]
[20191105,3177,3196,3198,3164,363728]
[20191104,3205,3174,3207,3155,454980]
[20191101,3179,3185,3230,3168,507506]
[20191031,3177,3194,3202,3125,595562]
[20191030,3196,3179,3209,3159,490554]
[20191029,3196,3198,3213,3129,876524]
[20191028,3194,3196,3215,3183,417372]
[20191025,3220,3202,3226,3177,458236]
[20191024,3183,3215,3239,3183,648810]
[20191023,3194,3187,3205,3155,520570]
[20191022,3172,3185,3202,3153,456020]
[20191021,3174,3157,3228,3153,713280]
[20191018,3157,3162,3181,3101,772808]
[20191017,3164,3164,3187,3140,460496]
[20191016,3181,3172,3200,3138,563388]
[20191015,3241,3170,3243,3147,691108]
[20191014,3295,3205,3312,3230,590022]
[20191011,3301,3303,3321,3256,652518]
[20191010,3398,3306,3400,3290,726732]
[20191009,3364,3391,3437,3364,467044]
[20191008,3340,3381,3411,3340,228810]
[20190930,3376,3383,3424,3329,491178]
[20190927,3439,3346,3454,3387,675664]
[20190926,3434,3432,3507,3409,1006656]
[20190925,3434,3424,3460,3394,751540]
[20190924,3419,3445,3467,3411,664106]
[20190923,3415,3428,3443,3398,537472]
[20190920,3411,3432,3464,3387,752250]
[20190919,3400,3411,3422,3364,520784]
[20190918,3538,3394,3548,3387,1005430]
[20190917,3490,3527,3589,3456,1168188]
[20190916,3518,3462,3518,3419,589194]
[20190912,3329,3467,3333,3250,676828]
[20190911,3376,3323,3398,3314,576424]
[20190910,3376,3379,3404,3353,538924]
[20190909,3303,3394,3389,3299,703068]
[20190906,3346,3314,3364,3308,615270]
[20190905,3303,3342,3385,3295,996830]
[20190904,3241,3306,3284,3181,893310]
[20190903,3308,3190,3325,3248,867104]
[20190902,3325,3314,3359,3267,853560]
[20190830,3275,3314,3336,3254,657730]
[20190829,3385,3273,3389,3252,1024682]
[20190828,3348,3374,3398,3316,591440]
[20190827,3426,3344,3434,3310,822496]
[20190826,3383,3400,3424,3342,913186]
[20190823,3467,3359,3490,3424,735048]
[20190822,3492,3464,3514,3417,983526]
[20190821,3389,3490,3501,3297,1436960]
[20190820,3376,3359,3398,3361,403324]
[20190819,3312,3387,3396,3288,707656]
[20190816,3295,3295,3331,3269,605718]
[20190815,3361,3284,3364,3265,853680]
[20190814,3364,3351,3467,3351,830044]
[20190813,3385,3372,3424,3342,630284]
[20190812,3336,3396,3419,3336,916696]
[20190809,3295,3368,3346,3250,825640]
[20190808,3312,3303,3336,3226,969298]
[20190807,3325,3275,3376,3323,654096]
[20190806,3344,3338,3361,3301,654810]
[20190805,3426,3329,3454,3297,943864]
[20190802,3553,3454,3568,3383,1041838]
[20190801,3630,3533,3634,3535,933366]
[20190731,3589,3623,3681,3580,1175848]
[20190730,3619,3598,3636,3578,768940]
[20190729,3651,3628,3658,3598,655156]
[20190726,3608,3632,3647,3568,705482]
[20190725,3638,3617,3651,3570,729002]
[20190724,3580,3630,3645,3557,859100]
[20190723,3589,3591,3628,3572,659864]
[20190722,3522,3585,3628,3512,931606]
[20190719,3544,3527,3553,3480,764630]
[20190718,3563,3522,3585,3484,989478]
[20190717,3600,3557,3651,3535,1041030]
[20190716,3602,3604,3669,3568,792978]
[20190715,3585,3654,3600,3514,727260]
[20190712,3613,3565,3619,3553,624648]
[20190711,3568,3604,3649,3568,1039604]
[20190710,3580,3587,3580,3503,862624]
[20190709,3559,3548,3613,3548,794508]
[20190708,3480,3561,3593,3475,1127196]
[20190705,3484,3503,3505,3449,604352]
[20190704,3492,3464,3514,3439,901308]
[20190703,3490,3473,3531,3430,1088774]
[20190702,3525,3514,3559,3475,956814]
[20190701,3374,3527,3535,3344,1153482]
[20190628,3342,3379,3383,3325,756156]
[20190627,3336,3355,3409,3331,937278]
[20190626,3273,3361,3361,3258,810202]
[20190625,3314,3273,3325,3239,674198]
[20190624,3260,3293,3323,3250,768008]
[20190621,3254,3263,3306,3220,1112536]
[20190620,3151,3267,3263,3125,1257720]
[20190619,3116,3140,3222,3108,1293048]
[20190618,3136,3112,3155,3074,895282]
[20190617,3170,3140,3211,3136,710920]
[20190614,3241,3185,3256,3151,1029866]
[20190613,3207,3230,3258,3110,1493834]
[20190612,3295,3213,3348,3224,944276]
[20190611,3200,3310,3321,3168,986846]
[20190610,3202,3172,3232,3159,376198]
[20190606,3200,3172,3217,3076,1109030]
[20190605,3215,3209,3252,3198,533584]
[20190604,3241,3228,3267,3187,586804]
[20190603,3303,3232,3303,3185,992712]
[20190531,3430,3275,3441,3301,848980]
[20190530,3376,3422,3484,3299,949494]
[20190529,3419,3344,3424,3381,526884]
[20190528,3374,3422,3432,3351,649524]
[20190527,3439,3366,3467,3331,1023230]
[20190524,3492,3454,3492,3359,1323462]
[20190523,3677,3467,3692,3514,1140392]
[20190522,3737,3671,3737,3658,847336]
[20190521,3720,3705,3776,3699,625832]
[20190520,3714,3703,3782,3694,626544]
[20190517,3754,3733,3804,3694,796252]
[20190516,3688,3778,3752,3669,653066]
[20190515,3679,3677,3703,3645,476896]
[20190514,3808,3677,3851,3621,1035112]
[20190513,3759,3843,3797,3737,531408]
[20190510,3737,3772,3828,3722,570616]
[20190509,3774,3744,3797,3720,525646]
[20190508,3823,3780,3823,3767,560206]
[20190507,3830,3808,3875,3812,403292]
[20190506,3795,3828,3821,3759,203322]
[20190430,3770,3785,3797,3739,373380]
[20190429,3789,3762,3827,3749,517790]
[20190426,3850,3816,3865,3812,458618]
[20190425,3766,3848,3867,3753,853094]
[20190424,3766,3766,3781,3747,321472]
[20190423,3739,3764,3793,3736,381846]
[20190422,3671,3762,3789,3663,829912]
[20190419,3612,3669,3680,3587,438724]
[20190418,3650,3591,3652,3568,475190]
[20190417,3638,3644,3659,3623,333966]
[20190416,3602,3640,3648,3598,423080]
[20190415,3650,3614,3659,3593,424696]
[20190412,3642,3638,3669,3612,560386]
[20190411,3656,3650,3680,3631,407644]
[20190410,3648,3642,3667,3638,337938]
[20190409,3705,3663,3732,3644,596396]
[20190408,3730,3715,3747,3709,329920]
[20190404,3692,3713,3709,3673,506680]
[20190403,3677,3703,3734,3656,617992]
[20190402,3623,3667,3701,3606,762502]
[20190401,3621,3623,3640,3585,632250]
[20190329,3534,3623,3633,3501,979026]
[20190328,3555,3509,3574,3537,665518]
[20190327,3503,3549,3562,3486,777926]
[20190326,3490,3505,3509,3467,474806]
[20190325,3541,3480,3541,3452,795006]
[20190322,3515,3532,3560,3499,600400]
[20190321,3547,3526,3570,3522,762720]
[20190320,3616,3553,3619,3528,765784]
[20190319,3581,3598,3621,3555,711068]
[20190318,3553,3579,3612,3513,961634]
[20190315,3566,3532,3583,3501,834702]
[20190314,3587,3541,3606,3530,750308]
[20190313,3553,3555,3593,3528,610644]
[20190312,3478,3545,3566,3471,758854]
[20190311,3419,3497,3475,3393,707818]
[20190308,3478,3400,3482,3396,848120]
[20190307,3541,3473,3583,3457,972650]
[20190306,3562,3572,3570,3524,667824]
[20190305,3579,3560,3583,3528,624500]
[20190304,3598,3551,3642,3558,963190]
[20190301,3436,3600,3646,3423,1298022]
[20190228,3429,3425,3440,3400,500038]
[20190227,3398,3423,3446,3374,612250]
[20190226,3351,3383,3398,3299,869128]
[20190225,3478,3332,3494,3368,866544]
[20190222,3446,3461,3467,3433,524472]
[20190221,3349,3444,3478,3347,989960]
[20190220,3356,3368,3383,3322,715048]
[20190219,3383,3358,3412,3328,778828]
[20190218,3324,3385,3421,3292,1065628]
[20190215,3398,3309,3423,3299,1258406]
[20190214,3377,3414,3400,3299,850686]
[20190213,3497,3347,3522,3337,1186676]
[20190212,3457,3507,3490,3431,653736]
[20190211,3417,3478,3467,3381,456706]
[20190201,3330,3400,3446,3322,944602]
[20190131,3316,3368,3353,3295,664914]
[20190130,3295,3320,3349,3269,948882]
[20190129,3265,3286,3358,3229,1207712]
[20190128,3292,3280,3347,3265,884106]
[20190125,3217,3324,3360,3200,1421928]
[20190124,3210,3215,3234,3160,684090]
[20190123,3177,3217,3217,3168,559030]
[20190122,3240,3196,3257,3181,761948]
[20190121,3128,3246,3276,3122,1097164]
[20190118,2992,3141,3141,2983,709568]
[20190117,3013,3004,3048,3006,448224]
[20190116,2989,3015,3038,2973,574458]
[20190115,2947,2987,2992,2937,466856]
[20190114,2992,2939,2996,2931,602236]
[20190111,2985,2973,3004,2958,514242]
[20190110,2968,2979,2998,2962,638628]
[20190109,2903,2981,2985,2899,694014]
[20190108,2920,2901,2933,2880,523054]
[20190107,2891,2920,2935,2876,690408]
[20190104,2792,2882,2907,2783,927960]
[20190103,2712,2802,2773,2691,564600]
[20190102,2773,2703,2787,2703,408208]
[20181228,2756,2777,2790,2741,582176]
[20181227,2722,2766,2844,2672,1109234]
[20181226,2718,2693,2737,2697,432072]
[20181225,2844,2722,2865,2682,981722]
[20181224,2872,2851,2878,2832,660782]
[20181221,2865,2840,2916,2855,737130]
[20181220,2836,2867,2884,2827,602576]
[20181219,2874,2840,2895,2790,848516]
[20181218,2947,2882,2954,2859,662728]
[20181217,2922,2943,2941,2857,691956]
[20181214,2882,2886,2960,2880,571116]
[20181213,2907,2901,2922,2867,589574]
[20181212,2867,2905,2899,2857,503984]
[20181211,2922,2870,2958,2806,833274]
[20181210,2943,2928,3010,2920,727370]
[20181207,2893,2958,2968,2872,656876]
[20181206,3050,2897,3061,2924,645996]
[20181205,3082,3046,3082,2962,783030]
[20181204,3059,3063,3088,3027,453860]
[20181203,2939,3055,3141,2899,706692]
[20181130,2973,2928,3019,2931,707996]
[20181129,2945,3000,2992,2907,860860]
[20181128,2846,2924,2983,2834,692110]
[20181127,2846,2857,2920,2817,623300]
[20181126,2909,2848,2909,2787,585000]
[20181123,2961,2851,2987,2868,316580]
[20181122,2987,2951,2992,2918,251054]
[20181121,3059,2981,3065,2901,403010]
[20181120,3080,3047,3096,3035,315874]
[20181119,3174,3086,3183,3065,382868]
[20181116,3185,3164,3205,3140,310590]
[20181115,3119,3170,3185,3119,363178]
[20181114,3275,3137,3289,3098,513052]
[20181113,3312,3279,3339,3254,411282]
[20181112,3339,3326,3339,3191,804654]
[20181109,3378,3320,3378,3339,278376]
[20181108,3318,3367,3396,3318,437884]
[20181107,3255,3349,3310,3234,470068]
[20181106,3263,3236,3285,3242,315388]
[20181105,3218,3271,3269,3191,347618]
[20181102,3294,3218,3320,3187,523778]
[20181101,3367,3306,3367,3277,457038]
[20181031,3337,3351,3376,3261,658178]
[20181030,3370,3306,3400,3349,344244]
[20181029,3378,3374,3413,3320,558312]
[20181026,3411,3382,3417,3368,356006]
[20181025,3454,3404,3472,3372,536184]
[20181024,3503,3466,3509,3435,658148]
[20181023,3557,3483,3563,3517,444154]
[20181022,3557,3557,3596,3548,431516]
[20181019,3522,3552,3565,3519,329836]
[20181018,3620,3526,3626,3520,716216]
[20181017,3583,3602,3635,3575,430084]
[20181016,3639,3596,3643,3569,798186]
[20181015,3669,3628,3680,3616,576124]
[20181012,3633,3653,3672,3628,421564]
[20181011,3702,3639,3717,3612,631170]
[20181010,3750,3709,3754,3690,554738]
[20181009,3669,3735,3766,3657,924168]
[20181008,3709,3667,3709,3635,238880]
[20180928,3626,3657,3645,3581,677114]
[20180927,3579,3614,3641,3534,824916]
[20180926,3618,3552,3645,3573,587438]
[20180925,3624,3639,3672,3606,617222]
[20180921,3593,3618,3606,3571,541208]
[20180920,3561,3591,3639,3556,865868]
[20180919,3519,3571,3565,3485,725582]
[20180918,3517,3515,3530,3462,684704]
[20180917,3577,3501,3635,3483,1368248]
[20180914,3571,3565,3587,3530,749700]
[20180913,3571,3561,3583,3524,732054]
[20180912,3556,3571,3602,3515,1367090]
[20180911,3686,3573,3708,3526,1912672]
[20180910,3489,3669,3686,3480,1450074]
[20180907,3437,3495,3536,3431,1214818]
[20180906,3351,3439,3427,3351,710512]
[20180905,3382,3367,3392,3335,420834]
[20180904,3386,3386,3419,3351,481458]
[20180903,3394,3402,3396,3345,486392]
[20180831,3347,3384,3405,3322,719768]
[20180830,3289,3337,3353,3277,609378]
[20180829,3271,3294,3298,3250,309966]
[20180828,3281,3283,3292,3250,309940]
[20180827,3246,3287,3296,3230,431100]
[20180824,3179,3248,3267,3139,648430]
[20180823,3199,3176,3226,3179,514254]
[20180822,3193,3199,3230,3160,597282]
[20180821,3197,3205,3224,3170,390560]
[20180820,3195,3213,3234,3152,520710]
[20180817,3193,3207,3203,3162,350046]
[20180816,3267,3179,3292,3115,818932]
[20180815,3296,3281,3306,3250,490934]
[20180814,3322,3304,3353,3283,586518]
[20180813,3279,3318,3345,3279,633240]
[20180810,3289,3292,3312,3259,461236]
[20180809,3300,3294,3331,3254,611498]
[20180808,3341,3308,3368,3287,614154]
[20180807,3250,3330,3359,3250,1013278]
[20180806,3238,3359,3248,3170,700128]
[20180803,3164,3222,3257,3146,750120]
[20180802,3154,3162,3185,3135,347954]
[20180801,3226,3142,3244,3158,521910]
[20180731,3250,3238,3269,3226,316330]
[20180730,3185,3252,3285,3178,639666]
[20180727,3193,3191,3230,3168,417164]
[20180726,3232,3207,3234,3189,378898]
[20180725,3211,3222,3250,3187,437596]
[20180724,3181,3197,3232,3176,389072]
[20180723,3174,3205,3193,3162,271294]
[20180720,3129,3172,3191,3123,391092]
[20180719,3135,3131,3166,3107,474082]
[20180718,3146,3131,3146,3125,170926]
[20180717,3146,3135,3150,3115,435198]
[20180716,3176,3139,3191,3150,311212]
[20180713,3187,3179,3199,3166,280738]
[20180712,3238,3179,3246,3160,645304]
[20180711,3234,3232,3259,3205,503830]
[20180710,3216,3240,3250,3199,526652]
[20180709,3158,3213,3230,3144,575956]
[20180706,3154,3154,3176,3127,423558]
[20180705,3121,3150,3168,3090,463454]
[20180704,3142,3115,3152,3103,370470]
[20180703,3102,3140,3142,3096,257050]
[20180702,3125,3113,3144,3094,327306]
[20180629,3092,3135,3131,3074,327792]
[20180628,3065,3088,3105,3061,319098]
[20180627,3000,3078,3066,2990,398068]
[20180626,3008,3027,3010,2963,204214]
[20180625,2965,3000,3010,2965,237296]
[20180622,2979,2987,3016,2940,404898]
[20180621,3010,2977,3020,2983,218160]
[20180620,2981,3014,3027,2971,245942]
[20180619,3059,2975,3088,2981,323280]
[20180615,3078,3082,3094,3031,308560]
[20180614,3072,3088,3102,3057,297318]
[20180613,3146,3080,3150,3065,434800]
[20180612,3103,3137,3156,3102,316664]
[20180611,3109,3119,3131,3092,251562]
[20180608,3187,3129,3203,3103,550428]
[20180607,3139,3176,3189,3129,503566]
[20180606,3082,3148,3156,3059,580688]
[20180605,3103,3066,3135,3051,505626]
[20180604,3070,3121,3127,3041,552672]
[20180601,3049,3080,3084,3049,252360]
[20180531,3047,3055,3098,3033,395134]
[20180530,3057,3043,3078,2990,434264]
[20180529,3035,3055,3066,3026,251800]
[20180528,3068,3037,3070,3012,540222]
[20180525,3107,3063,3142,3092,433512]
[20180524,3127,3109,3135,3088,368512]
[20180523,3187,3129,3207,3098,742124]
[20180522,3183,3183,3224,3170,583076]
[20180521,3172,3185,3250,3139,829774]
[20180518,2985,3162,3148,2979,772064]
[20180517,2961,2987,2992,2953,232810]
[20180516,2971,2959,3006,2950,379194]
[20180515,2965,2967,2987,2950,278226]
[20180514,2971,2955,2987,2953,195866]
[20180511,2950,2969,2977,2926,348908]
[20180510,2938,2951,2957,2930,274784]
[20180509,2930,2940,2950,2909,213318]
[20180508,2944,2920,2969,2928,173350]
[20180507,2930,2955,2953,2926,234356]
[20180504,2912,2940,2953,2908,124130]
[20180503,2924,2914,2928,2912,99134]
[20180502,2867,2918,2934,2828,204586]
[20180427,2865,2871,2871,2852,152784]
[20180426,2848,2862,2867,2840,181270]
[20180425,2902,2846,2914,2832,465028]
[20180424,2889,2904,2922,2879,306334]
[20180423,2904,2899,2918,2885,242948]
[20180420,2941,2899,2978,2899,474142]
[20180419,2943,2932,2957,2924,308156]
[20180418,2885,2941,2941,2873,362064]
[20180417,2869,2893,2914,2860,272418]
[20180416,2916,2877,2949,2860,330476]
[20180413,2906,2930,2928,2883,295728]
[20180412,2902,2918,2930,2899,329364]
[20180411,2902,2906,2928,2883,373578]
[20180410,2830,2891,2893,2821,380938]
[20180409,2852,2830,2852,2803,171802]
[20180404,2871,2826,2875,2846,270674]
[20180403,2916,2869,2920,2858,509136]
[20180402,2959,2895,2971,2908,417544]
[20180330,2926,2955,2973,2902,553438]
[20180329,2912,2908,2932,2883,438020]
[20180328,2936,2899,2936,2889,408410]
[20180327,2914,2922,2936,2897,378086]
[20180326,2854,2910,2969,2834,895086]
[20180323,2867,2846,2897,2826,790564]
[20180322,2867,2873,2891,2850,362786]
[20180321,2862,2860,2891,2848,415684]
[20180320,2834,2850,2862,2813,354860]
[20180319,2787,2836,2840,2782,400922]
[20180316,2762,2793,2797,2743,307310]
[20180315,2758,2754,2766,2743,233426]
[20180314,2739,2758,2758,2725,335154]
[20180313,2797,2741,2803,2731,472732]
[20180312,2778,2795,2819,2772,353402]
[20180309,2780,2782,2809,2747,435514]
[20180308,2789,2793,2799,2762,283108]
[20180307,2811,2772,2819,2776,294306]
[20180306,2789,2803,2811,2770,285940]
[20180305,2840,2793,2879,2789,543606]
[20180302,2842,2867,2852,2821,274506]
[20180301,2875,2848,2889,2832,393012]
[20180228,2854,2867,2908,2850,463154]
[20180227,2865,2873,2869,2846,187694]
[20180226,2850,2852,2885,2840,285076]
[20180223,2807,2844,2858,2807,266982]
[20180222,2774,2826,2811,2774,155784]
[20180214,2768,2803,2795,2723,288364]
[20180213,2780,2764,2793,2750,231898]
[20180212,2813,2780,2823,2772,316416]
[20180209,2840,2813,2862,2813,300114]
[20180208,2875,2842,2899,2836,373816]
[20180207,2881,2891,2908,2879,241864]
[20180206,2938,2885,2951,2871,502568]
[20180205,2955,2932,2963,2908,547438]
[20180202,2961,2949,3010,2951,458384]
[20180201,2975,2957,2990,2938,476646]
[20180131,2967,2973,2980,2941,369854]
[20180130,2994,2963,3002,2949,454930]
[20180129,2990,2992,3039,2988,368822]
[20180126,2994,2996,3012,2965,402716]
[20180125,2941,3004,3025,2928,624300]
[20180124,2838,2934,2943,2838,791474]
[20180123,2856,2858,2873,2826,388124]
[20180122,2826,2852,2869,2807,325906]
[20180119,2840,2815,2846,2797,434956]
[20180118,2834,2836,2860,2823,257348]
[20180117,2836,2834,2865,2817,286860]
[20180116,2881,2826,2883,2836,285184]
[20180115,2819,2873,2889,2809,374204]
[20180112,2832,2819,2840,2811,235312]
[20180111,2842,2819,2842,2813,173890]
[20180110,2791,2823,2836,2772,443514]
[20180109,2762,2793,2801,2760,276984]
[20180108,2762,2776,2784,2747,305710]
[20180105,2766,2762,2784,2731,390356]
[20180104,2737,2760,2774,2719,302880]
[20180103,2750,2731,2756,2731,200828]
[20180102,2696,2747,2758,2688,380098]
[20171229,2694,2706,2704,2678,197708]
[20171228,2696,2686,2711,2676,189288]
[20171227,2669,2694,2702,2655,395448]
[20171226,2663,2680,2682,2651,202392]
[20171225,2657,2674,2669,2639,273950]
[20171222,2655,2653,2674,2647,223878]
[20171221,2715,2659,2723,2637,432300]
[20171220,2713,2715,2741,2702,268100]
[20171219,2717,2723,2723,2694,191014]
[20171218,2692,2711,2735,2684,343276]
[20171215,2690,2692,2698,2663,227534]
[20171214,2692,2674,2719,2665,342396]
[20171213,2682,2692,2715,2645,315942]
[20171212,2711,2671,2733,2647,361084]
[20171211,2727,2717,2750,2665,411638]
[20171208,2688,2731,2731,2688,313426]
[20171207,2838,2698,2838,2684,633932]
[20171206,2836,2815,2899,2828,569784]
[20171205,2850,2854,2895,2826,484184]
[20171204,2858,2852,2895,2834,365394]
[20171201,2821,2850,2860,2807,308422]
[20171130,2772,2823,2817,2741,346212]
[20171129,2791,2752,2801,2766,225364]
[20171128,2770,2776,2797,2756,174826]
[20171127,2850,2770,2858,2770,290356]
[20171124,2832,2826,2862,2817,170454]
[20171123,2834,2832,2848,2817,203026]
[20171122,2770,2830,2826,2760,163360]
[20171121,2761,2768,2796,2751,232490]
[20171120,2696,2761,2777,2648,282992]
[20171117,2674,2687,2696,2668,126320]
[20171116,2670,2687,2700,2670,122574]
[20171115,2792,2685,2814,2659,490042]
[20171114,2818,2801,2823,2792,132824]
[20171113,2777,2799,2825,2770,220938]
[20171110,2768,2785,2788,2761,181854]
[20171109,2772,2783,2803,2759,233852]
[20171108,2777,2777,2783,2753,218726]
[20171107,2759,2764,2799,2746,311388]
[20171106,2731,2779,2772,2711,404516]
[20171103,2709,2735,2746,2705,281318]
[20171102,2705,2727,2733,2687,321666]
[20171101,2735,2716,2751,2689,377770]
[20171031,2766,2729,2777,2729,398300]
[20171030,2705,2761,2781,2679,571288]
[20171027,2713,2692,2735,2692,420758]
[20171026,2716,2703,2720,2698,306400]
[20171025,2639,2709,2727,2637,674540]
[20171024,2631,2685,2650,2624,314974]
[20171023,2615,2633,2652,2593,508640]
[20171020,2580,2620,2628,2567,426658]
[20171019,2637,2578,2639,2578,577050]
[20171018,2635,2624,2650,2607,449470]
[20171017,2628,2639,2646,2583,721538]
[20171016,2650,2620,2670,2587,603954]
[20171013,2624,2661,2655,2600,520778]
[20171012,2617,2635,2646,2585,400866]
[20171011,2609,2593,2635,2593,450328]
[20171010,2580,2596,2604,2572,379406]
[20171009,2639,2591,2663,2530,483674]
[20170929,2663,2587,2696,2641,446820]
[20170928,2735,2676,2744,2631,800082]
[20170927,2724,2733,2748,2709,489064]
[20170926,2724,2720,2742,2700,522482]
[20170925,2713,2720,2731,2698,578358]
[20170922,2652,2707,2713,2646,624058]
[20170921,2703,2665,2720,2626,846310]
[20170920,2692,2713,2711,2683,445706]
[20170919,2724,2707,2737,2676,732234]
[20170918,2722,2735,2755,2696,875006]
[20170915,2709,2709,2729,2655,1105446]
[20170914,2703,2713,2740,2681,692270]
[20170913,2729,2700,2746,2685,631624]
[20170912,2718,2722,2737,2696,508714]
[20170911,2687,2716,2720,2670,641514]
[20170908,2759,2698,2770,2679,942170]
[20170907,2857,2757,2877,2740,1409626]
[20170906,2855,2868,2875,2831,786336]
[20170905,2855,2864,2875,2816,824516]
[20170904,2958,2864,2995,2827,1366424]
[20170901,2927,2973,2969,2914,694692]
[20170831,2953,2919,2953,2860,526732]
[20170830,2964,2895,2980,2938,548050]
[20170829,2993,2960,3012,2929,871556]
[20170828,3006,3008,3034,2962,758252]
[20170825,2991,3015,3052,2960,1003184]
[20170824,2932,2980,2995,2921,759626]
[20170823,2962,2929,3021,2912,1237684]
[20170822,2962,2962,2975,2905,559020]
[20170821,2969,2929,2984,2934,654384]
[20170818,2914,2975,2967,2908,655616]
[20170817,2864,2921,2943,2864,805380]
[20170816,2844,2877,2871,2829,402318]
[20170815,2823,2840,2877,2820,674832]
[20170814,2825,2864,2855,2820,433638]
[20170811,2991,2838,2997,2809,1097748]
[20170810,2975,2984,3015,2940,599814]
[20170809,2921,2997,2984,2916,736264]
[20170808,2886,2943,2921,2866,549656]
[20170807,2929,2884,2964,2853,808346]
[20170804,2934,2929,2991,2905,584660]
[20170803,2975,2932,2982,2903,344094]
[20170802,2996,2980,3007,2941,417146]
[20170801,3014,2998,3046,2998,414464]
[20170731,2953,3005,3032,2946,563312]
[20170728,2996,2969,3016,2910,786224]
[20170727,2985,3003,3030,2966,620404]
[20170726,3007,2980,3025,2962,826028]
[20170725,2907,3016,3007,2901,885888]
[20170724,2876,2923,2910,2853,546834]
[20170721,2928,2885,2932,2860,744104]
[20170720,2944,2914,2964,2912,833478]
[20170719,2919,2932,2955,2919,538910]
[20170718,2914,2932,2941,2894,583322]
[20170717,2853,2919,2928,2844,908336]
[20170714,2815,2858,2869,2776,1135720]
[20170713,2778,2819,2810,2753,670424]
[20170712,2769,2803,2826,2762,784118]
[20170711,2685,2767,2801,2685,979922]
[20170710,2690,2701,2717,2658,664010]
[20170707,2694,2688,2733,2674,780068]
[20170706,2667,2713,2692,2638,677650]
[20170705,2640,2674,2692,2638,567882]
[20170704,2683,2647,2708,2611,743288]
[20170703,2665,2688,2701,2663,630948]
[20170630,2663,2683,2676,2640,491272]
[20170629,2617,2660,2674,2606,1015970]
[20170628,2604,2608,2633,2595,605028]
[20170627,2581,2611,2599,2561,511912]
[20170626,2565,2581,2592,2543,542806]
[20170623,2558,2561,2577,2547,445912]
[20170622,2577,2554,2588,2536,784464]
[20170621,2595,2579,2620,2545,942300]
[20170620,2613,2592,2640,2599,696820]
[20170619,2620,2629,2629,2561,816148]
[20170616,2592,2624,2629,2577,570542]
[20170615,2635,2588,2651,2590,784630]
[20170614,2620,2640,2640,2563,1131092]
[20170613,2663,2620,2683,2613,669194]
[20170612,2647,2674,2676,2622,596574]
[20170609,2651,2635,2679,2633,400538]
[20170608,2669,2669,2681,2626,653286]
[20170607,2683,2658,2699,2663,423964]
[20170606,2638,2688,2701,2624,580076]
[20170605,2615,2640,2679,2599,487968]
[20170602,2660,2633,2672,2615,536770]
[20170601,2642,2656,2688,2626,430460]
[20170531,2805,2658,2817,2631,667774]
[20170526,2887,2803,2901,2767,736350]
[20170525,2837,2894,2935,2837,688798]
[20170524,2853,2849,2873,2808,613346]
[20170523,2951,2862,2973,2849,936612]
[20170522,2948,2953,2975,2928,606072]
[20170519,2871,2946,2953,2855,787416]
[20170518,2889,2876,2910,2835,754264]
[20170517,2894,2883,2907,2864,517096]
[20170516,2876,2885,2896,2842,544654]
[20170515,2787,2869,2860,2774,647096]
[20170512,2817,2787,2830,2733,843474]
[20170511,2796,2794,2839,2771,854172]
[20170510,2787,2808,2819,2765,657828]
[20170509,2767,2781,2808,2756,435058]
[20170508,2753,2781,2819,2753,569142]
[20170505,2855,2781,2869,2735,982964]
[20170504,2973,2855,2975,2810,862804]
[20170503,2991,2923,2996,2962,420778]
[20170502,2987,2982,2998,2953,299356]
[20170428,2905,2982,3000,2905,746452]
[20170427,2867,2914,2932,2846,696032]
[20170426,2894,2860,2910,2826,807910]
[20170425,2876,2869,2928,2873,402300]
[20170424,2903,2892,2908,2835,404780]
[20170421,2913,2880,2939,2866,506856]
[20170420,2939,2908,2962,2833,563476]
[20170419,2892,2953,2943,2812,666786]
[20170418,2946,2868,2953,2878,367146]
[20170417,2887,2936,2964,2873,584894]
[20170414,2978,2913,3002,2838,953842]
[20170413,2983,2974,3004,2948,514668]
[20170412,3002,2964,3025,2950,557820]
[20170411,3210,2995,3227,2981,1125110]
[20170410,3203,3203,3248,3166,615568]
[20170407,3264,3175,3320,3187,1007034]
[20170406,3271,3243,3273,3215,566898]
[20170405,3107,3248,3287,3107,683424]
[20170331,3077,3159,3105,3049,572514]
[20170330,3046,3070,3095,3028,644622]
[20170329,3042,3056,3070,3020,500258]
[20170328,2950,3046,3039,2941,766198]
[20170327,3020,2948,3035,2917,828786]
[20170324,3009,3023,3046,2997,585634]
[20170323,3023,3018,3074,2985,856248]
[20170322,3182,2990,3182,3018,1052404]
[20170321,3138,3170,3189,3124,795426]
[20170320,3156,3131,3210,3105,736572]
[20170317,3156,3194,3168,3088,772228]
[20170316,3140,3145,3180,3119,751642]
[20170315,3039,3154,3149,3030,902298]
[20170314,3168,3056,3173,3065,849832]
[20170313,3138,3159,3180,3044,991122]
[20170310,3102,3121,3154,3077,874756]
[20170309,3266,3112,3276,3112,1303218]
[20170308,3348,3264,3414,3250,1539172]
[20170307,3330,3365,3362,3325,606286]
[20170306,3360,3330,3386,3304,813688]
[20170303,3367,3358,3369,3309,776184]
[20170302,3454,3353,3461,3369,834424]
[20170301,3379,3447,3461,3353,1149212]
[20170228,3430,3388,3447,3360,722276]
[20170227,3365,3430,3451,3360,924048]
[20170224,3302,3374,3372,3245,890558]
[20170223,3372,3306,3393,3255,1170418]
[20170222,3348,3383,3409,3337,1213508]
[20170221,3383,3383,3398,3302,691802]
[20170220,3273,3395,3383,3234,956348]
[20170217,3287,3285,3330,3252,672360]
[20170216,3299,3316,3358,3245,789224]
[20170215,3442,3304,3484,3297,1041260]
[20170214,3442,3451,3463,3400,554604]
[20170213,3311,3447,3475,3299,1129468]
[20170210,3203,3341,3304,3194,845308]
[20170209,3231,3201,3243,3182,628980]
[20170208,3166,3234,3234,3140,937428]
[20170207,3205,3170,3208,3147,450822]
[20170206,3184,3196,3217,3163,523364]
[20170203,3170,3180,3201,3124,405386]
[20170126,3084,3154,3156,3072,406828]
[20170125,3081,3079,3100,3037,445362]
[20170124,3023,3074,3102,3011,589848]
[20170123,3020,3032,3074,3018,597074]
[20170120,3100,3030,3142,3006,858554]
[20170119,3107,3138,3109,3067,731518]
[20170118,3156,3095,3175,3112,755060]
[20170117,3213,3154,3248,3124,1045720]
[20170116,3201,3210,3262,3182,968416]
[20170113,3182,3198,3238,3175,1184778]
[20170112,3133,3203,3201,3114,1099620]
[20170111,3119,3138,3220,3105,1628642]
[20170110,3152,3117,3156,3063,1253466]
[20170109,3147,3119,3191,3117,1347054]
[20170106,3109,3163,3203,3100,1457624]
[20170105,3105,3112,3145,3081,996816]
[20170104,3128,3109,3147,3067,1112368]
[20170103,3213,3135,3287,3093,979480]
[20161230,3222,3250,3227,3156,1178818]
[20161229,3182,3210,3252,3128,1630218]
[20161228,3102,3142,3156,3084,875898]
[20161227,2889,3095,3088,2864,1457720]
[20161226,2915,2882,2943,2828,1223848]
[20161223,2927,2927,2969,2878,1179318]
[20161222,3035,2910,3035,2939,1133572]
[20161221,3044,3013,3077,3002,1212462]
[20161220,3020,3060,3081,2967,1840630]
[20161219,2915,3023,3060,2908,1275254]
[20161216,2929,2931,2985,2901,880310]
[20161215,2948,2920,2948,2889,773922]
[20161214,2990,2908,3004,2910,766720]
[20161213,2978,2988,2995,2917,698248]
[20161212,2892,2964,3016,2868,1029230]
[20161209,2812,2901,2934,2798,1498018]
[20161208,2861,2833,2889,2782,798720]
[20161207,2819,2885,2906,2803,1213806]
[20161206,2845,2821,2873,2798,907964]
[20161205,2725,2861,2854,2714,1286510]
[20161202,2763,2725,2779,2688,1109800]
[20161201,2667,2775,2789,2667,1834104]
[20161130,2669,2676,2695,2550,1508780]
[20161129,2754,2681,2784,2674,1206306]
[20161128,2683,2782,2761,2641,1340348]
[20161125,2718,2665,2765,2634,1281354]
[20161124,2751,2732,2770,2681,1367568]
[20161123,2695,2758,2805,2655,1483190]
[20161122,2641,2697,2735,2625,1326086]
[20161121,2552,2625,2641,2517,1230572]
[20161118,2576,2552,2580,2517,847976]
[20161117,2552,2561,2573,2505,920212]
[20161116,2496,2529,2561,2491,1080764]
[20161115,2440,2503,2491,2412,1010638]
[20161114,2632,2456,2688,2440,1569246]
[20161111,2566,2650,2650,2533,1396788]
[20161110,2482,2550,2588,2476,1077388]
[20161109,2465,2511,2503,2444,916222]
[20161108,2408,2471,2495,2403,1045066]
[20161107,2376,2416,2444,2376,844664]
[20161104,2463,2392,2490,2376,1085224]
[20161103,2465,2471,2479,2435,724298]
[20161102,2482,2460,2566,2454,1362950]
[20161101,2454,2533,2506,2406,1091650]
[20161031,2465,2425,2479,2408,1155674]
[20161028,2406,2457,2476,2406,1106442]
[20161027,2387,2425,2430,2378,933122]
[20161026,2446,2397,2460,2351,1601126]
[20161025,2484,2452,2520,2433,1303440]
[20161024,2487,2511,2503,2468,647822]
[20161021,2484,2479,2490,2449,810978]
[20161020,2408,2482,2514,2408,1938306]
[20161019,2403,2411,2430,2384,1070242]
[20161018,2416,2411,2425,2381,693058]
[20161017,2340,2403,2425,2335,1400806]
[20161014,2349,2349,2365,2313,976936]
[20161013,2359,2359,2370,2330,853284]
[20161012,2395,2349,2408,2343,758832]
[20161011,2362,2395,2435,2362,1191758]
[20161010,2378,2376,2381,2340,406488]
[20160930,2362,2362,2376,2332,580298]
[20160929,2332,2373,2381,2311,1190736]
[20160928,2446,2343,2446,2311,2027090]
[20160927,2476,2444,2487,2438,810032]
[20160926,2487,2487,2501,2460,651722]
[20160923,2482,2479,2495,2438,1003910]
[20160922,2479,2492,2528,2468,1013908]
[20160921,2495,2487,2522,2479,669610]
[20160920,2498,2492,2514,2487,537008]
[20160919,2460,2495,2506,2460,338368]
[20160914,2471,2482,2490,2454,621854]
[20160913,2476,2482,2495,2457,702082]
[20160912,2571,2476,2577,2463,1224158]
[20160909,2579,2571,2596,2571,493470]
[20160908,2585,2593,2612,2549,737340]
[20160907,2579,2593,2598,2574,584496]
[20160906,2560,2585,2601,2544,761566]
[20160905,2544,2560,2569,2528,739748]
[20160902,2539,2544,2563,2522,702884]
[20160901,2511,2536,2552,2503,688376]
[20160831,2525,2522,2539,2476,919820]
[20160830,2549,2530,2558,2517,630004]
[20160829,2541,2549,2579,2530,760736]
[20160826,2520,2549,2563,2511,745782]
[20160825,2574,2517,2590,2487,1178746]
[20160824,2571,2585,2604,2563,591782]
[20160823,2574,2574,2598,2558,729866]
[20160822,2658,2593,2680,2574,1109988]
[20160819,2718,2661,2729,2653,1125540]
[20160818,2753,2715,2761,2696,954834]
[20160817,2748,2756,2775,2737,721688]
[20160816,2767,2764,2788,2742,816496]
[20160815,2745,2786,2788,2729,796178]
[20160812,2691,2748,2756,2685,820538]
[20160811,2721,2696,2734,2677,789204]
[20160810,2721,2718,2745,2693,743184]
[20160809,2729,2729,2742,2683,715846]
[20160808,2672,2726,2729,2628,1021720]
[20160805,2666,2669,2693,2655,611816]
[20160804,2674,2664,2702,2642,671118]
[20160803,2685,2661,2718,2650,432380]
[20160802,2694,2677,2694,2635,495278]
[20160801,2663,2689,2723,2658,547224]
[20160729,2802,2686,2816,2646,1048082]
[20160728,2811,2794,2836,2779,723720]
[20160727,2822,2825,2887,2794,978418]
[20160726,2816,2833,2847,2782,784020]
[20160725,2808,2796,2822,2743,658298]
[20160722,2884,2813,2893,2791,640866]
[20160721,2805,2873,2893,2785,793736]
[20160720,2808,2791,2819,2768,566986]
[20160719,2788,2808,2833,2762,594248]
[20160718,2955,2811,2958,2794,888668]
[20160715,2946,2938,2955,2893,818552]
[20160714,2867,2938,2961,2825,1371166]
[20160713,2884,2870,2924,2830,988138]
[20160712,2794,2859,2864,2774,785632]
[20160711,2740,2796,2785,2717,705676]
[20160708,2774,2740,2796,2692,938446]
[20160707,2745,2785,2813,2743,819634]
[20160706,2859,2785,2893,2757,1455994]
[20160705,3029,2890,3045,2833,1565214]
[20160704,2887,3017,3048,2887,1813978]
[20160701,2924,2904,2955,2881,961122]
[20160630,2924,2944,2995,2904,1355292]
[20160629,2881,2912,2932,2864,1546448]
[20160628,2839,2895,2881,2805,1029946]
[20160627,2794,2861,2873,2785,888684]
[20160624,2873,2802,2895,2782,1332374]
[20160623,2859,2867,2887,2839,936500]
[20160622,2777,2859,2867,2765,930144]
[20160621,2828,2791,2839,2779,718434]
[20160620,2734,2830,2819,2720,1044918]
[20160617,2709,2731,2726,2663,834882]
[20160616,2737,2723,2745,2711,673680]
[20160615,2740,2717,2768,2689,795112]
[20160614,2709,2751,2777,2706,935438]
[20160613,2655,2743,2728,2644,449350]
[20160608,2728,2672,2734,2689,557346]
[20160607,2723,2720,2726,2680,782504]
[20160606,2660,2714,2709,2629,865978]
[20160603,2618,2658,2663,2604,671266]
[20160602,2590,2612,2644,2576,724998]
[20160601,2635,2598,2652,2567,1231550]
[20160531,2629,2638,2675,2618,1006110]
[20160530,2587,2624,2641,2578,922900]
[20160527,2683,2607,2683,2593,1335340]
[20160526,2649,2680,2686,2632,1145322]
[20160525,2618,2655,2658,2607,1029720]
[20160524,2615,2618,2658,2581,1303388]
[20160523,2743,2618,2762,2573,1659534]
[20160520,2717,2745,2777,2683,1272242]
[20160519,2805,2726,2853,2734,1720992]
[20160518,2825,2796,2873,2785,1639168]
[20160517,2822,2836,2873,2813,1486194]
[20160516,2745,2859,2825,2706,1538006]
[20160513,2799,2737,2828,2714,1953660]
[20160512,2751,2819,2819,2720,1533224]
[20160511,2692,2737,2765,2686,1576276]
[20160510,2646,2703,2694,2624,1254144]
[20160509,2720,2669,2760,2649,1606858]
[20160506,2836,2737,2850,2706,1697344]
[20160505,2811,2828,2825,2774,1155182]
[20160504,2799,2811,2825,2777,1209214]
[20160503,2873,2822,2895,2791,1202942]
[20160429,2935,2842,2958,2898,1928642]
[20160428,2980,2929,2995,2864,3280294]
[20160427,2966,2969,3037,2893,3941820]
[20160426,2958,2975,2989,2884,2858288]
[20160425,2944,2944,3091,2878,4828016]
[20160422,3043,2975,3085,2853,4812210]
[20160421,2893,3034,3051,2850,4270520]
[20160420,2847,2873,2944,2811,4145732]
[20160419,2774,2816,2890,2754,3313070]
[20160418,2740,2794,2782,2697,2100254]
[20160415,2805,2717,2822,2754,1611620]
[20160414,2765,2805,2822,2751,1983964]
[20160413,2717,2771,2847,2694,2702558]
[20160412,2683,2700,2723,2658,1365308]
[20160411,2629,2694,2711,2629,1573832]
[20160408,2542,2644,2598,2516,836954]
[20160407,2553,2559,2603,2550,387210]
[20160406,2526,2562,2568,2523,446162]
[20160405,2559,2538,2576,2496,792078]
[20160401,2624,2553,2654,2609,851852]
[20160331,2633,2618,2675,2579,1258058]
[20160330,2579,2645,2636,2571,791806]
[20160329,2612,2588,2642,2576,993744]
[20160328,2666,2600,2693,2609,884338]
[20160325,2621,2675,2669,2609,1056478]
[20160324,2758,2630,2770,2636,2113644]
[20160323,2806,2755,2851,2749,1377594]
[20160322,2836,2782,2866,2797,1195602]
[20160321,2851,2863,2875,2794,1792778]
[20160318,2785,2848,2881,2776,1999426]
[20160317,2720,2791,2797,2717,1332974]
[20160316,2663,2729,2735,2663,1745298]
[20160315,2684,2699,2717,2660,1685660]
[20160314,2678,2693,2755,2672,2028946]
[20160311,2654,2696,2720,2651,2026816]
[20160310,2741,2675,2782,2648,3446890]
[20160309,2800,2770,2800,2663,3085728]
[20160308,2905,2720,2976,2579,5294296]
[20160307,2749,2967,2905,2744,5019872]
[20160304,2729,2785,2797,2702,2727234]
[20160303,2738,2729,2800,2723,2504014]
[20160302,2690,2755,2779,2666,2517202]
[20160301,2618,2675,2696,2582,2408964]
[20160229,2633,2612,2660,2600,2306982]
[20160226,2529,2633,2642,2511,2188236]
[20160225,2511,2535,2562,2490,1369040]
[20160224,2588,2502,2594,2499,1198412]
[20160223,2606,2579,2612,2559,945742]
[20160222,2553,2588,2621,2547,1474544]
[20160219,2529,2562,2565,2520,1160714]
[20160218,2493,2535,2544,2484,1159876]
[20160217,2493,2493,2514,2460,888282]
[20160216,2460,2490,2529,2451,962380]
[20160215,2415,2466,2481,2415,443452]
[20160205,2520,2448,2541,2442,881518]
[20160204,2514,2529,2559,2487,1086912]
[20160203,2529,2523,2541,2484,821842]
[20160202,2505,2532,2550,2502,863426]
[20160201,2553,2514,2585,2508,1192052]
[20160129,2633,2573,2639,2550,1529894]
[20160128,2624,2630,2666,2615,1141606]
[20160127,2618,2639,2645,2603,884552]
[20160126,2588,2609,2621,2582,759626]
[20160125,2642,2594,2648,2597,1045134]
[20160122,2547,2624,2666,2535,1800240]
[20160121,2556,2556,2576,2520,1328262]
[20160120,2627,2559,2633,2541,1062560]
[20160119,2568,2624,2621,2562,1043512]
[20160118,2502,2576,2576,2472,1345792]
[20160115,2553,2475,2588,2538,889040]
[20160114,2541,2562,2565,2511,922282]
[20160113,2547,2550,2579,2511,1007034]
[20160112,2633,2550,2648,2499,965134]
[20160111,2669,2642,2690,2615,592664]
[20160108,2627,2681,2696,2624,864310]
[20160107,2654,2648,2681,2588,787972]
[20160106,2702,2657,2717,2663,608648]
[20160105,2699,2714,2726,2657,776310]
[20160104,2860,2705,2872,2690,646678]
[20151231,2815,2830,2872,2812,544408]
[20151230,2809,2824,2860,2806,567524]
[20151229,2741,2830,2809,2735,505216]
[20151228,2782,2746,2800,2732,434620]
[20151225,2842,2797,2851,2776,557112]
[20151224,2875,2851,2890,2845,578788]
[20151223,2833,2863,2884,2821,724222]
[20151222,2803,2860,2866,2764,656856]
[20151221,2749,2806,2842,2732,584392]
[20151218,2675,2755,2761,2657,294494]
[20151217,2672,2669,2712,2656,317604]
[20151216,2675,2684,2700,2650,376100]
[20151215,2622,2681,2728,2606,551078]
[20151214,2603,2650,2709,2594,711088]
[20151211,2625,2628,2650,2566,493934]
[20151210,2691,2637,2744,2603,654792]
[20151209,2687,2712,2753,2678,389016]
[20151208,2831,2703,2853,2716,516354]
[20151207,2891,2844,2966,2828,468306]
[20151204,2862,2906,2897,2806,495244]
[20151203,2944,2881,2966,2847,558846]
[20151202,2944,2937,3009,2919,492578]
[20151201,2931,2941,2962,2894,559104]
[20151130,2922,2934,2981,2881,690762]
[20151127,2997,2928,3059,2900,668184]
[20151126,2981,3003,3116,2937,842406]
[20151125,2966,2959,3044,2825,888922]
[20151124,2984,3009,2991,2847,342610]
[20151123,3176,2900,3242,2978,358626]
[20151120,3142,3195,3248,3118,285534]
[20151119,3217,3136,3248,3142,291682]
[20151118,3254,3235,3291,3195,348042]
[20151117,3375,3269,3397,3245,652762]
[20151116,3548,3350,3558,3375,665656]
[20151113,3548,3514,3641,3542,703714]
[20151112,3514,3564,3601,3496,553318]
[20151111,3555,3521,3558,3499,454614]
[20151110,3521,3536,3561,3490,532136]
[20151109,3542,3521,3583,3496,888326]
[20151106,3486,3542,3567,3443,969408]
[20151105,3459,3490,3486,3400,653078]
[20151104,3362,3462,3493,3353,724218]
[20151103,3384,3372,3434,3335,584212]
[20151102,3393,3403,3428,3347,621612]
[20151030,3474,3356,3517,3372,728260]
[20151029,3440,3493,3511,3434,589078]
[20151028,3428,3443,3462,3415,591576]
[20151027,3424,3440,3468,3362,767320]
[20151026,3409,3428,3465,3353,896072]
[20151023,3505,3366,3536,3341,1129658]
[20151022,3539,3508,3552,3459,800534]
[20151021,3694,3527,3694,3524,659486]
[20151020,3765,3663,3781,3654,548518]
[20151019,3753,3772,3855,3747,662260]
[20151016,3725,3778,3793,3706,392362]
[20151015,3744,3725,3787,3725,308244]
[20151014,3731,3734,3781,3725,315608]
[20151013,3759,3731,3762,3675,377226]
[20151012,3803,3744,3815,3731,395322]
[20151009,3691,3775,3824,3685,478758]
[20151008,3719,3694,3787,3672,127280]
[20150930,3635,3722,3644,3576,226444]
[20150929,3651,3632,3697,3567,575012]
[20150928,3669,3682,3669,3604,209248]
[20150925,3657,3617,3716,3641,451390]
[20150924,3651,3663,3713,3638,478070]
[20150923,3610,3666,3688,3598,438324]
[20150922,3731,3623,3741,3623,463960]
[20150921,3657,3719,3725,3620,526438]
[20150918,3722,3651,3762,3663,666570]
[20150917,3793,3750,3812,3731,782140]
[20150916,3750,3790,3790,3710,973380]
[20150915,3868,3722,3961,3694,1423536]
[20150914,3775,3886,3951,3759,1063922]
[20150911,3824,3775,3846,3765,447010]
[20150910,3620,3818,3821,3604,349746]
[20150909,3595,3635,3694,3583,296828]
[20150908,3536,3589,3570,3502,156992]
[20150907,3511,3542,3576,3493,116812]
[20150902,3654,3533,3700,3521,267272]
[20150901,3607,3685,3765,3589,273824]
[20150831,3635,3638,3734,3592,248062]
[20150828,3669,3604,3722,3617,186442]
[20150827,3490,3660,3657,3440,194396]
[20150826,3552,3452,3573,3452,130196]
[20150825,3431,3533,3558,3350,172014]
[20150824,3604,3434,3638,3477,102956]
[20150821,3741,3623,3747,3592,105656]
[20150820,3865,3706,3865,3685,57866]
[20150819,3836,3852,3868,3760,85844]
[20150818,3836,3855,3902,3817,80130]
[20150817,3978,3868,4003,3824,86544]
[20150814,3981,3988,4057,3953,82582]
[20150813,4003,3991,4063,3959,79540]
[20150812,4007,4029,4013,3947,89666]
[20150811,4108,3981,4174,4022,124558]
[20150810,3947,4117,4082,3947,137742]
[20150807,3861,3975,4016,3836,56562]
[20150806,3925,3858,3925,3849,56986]
[20150805,3921,3887,3934,3849,54112]
[20150804,3805,3906,3921,3792,79032]
[20150803,3984,3842,4051,3805,118246]
[20150430,3980,4022,4019,3960,114792]
[20150429,4080,3967,4085,3957,126336]
[20150428,4075,4070,4137,4046,160592]
[20150427,4011,4085,4102,3989,189862]
[20150424,3972,4029,4034,3935,166070]
[20150423,4016,3962,4051,3903,168176]
[20150422,3965,4043,4056,3965,155330]
[20150421,4041,4002,4061,3933,195586]
[20150420,4181,3972,4206,4046,159302]
[20150417,4225,4196,4260,4159,158382]
[20150416,4149,4252,4270,4137,222494]
[20150415,4134,4169,4208,4117,145152]
[20150414,4188,4166,4223,4090,118388]
[20150413,4142,4201,4247,4120,177580]
[20150410,4056,4184,4220,4051,232692]
[20150409,4095,4129,4102,3980,104752]
[20150408,4129,4051,4169,4007,132064]
[20150407,4083,4080,4169,4083,44200]
[20150403,3977,4100,4127,3938,188684]
[20150402,3803,4021,3982,3803,97900]
[20150401,3785,3822,3822,3771,31258]
