[20210830,17570,17525,17735,17400,381390]
[20210827,17565,17600,17690,17430,299147]
[20210826,17555,17615,17750,17425,365621]
[20210825,17385,17625,17645,17385,260372]
[20210824,17860,17510,17900,17365,446784]
[20210823,17595,17835,17945,17595,353764]
[20210820,18265,17635,18265,17535,580973]
[20210819,18290,18030,18415,18020,531074]
[20210818,18300,18390,18505,18235,341676]
[20210817,18145,18295,18445,18045,368433]
[20210816,17875,18125,18185,17870,353681]
[20210813,17730,17910,17985,17680,281920]
[20210812,17840,17725,17905,17690,244000]
[20210811,17870,17850,17970,17730,268543]
[20210810,17725,17910,17940,17620,286691]
[20210809,17705,17690,17855,17655,276823]
[20210806,17405,17705,17750,17359,214414]
[20210805,17537,17410,17557,17389,213784]
[20210804,17343,17501,17603,17298,213387]
[20210803,17598,17379,17649,17338,261813]
[20210802,17628,17618,17689,17323,308404]
[20210730,17898,17588,17908,17511,368065]
[20210729,17888,17862,17959,17659,299755]
[20210728,17771,17816,17923,17771,324092]
[20210727,17293,17816,18137,17267,632433]
[20210726,17471,17282,17506,17201,292151]
[20210723,17313,17430,17562,17267,328069]
[20210722,16962,17389,17466,16947,330982]
[20210721,16967,16982,17099,16906,202144]
[20210720,16988,16988,17003,16657,312283]
[20210719,17125,16754,17221,16932,338286]
[20210716,17120,17150,17196,16916,289917]
[20210715,17028,17110,17262,17028,306920]
[20210714,16906,17130,17145,16805,350469]
[20210713,16688,16815,16921,16652,223151]
[20210712,16632,16672,16855,16632,235588]
[20210709,16672,16733,16672,16494,218518]
[20210708,16754,16540,16784,16540,257343]
[20210707,16891,16698,16942,16454,501457]
[20210706,16677,16901,16937,16677,262598]
[20210705,16560,16738,16774,16449,318936]
[20210702,16154,16520,16566,16154,349701]
[20210701,16332,16525,16332,16052,267867]
[20210630,16301,16266,16362,16210,177732]
[20210629,16296,16352,16372,16169,257227]
[20210628,16286,16342,16337,16159,203066]
[20210625,16189,16276,16321,16128,186057]
[20210624,16103,16164,16199,16082,185829]
[20210623,15833,16128,16108,15818,242937]
[20210622,15691,15889,15859,15660,182541]
[20210621,15747,15701,15859,15691,208156]
[20210618,15905,15808,15905,15716,244927]
[20210617,15925,15793,16021,15849,216844]
[20210616,15996,15991,16062,15915,167500]
[20210615,16306,16032,16306,15864,260060]
[20210611,16250,16037,16433,16205,316688]
[20210610,16296,16271,16337,16138,200709]
[20210609,16159,16321,16388,16133,337809]
[20210608,16088,16154,16164,15991,261775]
[20210607,16143,16093,16225,16037,259664]
[20210604,16154,16149,16169,15971,306195]
[20210603,15915,16138,16199,15859,339901]
[20210602,15833,15925,16016,15833,277872]
[20210601,15737,15915,15838,15640,202383]
[20210531,15681,15727,15762,15589,261419]
[20210528,15569,15706,15777,15569,274701]
[20210527,15808,15645,15854,15559,368059]
[20210526,16006,15818,16006,15716,368654]
[20210525,15971,15930,16052,15910,270993]
[20210524,16337,15920,16388,15950,509848]
[20210521,16072,16316,16388,15884,589642]
[20210520,15905,15986,16077,15676,422152]
[20210519,16067,15716,16108,15894,280990]
[20210518,15935,16057,16082,15864,240547]
[20210517,15874,15960,16088,15833,322278]
[20210514,16108,16006,16159,15772,467606]
[20210513,16586,16093,16586,16027,521789]
[20210512,16164,16443,16632,16164,491625]
[20210511,16372,16215,16372,16067,379836]
[20210510,16291,16281,16388,16174,374445]
[20210507,16123,16316,16438,16113,465366]
[20210506,15864,16189,16199,15864,190105]
[20210430,16118,16016,16118,15793,389605]
[20210429,16184,16103,16220,16072,282521]
[20210428,16154,16159,16321,16052,497975]
[20210427,15930,16098,16164,15930,308912]
[20210426,16133,16057,16260,15920,420235]
[20210423,15813,16118,16245,15772,470475]
[20210422,15620,15833,15884,15584,345318]
[20210421,15691,15620,15732,15508,251988]
[20210420,15742,15711,15772,15554,245048]
[20210419,15655,15676,15681,15503,253272]
[20210416,15503,15655,15742,15493,301855]
[20210415,15320,15523,15554,15299,273010]
[20210414,15152,15330,15325,15127,266331]
[20210413,15350,15223,15376,15111,263478]
[20210412,15503,15325,15538,15096,344607]
[20210409,15396,15488,15564,15279,287758]
[20210408,15477,15427,15493,15330,170548]
[20210407,15591,15416,15679,15415,188403]
[20210406,15306,15643,15596,15239,230067]
[20210402,15270,15296,15410,15058,306311]
[20210401,15110,15275,15368,15017,267443]
[20210331,15420,15032,15441,15084,262832]
[20210330,15286,15384,15462,15244,257099]
[20210329,15265,15306,15493,15182,374273]
[20210326,15260,15379,15317,14779,674232]
[20210325,15467,15224,15560,15167,365380]
[20210324,15782,15544,15782,15343,304460]
[20210323,15855,15684,15917,15694,189358]
[20210322,15777,15818,15922,15720,174547]
[20210319,16149,15787,16211,15725,366018]
[20210318,16196,16180,16377,16098,210464]
[20210317,16082,16175,16299,16067,208972]
[20210316,16191,16098,16258,16046,220843]
[20210315,16341,16206,16413,16191,235234]
[20210312,16330,16299,16563,16294,277669]
[20210311,16056,16413,16372,15984,283157]
[20210310,16382,16015,16423,15855,534947]
[20210309,16615,16403,16630,16341,304337]
[20210308,16516,16537,16827,16403,403127]
[20210305,16661,16522,16754,16341,411936]
[20210304,16941,16656,16972,16568,365456]
[20210303,17085,16873,17147,16796,291602]
[20210302,17323,17039,17427,16822,479290]
[20210301,16615,17277,17287,16610,451956]
[20210226,17142,16677,17432,16553,567651]
[20210225,16909,17385,17659,16878,617548]
[20210224,16868,16956,16961,16760,249310]
[20210223,16884,16904,17199,16775,394592]
[20210222,16651,16847,17065,16568,405580]
[20210219,16589,16641,16749,16434,269179]
[20210218,16558,16697,16666,16465,170781]
[20210210,16186,16558,16599,16051,304994]
[20210209,16118,16227,16222,16041,214129]
[20210208,16123,16082,16186,15870,280072]
[20210205,15798,16082,16129,15767,375210]
[20210204,15425,15782,15948,15379,336539]
[20210203,15446,15399,15482,15358,146810]
[20210202,15575,15451,15622,15425,156954]
[20210201,15374,15575,15617,15368,209204]
[20210129,15368,15379,15503,15239,293208]
[20210128,15575,15405,15586,15317,246951]
[20210127,15431,15534,15643,15368,230204]
[20210126,15699,15384,15705,15327,329100]
[20210125,15627,15668,15694,15498,268913]
[20210122,15860,15632,15922,15591,351423]
[20210121,15606,15870,15824,15580,233535]
[20210120,15813,15606,15855,15575,285750]
[20210119,15720,15834,15891,15710,291650]
[20210118,15524,15751,15782,15467,257963]
[20210115,15524,15575,15627,15436,238167]
[20210114,15849,15482,15886,15462,385927]
[20210113,15720,15849,15984,15705,277134]
[20210112,15668,15782,15756,15410,365899]
[20210111,15994,15658,16025,15617,478307]
[20210108,16036,15999,16144,15839,332634]
[20210107,15968,16072,16113,15875,453693]
[20210106,15849,16082,15994,15772,334859]
[20210105,15875,15922,16015,15736,384202]
[20210104,15684,15901,15906,15637,315184]
[20201231,15544,15674,15715,15493,438621]
[20201230,15379,15555,15591,15358,407206]
[20201229,15399,15410,15482,15306,238737]
[20201228,15399,15456,15431,15312,197129]
[20201225,15291,15384,15456,15270,235883]
[20201224,15312,15312,15348,15208,170546]
[20201223,15141,15286,15239,15001,316854]
[20201222,15513,15167,15513,15006,475259]
[20201221,15410,15348,15617,15410,328182]
[20201218,15374,15451,15534,15374,323013]
[20201217,15353,15436,15420,15306,200613]
[20201216,15343,15348,15394,15306,174914]
[20201215,15394,15374,15493,15286,310332]
[20201214,15343,15477,15441,15229,363883]
[20201211,15115,15317,15343,15063,530622]
[20201210,15037,15110,15193,14996,269437]
[20201209,15079,15058,15110,14965,166978]
[20201208,15151,15022,15250,15058,247147]
[20201207,14901,15115,15162,14901,231280]
[20201204,15011,14933,15011,14844,186967]
[20201203,14938,14938,15011,14881,143688]
[20201202,15078,14907,15182,14948,226304]
[20201201,15146,15115,15151,14990,178675]
[20201130,15151,15094,15214,15037,259979]
[20201127,14959,15120,15167,14938,210732]
[20201126,15021,14974,15078,14907,180155]
[20201125,15089,15037,15120,14990,194905]
[20201124,15037,15063,15193,15032,304439]
[20201123,14891,15115,15084,14849,250890]
[20201120,14927,14865,15120,14823,390755]
[20201119,14756,15084,14948,14725,242875]
[20201118,14725,14782,14808,14672,159942]
[20201117,14901,14714,14953,14688,264932]
[20201116,14797,14891,14896,14610,285902]
[20201113,14901,14829,14959,14766,226580]
[20201112,14927,14912,14995,14839,210136]
[20201111,14818,14922,15026,14782,296523]
[20201110,14886,14823,14917,14751,244247]
[20201109,14636,14865,14834,14485,426560]
[20201106,14985,14542,15016,14605,445212]
[20201105,15115,14995,15115,14886,317401]
[20201104,14943,15099,15182,14875,476703]
[20201103,14969,14933,15063,14855,322375]
[20201102,15130,15000,15162,14912,374483]
[20201030,14979,15141,15224,14797,640097]
[20201029,15084,14886,15177,14933,477706]
[20201028,15089,15120,15370,15006,929625]
[20201027,15078,15146,15182,14974,455122]
[20201026,15058,15110,15250,14912,604709]
[20201023,15120,15026,15344,14995,633521]
[20201022,15333,15266,15349,14933,738443]
[20201021,15453,15229,15469,15141,753094]
[20201020,15541,15344,15583,15203,691619]
[20201019,15214,15515,15921,15099,1050747]
[20201016,14844,15141,15271,14751,635051]
[20201015,14927,14834,14985,14813,425201]
[20201014,14672,14917,14912,14589,576164]
[20201013,14444,14620,14719,14324,510033]
[20201012,13840,14397,14537,13840,631928]
[20201009,13616,13908,13840,13611,148838]
[20200930,13257,13720,13705,13231,239331]
[20200929,13361,13268,13382,13174,168152]
[20200928,13226,13330,13351,13164,180480]
[20200925,13221,13205,13361,13184,211074]
[20200924,13320,13257,13403,13174,231498]
[20200923,13471,13372,13517,13226,255318]
[20200922,13424,13481,13533,13247,307209]
[20200921,13314,13429,13465,13299,228429]
[20200918,13304,13372,13346,13205,180106]
[20200917,13294,13278,13356,13257,158354]
[20200916,13304,13304,13335,13236,130667]
[20200915,13190,13283,13366,13169,228468]
[20200914,13091,13216,13164,13065,136463]
[20200911,13101,13106,13143,13054,143881]
[20200910,13002,13086,13174,12976,208231]
[20200909,13434,13039,13439,12815,554899]
[20200908,13465,13382,13517,13434,154688]
[20200907,13413,13450,13491,13398,151694]
[20200904,13523,13439,13569,13346,278218]
[20200903,13616,13533,13637,13512,219815]
[20200902,13673,13595,13715,13627,188976]
[20200901,13653,13668,13684,13575,153886]
[20200831,13538,13653,13710,13533,340800]
[20200828,13486,13549,13559,13465,189016]
[20200827,13538,13507,13569,13471,173415]
[20200826,13476,13517,13533,13434,167674]
[20200825,13642,13502,13647,13450,226688]
[20200824,13434,13549,13517,13361,231724]
[20200821,13366,13413,13476,13314,244024]
[20200820,13351,13393,13393,13273,165458]
[20200819,13419,13356,13455,13330,195693]
[20200818,13445,13424,13497,13393,200333]
[20200817,13361,13429,13476,13304,256739]
[20200814,13309,13335,13387,13262,179040]
[20200813,13429,13294,13465,13252,180200]
[20200812,13247,13403,13439,13247,306398]
[20200811,13257,13294,13340,13236,130196]
[20200810,13476,13288,13528,13216,226249]
[20200807,13432,13460,13683,13377,433081]
[20200806,13229,13399,13421,13175,299091]
[20200805,13202,13224,13273,13169,160255]
[20200804,13279,13197,13317,13147,183533]
[20200803,13147,13262,13300,13060,254024]
[20200731,13136,13104,13207,13033,290044]
[20200730,13235,13197,13300,13147,301161]
[20200729,13076,13186,13213,13022,192956]
[20200728,13044,13054,13175,13038,209587]
[20200727,13065,13076,13109,13000,253337]
[20200724,13169,13082,13262,13060,343222]
[20200723,13235,13218,13350,13147,287342]
[20200722,13202,13284,13579,13180,602170]
[20200721,13126,13197,13268,13115,239668]
[20200720,13038,13180,13098,12978,194317]
[20200717,13033,13071,13180,13033,212604]
[20200716,13213,13082,13246,13022,244168]
[20200715,13093,13186,13229,13087,226974]
[20200714,13257,13158,13284,13054,281010]
[20200713,13158,13273,13328,13158,284588]
[20200710,13251,13202,13388,13087,497905]
[20200709,13033,13306,13262,13033,362401]
[20200708,13060,13065,13120,12983,232605]
[20200707,13158,13038,13180,12962,270809]
[20200706,13060,13147,13164,13000,261625]
[20200703,13022,13044,13131,12967,285332]
[20200702,12847,12994,13049,12847,332955]
[20200701,12748,12896,12912,12732,256788]
[20200630,12748,12776,12847,12743,220849]
[20200629,12841,12792,12847,12683,143342]
[20200624,12776,12798,12841,12699,233349]
[20200623,12798,12776,12874,12738,259501]
[20200622,13011,12841,13038,12809,276474]
[20200619,12994,13011,13060,12945,236610]
[20200618,12945,12983,13016,12918,180367]
[20200617,12983,12929,13033,12847,241665]
[20200616,12787,13022,12962,12770,209738]
[20200615,12983,12819,13065,12787,355095]
[20200612,13038,12989,13076,12891,326081]
[20200611,13142,13038,13180,12951,423580]
[20200610,13147,13164,13207,13109,276161]
[20200609,13098,13147,13279,13011,422709]
[20200608,13136,13136,13284,13044,500372]
[20200605,12841,13082,13164,12819,776274]
[20200604,12912,12874,12940,12754,361691]
[20200603,12841,12874,12896,12803,252677]
[20200602,12710,12825,12945,12705,472404]
[20200601,12530,12716,12809,12459,432147]
[20200529,12639,12492,12656,12486,321138]
[20200528,12672,12585,12710,12557,368817]
[20200527,12787,12656,12825,12661,339182]
[20200526,12699,12776,12770,12645,268792]
[20200525,12650,12748,12716,12519,384081]
[20200522,12929,12677,12956,12623,509123]
[20200521,12918,12918,12962,12819,419196]
[20200520,12830,12940,13065,12803,599584]
[20200519,12705,12814,13011,12661,718828]
[20200518,12748,12683,12896,12601,511063]
[20200515,12552,12830,12754,12497,376765]
[20200514,12645,12601,12694,12503,261189]
[20200513,12688,12634,12738,12492,379177]
[20200512,12721,12716,12819,12568,340640]
[20200511,12836,12787,12885,12639,431043]
[20200508,12677,12803,12929,12634,652674]
[20200507,12377,12770,12672,12333,423750]
[20200506,12459,12377,12459,12213,234162]
[20200430,12617,12377,12754,12606,176176]
[20200429,12574,12677,12672,12503,229785]
[20200428,12432,12541,12541,12339,247793]
[20200427,12470,12448,12705,12404,314188]
[20200424,12639,12601,12661,12503,297744]
[20200423,12677,12612,12830,12524,540856]
[20200422,12115,12546,12371,11869,378783]
[20200421,12595,11923,12705,12087,427566]
[20200420,12399,12535,12612,12388,242314]
[20200417,12464,12448,12617,12350,318842]
[20200416,12475,12486,12492,12350,178608]
[20200415,12486,12426,12590,12399,273607]
[20200414,12421,12568,12623,12382,276402]
[20200413,12710,12442,12787,12328,345573]
[20200410,12634,12666,12770,12530,250846]
[20200409,12601,12694,12705,12437,338904]
[20200408,12142,12601,12841,12087,647011]
[20200407,12328,12142,12344,12065,224413]
[20200403,12033,12202,12033,11781,210937]
[20200402,11475,11929,12104,11453,404670]
[20200401,12044,11628,12076,11710,250935]
[20200331,11978,12016,12082,11907,227616]
[20200330,11794,12033,12110,11777,186911]
[20200327,12208,11863,12484,11673,358565]
[20200326,12197,12392,12519,12179,342817]
[20200325,12151,12444,12306,12001,402607]
[20200324,11915,12179,12041,11437,452434]
[20200323,12197,12001,12220,11834,119899]
[20200320,12640,12162,12818,12525,290223]
[20200319,13186,12668,13295,12594,324581]
[20200318,13215,13077,13434,13186,296471]
[20200317,13117,13307,13359,13065,337691]
[20200316,13284,13175,13468,13157,275280]
[20200313,13773,13307,13779,13186,544829]
[20200312,14112,13566,14130,13865,314973]
[20200311,14297,14089,14394,14101,215689]
[20200310,14251,14320,14435,14187,210886]
[20200309,14026,14291,14325,13986,358117]
[20200306,14596,14153,14670,14481,266783]
[20200305,14360,14538,14803,14360,405784]
[20200304,14394,14515,14400,14291,148807]
[20200303,14440,14343,14630,14279,383857]
[20200302,14187,14555,14440,14118,231087]
[20200228,14204,14164,14279,13928,340910]
[20200227,14619,14112,14647,14521,155286]
[20200226,14832,14607,14878,14590,243476]
[20200225,14745,14855,15010,14740,215871]
[20200224,15183,14786,15223,14699,343379]
[20200221,15349,14975,15390,15217,178788]
[20200220,15355,15344,15390,15234,216703]
[20200219,15298,15367,15321,15223,156602]
[20200218,15413,15292,15436,15096,394230]
[20200217,15240,15292,15545,15234,435597]
[20200214,14970,15280,15246,14866,311693]
[20200213,15039,14964,15131,14952,142190]
[20200212,15102,15085,15160,14826,281004]
[20200211,15142,15137,15177,15044,143036]
[20200210,14998,15148,15165,14975,186605]
[20200207,15044,15067,15119,15027,121408]
[20200206,14866,15067,15188,14763,371707]
[20200205,14843,14895,14987,14791,243924]
[20200204,13957,14872,14855,13957,286706]
[20200203,14694,14412,14832,14458,143655]
[20200123,15798,14734,15798,14458,398882]
[20200122,15930,15741,15930,15349,502248]
[20200121,16074,15861,16195,15827,320088]
[20200120,16230,16097,16310,16069,215623]
[20200117,16109,16281,16201,16023,188630]
[20200116,16011,16132,16235,15988,243011]
[20200115,16333,16109,16385,16017,366727]
[20200114,16592,16350,16627,16189,368259]
[20200113,16454,16592,16621,16425,288568]
[20200110,16437,16529,16529,16362,240724]
[20200109,16299,16431,16546,16293,466258]
[20200108,16339,16339,16368,16138,314680]
[20200107,16178,16310,16408,16172,395765]
[20200106,16051,16304,16258,15925,329572]
[20200103,16109,15959,16258,16074,278426]
[20200102,16322,16120,16414,15965,454405]
[20191231,16149,16293,16327,16011,799075]
[20191230,15683,16138,16207,15649,1338736]
[20191227,15430,15695,15769,15418,1035030]
[20191226,15315,15436,15447,15280,247198]
[20191225,15390,15326,15424,15280,275070]
[20191224,15367,15390,15470,15367,315566]
[20191223,15418,15401,15505,15326,432532]
[20191220,15424,15418,15476,15361,329850]
[20191219,15315,15430,15453,15269,383958]
[20191218,15378,15315,15476,15280,479716]
[20191217,15367,15384,15413,15292,252906]
[20191216,15395,15372,15447,15154,533164]
[20191213,15332,15378,15499,15223,607066]
[20191212,15165,15292,15355,15165,371442]
[20191211,15183,15217,15344,15148,464822]
[20191210,15194,15240,15252,15125,325236]
[20191209,15217,15211,15332,15177,367596]
[20191206,15016,15234,15280,14981,483270]
[20191205,14975,15033,15016,14906,252080]
[20191204,14895,14964,14947,14774,365758]
[20191203,15072,14901,15143,14863,235288]
[20191202,15221,15096,15239,15048,213658]
[20191129,15197,15221,15304,15179,194130]
[20191128,15346,15227,15406,15155,311240]
[20191127,15352,15358,15388,15257,195262]
[20191126,15245,15358,15418,15191,418822]
[20191125,15191,15257,15310,15114,273764]
[20191122,15096,15125,15269,15096,344800]
[20191121,15400,15155,15436,15012,672350]
[20191120,15328,15388,15454,15298,343320]
[20191119,15489,15352,15519,15275,421620]
[20191118,15543,15477,15662,15513,505162]
[20191115,15543,15525,15651,15442,372246]
[20191114,15531,15567,15585,15466,366738]
[20191113,15281,15555,15615,15233,667742]
[20191112,15275,15316,15304,15191,320708]
[20191111,15442,15251,15454,15281,494728]
[20191108,15579,15418,15621,15424,443088]
[20191107,15615,15561,15639,15346,553474]
[20191106,15651,15585,15704,15549,490400]
[20191105,15489,15651,15692,15448,561928]
[20191104,15621,15525,15668,15489,463410]
[20191101,15662,15651,15704,15430,588744]
[20191031,15555,15692,15770,15531,854174]
[20191030,15543,15573,15585,15460,497730]
[20191029,15209,15495,15567,15173,814896]
[20191028,15263,15197,15489,15143,931168]
[20191025,15215,15287,15293,15084,446422]
[20191024,15185,15203,15304,15149,374366]
[20191023,15257,15215,15334,15119,405710]
[20191022,15137,15293,15227,14994,476654]
[20191021,15131,15125,15316,15054,564418]
[20191018,15137,15102,15227,15018,413346]
[20191017,15042,15179,15173,14827,591022]
[20191016,15024,14994,15197,14958,556208]
[20191015,15114,15137,15179,14946,480242]
[20191014,14797,15155,15310,14779,1064338]
[20191011,14761,14827,14797,14690,325474]
[20191010,14744,14708,14845,14690,397392]
[20191009,14523,14797,14756,14499,546412]
[20191008,14427,14600,14553,14392,167024]
[20190930,14517,14415,14547,14284,484362]
[20190927,14905,14469,14905,14332,747410]
[20190926,14970,14881,14994,14827,338324]
[20190925,15054,14940,15084,14970,272294]
[20190924,15287,15060,15370,15042,355064]
[20190923,15466,15304,15472,15227,353882]
[20190920,15382,15412,15495,15269,323372]
[20190919,15382,15430,15448,15340,218970]
[20190918,15603,15388,15698,15304,476068]
[20190917,15633,15662,15662,15543,240324]
[20190916,15728,15579,15746,15573,168460]
[20190912,15513,15656,15847,15322,469130]
[20190911,15442,15483,15543,15406,380700]
[20190910,15364,15454,15501,15352,423870]
[20190909,15466,15412,15472,15298,345810]
[20190906,15143,15358,15704,15137,1276746]
[20190905,15066,15209,15215,14976,574270]
[20190904,14917,15114,15096,14833,467048]
[20190903,14839,14911,15012,14750,299834]
[20190902,15006,14845,15066,14791,344630]
[20190830,14887,14988,15024,14839,290474]
[20190829,14911,14881,15030,14761,324610]
[20190828,14791,14976,14946,14720,458736]
[20190827,14720,14744,14791,14666,283232]
[20190826,15048,14732,15191,14606,544908]
[20190823,15298,15131,15298,15143,212382]
[20190822,15155,15263,15370,15125,330128]
[20190821,15334,15173,15370,15072,392256]
[20190820,15352,15287,15436,15287,211200]
[20190819,15322,15370,15430,15287,252708]
[20190816,15370,15328,15406,15239,320726]
[20190815,15370,15382,15400,15197,300568]
[20190814,15215,15328,15740,15060,813684]
[20190813,15197,15131,15310,15167,238742]
[20190812,15203,15215,15352,15149,298400]
[20190809,15235,15191,15372,15067,203008]
[20190808,15173,15298,15385,15104,234918]
[20190807,15254,15223,15385,15167,211120]
[20190806,15154,15316,15391,15061,271450]
[20190805,15821,15179,15877,15241,455794]
[20190802,16264,15827,16307,15672,513856]
[20190801,16370,16283,16382,16239,203124]
[20190731,16270,16351,16432,16226,317314]
[20190730,16332,16332,16470,16314,239466]
[20190729,16632,16357,16763,16245,508870]
[20190726,16600,16625,16688,16519,324144]
[20190725,16538,16538,16594,16413,247108]
[20190724,16339,16513,16569,16258,345818]
[20190723,16438,16364,16600,16295,301198]
[20190722,16183,16488,16644,16183,512904]
[20190719,16145,16276,16264,16058,252122]
[20190718,16283,16195,16301,16127,237910]
[20190717,16301,16264,16413,16102,400414]
[20190716,16264,16283,16470,16245,285078]
[20190715,16245,16289,16438,16208,310056]
[20190712,16401,16307,16451,16139,415722]
[20190711,16413,16364,16526,16276,393038]
[20190710,16283,16476,16470,15902,708924]
[20190709,17049,16102,17099,16495,596270]
[20190708,17305,17049,17411,17024,313714]
[20190705,17174,17305,17380,17162,210790]
[20190704,17205,17230,17317,17068,264376]
[20190703,17324,17205,17330,16981,376446]
[20190702,17592,17274,17592,17205,369268]
[20190701,17255,17492,17829,17118,546328]
[20190628,17143,17168,17305,17049,439652]
[20190627,17261,17124,17635,17099,641438]
[20190626,16999,17592,17311,16912,618166]
[20190625,16950,16981,17043,16844,291526]
[20190624,16981,16893,17118,16869,327436]
[20190621,17261,16999,17261,16881,593726]
[20190620,17255,17236,17405,17068,551868]
[20190619,16719,17255,17367,16663,1116634]
[20190618,16788,16682,16844,16594,500780]
[20190617,16775,16794,17018,16719,593536]
[20190614,16794,16819,16943,16688,472698]
[20190613,16644,16806,17037,16600,828374]
[20190612,16544,16625,16825,16389,700108]
[20190611,16264,16563,16551,16089,551158]
[20190610,16145,16289,16320,16114,189486]
[20190606,16413,16139,16457,15859,629488]
[20190605,16426,16426,16526,16320,260624]
[20190604,16096,16495,16482,16096,471386]
[20190603,16775,16226,16788,16164,797744]
[20190531,16850,16694,16925,16738,244608]
[20190530,17056,16869,17081,16731,424860]
[20190529,17062,17024,17193,16943,394270]
[20190528,16862,17031,17024,16819,280798]
[20190527,16893,16893,17037,16700,407810]
[20190524,16775,16931,16912,16669,388886]
[20190523,16763,16788,16862,16513,653000]
[20190522,17361,16794,17411,16669,772756]
[20190521,17286,17336,17573,17186,429050]
[20190520,17492,17211,17710,17049,579974]
[20190517,17804,17623,17922,17436,514652]
[20190516,17436,17847,17885,17411,640634]
[20190515,17255,17729,17561,17218,548692]
[20190514,17829,17392,17829,17230,656976]
[20190513,18932,17386,18994,18153,378956]
[20190510,18832,18932,19088,18757,326544]
[20190509,19156,18888,19163,18832,326276]
[20190508,19350,19125,19443,19206,249118]
[20190507,19075,19387,19462,19038,281662]
[20190506,19200,19156,19200,19069,122640]
[20190430,19362,19125,19462,18957,281286]
[20190429,19456,19350,19487,19331,191764]
[20190426,19543,19443,19543,19393,266562]
[20190425,19587,19518,19661,19474,187746]
[20190424,19649,19636,19755,19524,326650]
[20190423,19842,19711,19861,19761,141760]
[20190422,19755,19848,19917,19724,260808]
[20190419,19636,19792,19780,19636,143908]
[20190418,19774,19724,19942,19649,386438]
[20190417,19811,19817,19954,19761,293734]
[20190416,20085,19867,20104,19786,510244]
[20190415,19761,20060,20229,19742,807168]
[20190412,19805,19861,19842,19618,211960]
[20190411,19774,19805,19923,19724,257498]
[20190410,19699,19767,19986,19605,526130]
[20190409,19618,19699,19705,19537,225362]
[20190408,19643,19674,19655,19587,93336]
[20190404,19524,19593,19661,19449,137168]
[20190403,19473,19506,19531,19422,98654]
[20190402,19447,19492,19512,19390,90570]
[20190401,19383,19486,19473,19332,95836]
[20190329,19345,19396,19441,19280,133184]
[20190328,19486,19370,19512,19293,195506]
[20190327,19602,19486,19627,19447,152356]
[20190326,19608,19608,19647,19537,98058]
[20190325,19730,19621,19769,19550,190626]
[20190322,19672,19750,19782,19621,147178]
[20190321,19724,19660,19795,19653,139824]
[20190320,19647,19775,19743,19615,205144]
[20190319,19615,19692,19685,19550,102742]
[20190318,19576,19615,19717,19525,154010]
[20190315,19563,19582,19602,19473,147840]
[20190314,19698,19602,19756,19563,178668]
[20190313,19537,19711,19730,19499,242868]
[20190312,19467,19576,19602,19467,104670]
[20190311,19602,19563,19647,19428,208150]
[20190308,19807,19595,19807,19544,208554]
[20190307,19679,19750,19865,19647,327948]
[20190306,19615,19679,19750,19570,155812]
[20190305,19737,19627,19801,19531,210962]
[20190304,19737,19775,19820,19647,216608]
[20190301,19589,19750,19730,19570,192712]
[20190228,19563,19589,19647,19525,174842]
[20190227,19582,19595,19660,19512,172830]
[20190226,19756,19640,19814,19563,266090]
[20190225,20052,19692,20142,19627,502186]
[20190222,19730,20110,20116,19692,582258]
[20190221,19788,19750,19865,19595,333886]
[20190220,19737,19762,19795,19627,219576]
[20190219,19402,19672,19737,19377,247104]
[20190218,19300,19525,19460,19280,88472]
[20190215,19338,19319,19390,19222,111526]
[20190214,19293,19351,19409,19229,133288]
[20190213,19512,19280,19602,19280,243286]
[20190212,19557,19544,19865,19435,333382]
[20190211,19544,19672,19582,19422,59062]
[20190201,19698,19480,19730,19492,106414]
[20190131,19711,19685,19717,19570,103064]
[20190130,19640,19685,19737,19608,140820]
[20190129,19615,19685,19647,19505,98422]
[20190128,19634,19621,19750,19557,145916]
[20190125,19518,19627,19621,19467,141612]
[20190124,19486,19563,19537,19422,83364]
[20190123,19499,19525,19563,19441,100802]
[20190122,19750,19531,19865,19422,285726]
[20190121,19647,19795,19904,19602,328254]
[20190118,19647,19717,19705,19589,155924]
[20190117,19370,19653,19685,19325,279622]
[20190116,19454,19383,19460,19261,152854]
[20190115,19492,19428,19563,19396,119176]
[20190114,19499,19486,19525,19422,82708]
[20190111,19460,19480,19563,19422,100870]
[20190110,19454,19473,19544,19422,110288]
[20190109,19390,19505,19480,19280,153430]
[20190108,19402,19357,19402,19235,118216]
[20190107,19280,19345,19402,19210,127678]
[20190104,19126,19235,19280,19100,158460]
[20190103,19107,19171,19145,18965,105014]
[20190102,19113,19049,19235,19094,56448]
[20181228,19075,19165,19139,18997,101760]
[20181227,19017,19036,19210,18965,130716]
[20181226,18862,18985,19062,18862,90358]
[20181225,19338,18972,19390,18837,255598]
[20181224,19460,19338,19518,19229,170706]
[20181221,19602,19505,19692,19492,113312]
[20181220,19505,19653,19775,19492,161010]
[20181219,19550,19537,19627,19467,108690]
[20181218,19756,19595,19801,19557,135736]
[20181217,19743,19788,19820,19672,89324]
[20181214,19679,19685,19775,19582,119378]
[20181213,19769,19666,19795,19621,99880]
[20181212,19788,19750,19852,19743,85196]
[20181211,19737,19827,19833,19621,133038]
[20181210,19505,19743,19807,19505,166644]
[20181207,19499,19557,19544,19441,71086]
[20181206,19589,19486,19647,19505,101382]
[20181205,19595,19576,19621,19441,95872]
[20181204,19666,19595,19711,19390,149364]
[20181203,19370,19672,19962,19351,219794]
[20181130,19383,19409,19499,19267,100302]
[20181129,19364,19415,19570,19312,106954]
[20181128,19261,19319,19383,19197,85476]
[20181127,19280,19261,19447,19190,85222]
[20181126,19518,19300,19576,19126,127106]
[20181123,19589,19550,19679,19460,78686]
[20181122,19801,19672,19807,19570,63192]
[20181121,19822,19666,19922,19218,177138]
[20181120,19936,19849,19962,19802,65088]
[20181119,20076,19909,20143,19862,90632]
[20181116,20036,20103,20217,19989,103594]
[20181115,19922,20184,20090,19922,93280]
[20181114,19842,19969,19989,19755,111998]
[20181113,19909,19862,19942,19728,82318]
[20181112,20177,19855,20177,19668,178092]
[20181109,20083,20137,20217,19996,110700]
[20181108,20003,20097,20170,19956,128376]
[20181107,20070,20050,20090,19869,119018]
[20181106,20197,20076,20338,19949,185466]
[20181105,20264,20197,20318,20143,92840]
[20181102,19895,20170,20398,19889,273826]
[20181101,19976,19956,20003,19822,123234]
[20181031,19989,19989,20016,19869,99120]
[20181030,19835,19922,20030,19828,108756]
[20181029,20190,19889,20251,19755,204024]
[20181026,20284,20150,20331,20130,96636]
[20181025,20633,20318,20646,20143,183396]
[20181024,20526,20579,20619,20459,96946]
[20181023,20606,20492,20680,20532,122944]
[20181022,20412,20613,20593,20385,111118]
[20181019,20572,20452,20640,20345,198824]
[20181018,20787,20599,20874,20492,177752]
[20181017,20713,20814,20861,20686,133402]
[20181016,20914,20713,20914,20633,136068]
[20181015,20934,20807,21048,20841,164830]
[20181012,20539,20948,20941,20519,181072]
[20181011,20780,20566,20908,20459,248122]
[20181010,20901,20834,21035,20720,174814]
[20181009,20914,21002,21089,20841,207930]
[20181008,20767,21035,20948,20733,102236]
[20180928,21008,20794,21095,20593,209248]
[20180927,21477,21015,21477,20975,313292]
[20180926,21471,21437,21545,21364,102818]
[20180925,21545,21504,21598,21404,82394]
[20180921,21679,21511,21685,21464,141990]
[20180920,21404,21591,21692,21377,188686]
[20180919,21927,21477,21927,21223,489546]
[20180918,22134,21906,22228,21900,195224]
[20180917,22121,22175,22268,22054,139902]
[20180914,22248,22155,22336,22094,202472]
[20180913,22322,22222,22349,22188,99960]
[20180912,22228,22315,22322,22128,129840]
[20180911,22336,22195,22396,22188,132490]
[20180910,22121,22329,22349,22101,193280]
[20180907,22275,22141,22376,22094,249864]
[20180906,22356,22336,22476,22201,256178]
[20180905,22222,22302,22490,22222,177280]
[20180904,22563,22275,22617,22235,211016]
[20180903,22416,22537,22698,22181,278790]
[20180831,22543,22382,22557,22215,262160]
[20180830,22436,22510,22550,22376,223434]
[20180829,22785,22490,22939,22456,348756]
[20180828,22925,22832,23019,22677,297804]
[20180827,22664,22905,23046,22550,522842]
[20180824,22416,22872,22698,22369,217386]
[20180823,22677,22476,22758,22403,285792]
[20180822,22791,22744,22986,22637,343254]
[20180821,22543,22744,22751,22423,322270]
[20180820,22134,22731,22610,22121,289468]
[20180817,22336,22195,22449,22067,260252]
[20180816,22389,22302,22456,21746,520788]
[20180815,22671,22382,22852,22336,389674]
[20180814,22785,22751,22858,22590,325814]
[20180813,23220,22765,23368,22677,415032]
[20180810,23207,23308,23294,23086,346642]
[20180809,23086,23247,23529,23059,559420]
[20180808,23127,23261,23281,23006,387478]
[20180807,22952,23240,23442,22912,636642]
[20180806,22664,22925,23026,22496,438300]
[20180803,22584,22758,22919,22563,392206]
[20180802,22818,22617,23019,22456,531550]
[20180801,22986,22825,23066,22704,436072]
[20180731,22543,22939,23220,22530,814842]
[20180730,22416,22778,22530,22336,226932]
[20180727,22496,22409,22677,22409,250624]
[20180726,22604,22523,22738,22490,260490]
[20180725,22376,22651,22751,22342,401676]
[20180724,22242,22483,22396,22175,219954]
[20180723,22349,22222,22423,22101,298078]
[20180720,22403,22356,22550,22329,239024]
[20180719,22382,22470,22570,22309,329998]
[20180718,22396,22382,22456,22302,199964]
[20180717,22610,22389,22610,22161,373766]
[20180716,22523,22570,22677,22429,299842]
[20180713,22443,22570,22838,22295,514662]
[20180712,22094,22449,22523,22074,432504]
[20180711,22155,22195,22336,21900,434692]
[20180710,22222,22195,22416,22094,411720]
[20180709,21853,22168,22215,21786,457640]
[20180706,21779,21813,21947,21545,455402]
[20180705,22074,21880,22108,21518,532722]
[20180704,22429,22020,22429,22041,323116]
[20180703,22382,22362,22443,22108,496210]
[20180702,22490,22423,22671,22396,401578]
[20180629,22349,22577,22570,22282,368836]
[20180628,22590,22403,22698,22282,517206]
[20180627,22590,22644,22698,22476,365266]
[20180626,22731,22671,22778,22362,443788]
[20180625,22731,22684,23106,22651,772128]
[20180622,22684,22825,22832,22590,513292]
[20180621,22671,22691,22925,22476,768424]
[20180620,22322,22637,22791,22289,717730]
[20180619,23421,22490,23851,22449,1015118]
[20180615,23589,23757,23851,22966,987170]
[20180614,24186,23542,24347,23522,1057758]
[20180613,23783,24326,24608,23670,1378864]
[20180612,23864,23770,23971,23549,791398]
[20180611,23629,23837,24045,23354,1438976]
[20180608,23723,23676,23918,23509,1139390]
[20180607,23737,23871,23964,23535,1252886]
[20180606,23703,23763,23964,23328,1532218]
[20180605,24628,23871,24709,24105,1405932]
[20180604,25278,24648,25748,24534,2537700]
[20180601,25117,25225,25245,24809,1253212]
[20180531,24923,25084,25459,24869,1670352]
[20180530,25272,25184,25808,24923,1921628]
[20180529,23985,25198,24876,23857,1085104]
[20180528,24025,23951,24085,23696,964174]
[20180525,24005,23904,24179,23810,1530924]
[20180524,23663,23971,23944,23381,1563290]
[20180523,24005,23904,24159,23207,1468684]
[20180522,24226,24145,24373,23851,1048718]
[20180521,23596,24280,24273,23321,1286780]
[20180518,22811,23716,23684,22762,1227844]
[20180517,22952,23149,23142,22417,709980]
[20180516,22051,22861,22938,21995,701540]
[20180515,22093,22023,22156,21938,148340]
[20180514,22051,22093,22185,22044,107908]
[20180511,22093,22079,22192,22030,160102]
[20180510,22051,22100,22149,22009,98192]
[20180509,22114,22093,22192,21980,131136]
[20180508,22178,22178,22234,22079,131288]
[20180507,21889,22199,22213,21868,212968]
[20180504,21903,21889,22002,21861,123842]
[20180503,21755,22002,21959,21734,211120]
[20180502,21692,21790,21854,21678,110214]
[20180427,21706,21685,21741,21600,75360]
[20180426,21586,21706,21685,21586,84868]
[20180425,21706,21607,21706,21586,105502]
[20180424,21762,21678,21811,21692,94738]
[20180423,21685,21769,21804,21685,165368]
[20180420,21643,21727,21790,21614,200258]
[20180419,21607,21671,21685,21586,136214]
[20180418,21643,21628,21643,21509,109830]
[20180417,21664,21607,21741,21551,152564]
[20180416,21664,21678,21727,21600,109990]
[20180413,21537,21657,21706,21452,150026]
[20180412,21579,21495,21657,21516,85364]
[20180411,21509,21635,21664,21502,125828]
[20180410,21544,21516,21565,21481,79022]
[20180409,21502,21523,21544,21438,45694]
[20180404,21488,21516,21614,21312,207466]
[20180403,21509,21466,21565,21403,137684]
[20180402,21523,21516,21671,21481,128056]
[20180330,21523,21495,21628,21431,119054]
[20180329,21523,21495,21593,21431,103106]
[20180328,21790,21537,21854,21424,266842]
[20180327,21804,21776,21896,21734,94562]
[20180326,21782,21790,21840,21593,127822]
[20180323,21877,21702,21906,21608,184216]
[20180322,21848,21862,21935,21789,93556]
[20180321,21695,21826,21891,21688,95574]
[20180320,21717,21760,21789,21688,85662]
[20180319,21789,21775,21811,21695,89978]
[20180316,21797,21738,21855,21724,67666]
[20180315,21826,21782,21920,21724,123424]
[20180314,21942,21862,22000,21811,85654]
[20180313,21928,21964,21964,21797,123124]
[20180312,22146,21935,22168,21949,130672]
[20180309,22066,22102,22197,22044,107528]
[20180308,22131,22160,22204,21899,132350]
[20180307,22524,22102,22532,21971,145750]
[20180306,22328,22466,22495,22270,175080]
[20180305,22088,22277,22393,22080,191772]
[20180302,22146,22102,22211,21957,119930]
[20180301,22182,22182,22219,22110,86580]
[20180228,22110,22204,22197,22037,82480]
[20180227,22182,22080,22190,22059,75150]
[20180226,21957,22110,22204,21920,126384]
[20180223,21826,21957,21957,21804,78698]
[20180222,21826,21855,21877,21782,32200]
[20180214,21651,21833,21920,21600,94996]
[20180213,21709,21615,21731,21622,51720]
[20180212,21680,21717,21738,21593,75162]
[20180209,21775,21673,21848,21651,100326]
[20180208,21928,21797,21942,21724,116088]
[20180207,21899,21920,22008,21862,80008]
[20180206,21935,21884,21993,21877,79132]
[20180205,22139,21957,22139,21913,141008]
[20180202,22110,22088,22182,22088,92532]
[20180201,22153,22131,22160,22044,88302]
[20180131,22204,22139,22262,22044,216750]
[20180130,22379,22219,22415,22168,203788]
[20180129,22582,22386,22648,22379,141260]
[20180126,22561,22597,22750,22444,216484]
[20180125,22510,22619,22677,22488,136068]
[20180124,22619,22568,22713,22532,167852]
[20180123,22561,22692,22743,22466,420020]
[20180122,22284,22604,22619,22262,246916]
[20180119,22553,22291,22582,22204,256530]
[20180118,22095,22539,22641,22073,431314]
[20180117,22146,22080,22255,22022,92560]
[20180116,22211,22233,22262,22117,96246]
[20180115,22422,22219,22488,22139,205518]
[20180112,22255,22444,22568,22219,308680]
[20180111,22182,22277,22241,22117,82936]
[20180110,22197,22160,22233,22095,77002]
[20180109,22088,22226,22190,22051,110294]
[20180108,22073,22139,22102,21957,126036]
[20180105,21840,22044,22088,21840,170468]
[20180104,21782,21855,21877,21731,80646]
[20180103,21913,21782,21928,21724,83518]
[20180102,21789,21884,21891,21782,48166]
[20171229,21899,21833,21979,21680,157862]
[20171228,21775,21884,21928,21768,101588]
[20171227,21804,21804,21935,21724,66880]
[20171226,21768,21826,21797,21608,122270]
[20171225,21760,21753,21811,21688,95218]
[20171222,21702,21738,21804,21651,107632]
[20171221,21600,21673,21709,21571,97710]
[20171220,21695,21615,21746,21535,171090]
[20171219,21979,21695,22000,21644,204784]
[20171218,21979,21957,22117,21949,153914]
[20171215,21899,21971,22037,21884,103734]
[20171214,21964,21906,22066,21826,129242]
[20171213,21971,21949,22066,21877,89218]
[20171212,22051,21964,22095,21942,103686]
[20171211,22510,22051,22524,21993,266708]
[20171208,22248,22473,22546,22204,221558]
[20171207,22430,22226,22510,22182,181840]
[20171206,22422,22495,22524,22284,154314]
[20171205,22451,22422,22495,22335,106218]
[20171204,22459,22481,22553,22408,133026]
[20171201,22328,22502,22532,22226,203912]
[20171130,22022,22335,22357,22022,202246]
[20171129,22117,22080,22233,22030,109768]
[20171128,22066,22131,22139,22008,106978]
[20171127,21819,22080,22095,21811,95876]
[20171124,21797,21891,21877,21797,39882]
[20171123,21899,21833,22000,21826,69238]
[20171122,21987,21957,22075,21840,113908]
[20171121,21965,21987,22097,21855,93674]
[20171120,22141,21994,22141,21943,84086]
[20171117,22149,22053,22171,22068,53980]
[20171116,22127,22141,22185,22105,41974]
[20171115,22281,22156,22340,22068,100432]
[20171114,22347,22318,22443,22266,74818]
[20171113,22303,22377,22516,22215,136292]
[20171110,22318,22472,22384,22259,73004]
[20171109,22347,22340,22391,22193,94376]
[20171108,22391,22310,22443,22288,71264]
[20171107,22325,22384,22443,22288,107568]
[20171106,22318,22318,22347,22244,85618]
[20171103,22105,22296,22325,22097,118464]
[20171102,22009,22149,22171,22009,79020]
[20171101,22060,22053,22149,21987,65690]
[20171031,22038,22046,22068,21928,62054]
[20171030,22009,21957,22178,21913,89928]
[20171027,22060,21957,22060,21943,65458]
[20171026,22149,22016,22237,22082,78532]
[20171025,22134,22149,22163,22097,56718]
[20171024,22060,22112,22200,22060,98442]
[20171023,22024,22149,22090,21840,102774]
[20171020,22075,22024,22097,21899,123772]
[20171019,22303,21987,22310,22090,85100]
[20171018,22310,22244,22428,22252,73854]
[20171017,22318,22274,22377,22252,54498]
[20171016,22178,22303,22450,22149,116950]
[20171013,22119,22237,22244,22082,93700]
[20171012,22252,22149,22259,22060,92166]
[20171011,22296,22215,22325,22163,65252]
[20171010,22193,22252,22340,22156,68480]
[20171009,22134,22193,22207,21994,54452]
[20170929,22237,22141,22399,22075,113014]
[20170928,22560,22266,22612,22149,191406]
[20170927,22899,22590,22936,22546,159140]
[20170926,22766,22899,23016,22722,141518]
[20170925,22693,22774,22825,22627,105512]
[20170922,22700,22685,22869,22583,161916]
[20170921,22943,22685,22965,22671,114366]
[20170920,22612,22891,23002,22605,158096]
[20170919,22715,22685,22715,22575,66064]
[20170918,22553,22634,22627,22362,105870]
[20170915,22605,22546,22700,22502,110892]
[20170914,22796,22656,22869,22590,138514]
[20170913,22965,22855,23127,22656,204700]
[20170912,22847,23009,23053,22796,96236]
[20170911,22928,22987,23266,22884,282508]
[20170908,23311,23031,23347,22869,252402]
[20170907,23281,23259,23450,23163,164860]
[20170906,23524,23303,23553,23237,267370]
[20170905,23252,23436,23399,23061,257884]
[20170904,22568,23311,23494,22538,474860]
[20170901,22458,22553,22634,22428,158746]
[20170831,22443,22465,22546,22377,136564]
[20170830,22472,22421,22546,22340,125366]
[20170829,22597,22458,22671,22443,142360]
[20170828,22413,22641,22605,22318,198704]
[20170825,22355,22450,22568,22355,114812]
[20170824,22575,22435,22685,22310,179540]
[20170823,22649,22509,22715,22472,173328]
[20170822,22421,22568,22671,22406,168920]
[20170821,22340,22553,22583,22296,185776]
[20170818,22421,22428,22538,22296,126860]
[20170817,22318,22487,22516,22222,180432]
[20170816,22406,22252,22428,22252,102674]
[20170815,22612,22413,22612,22369,144768]
[20170814,22494,22597,22847,22384,276138]
[20170811,22627,22421,22700,22105,281138]
[20170810,22531,22663,22781,22458,238920]
[20170809,22546,22516,22663,22237,277004]
[20170808,22185,22516,22619,22156,292796]
[20170807,22259,22288,22355,21862,187062]
[20170804,22075,22281,22266,22009,118384]
[20170803,22222,22141,22303,22075,125338]
[20170802,22038,22193,22244,21921,123720]
[20170801,21825,22024,22119,21752,109284]
[20170731,21744,21803,21856,21633,100196]
[20170728,22242,21796,22257,21626,179724]
[20170727,22049,22190,22168,22019,62052]
[20170726,22338,22071,22361,22056,126812]
[20170725,22257,22346,22442,22219,101746]
[20170724,22427,22338,22487,22264,133476]
[20170721,23192,22413,23214,22442,255154]
[20170720,23162,23133,23177,22992,83418]
[20170719,23081,23081,23296,22917,120372]
[20170718,22851,23051,23162,22843,139346]
[20170717,22643,22932,22910,22606,112810]
[20170714,22539,22628,22717,22316,173776]
[20170713,22494,22598,22635,22427,144102]
[20170712,22242,22546,22606,22205,159572]
[20170711,22502,22286,22561,22130,159178]
[20170710,22346,22502,22687,22242,183082]
[20170707,22242,22353,22405,22145,126358]
[20170706,22123,22212,22197,22041,102190]
[20170705,22294,22160,22353,21885,245252]
[20170704,22286,22323,22353,22123,109658]
[20170703,22116,22219,22531,21982,180994]
[20170630,22078,22041,22271,22041,127798]
[20170629,22064,22086,22212,21974,199296]
[20170628,22554,22049,22643,22041,262250]
[20170627,22739,22591,22799,22442,161134]
[20170626,22628,22761,22865,22606,117148]
[20170623,22435,22739,22695,22427,114836]
[20170622,22635,22479,22724,22435,110628]
[20170621,22487,22643,22695,22420,131116]
[20170620,22568,22472,22613,22249,211448]
[20170619,22420,22591,22658,22353,98360]
[20170616,22383,22464,22680,22368,132854]
[20170615,22672,22450,22739,22405,121868]
[20170614,22524,22687,22754,22368,162548]
[20170613,22732,22398,22813,22539,176668]
[20170612,23199,22799,23251,22695,197094]
[20170609,23237,23177,23296,23096,114274]
[20170608,22851,23199,23303,22769,192438]
[20170607,22739,22806,22984,22695,122040]
[20170606,22806,22717,22836,22620,112040]
[20170605,22828,22784,22962,22561,197996]
[20170602,22761,22895,23073,22761,126220]
[20170601,22910,22843,23125,22650,202824]
[20170531,23303,23029,23363,22902,139618]
[20170526,23504,23341,23593,23229,170546]
[20170525,23608,23467,23675,23318,149722]
[20170524,23244,23600,23615,23192,191658]
[20170523,23311,23251,23430,23222,138910]
[20170522,23430,23378,23749,23274,216132]
[20170519,23311,23511,23682,23311,160660]
[20170518,23949,23430,24127,23363,309344]
[20170517,23964,24075,24053,23689,226794]
[20170516,24476,23875,24558,23838,416994]
[20170515,23697,24335,24187,23645,455124]
[20170512,23029,23771,23430,22940,194886]
[20170511,23066,23036,23118,22836,152294]
[20170510,23058,23021,23259,22851,183014]
[20170509,22969,23081,23155,22947,100590]
[20170508,23504,22984,23571,22940,368354]
[20170505,24053,23541,24053,23482,252658]
[20170504,23890,23860,24090,23764,239840]
[20170503,23682,23897,24031,23571,215140]
[20170502,23741,23615,23779,23630,58270]
[20170428,23845,23697,23860,23489,211940]
[20170427,23845,23764,24098,23779,168708]
[20170426,23430,23823,23942,23363,228980]
[20170425,23756,23422,23779,23452,169654]
[20170424,23897,23741,23897,23630,184416]
[20170421,23756,23845,23964,23682,190620]
[20170420,23727,23734,23882,23534,273578]
[20170419,23400,23741,23697,23341,124334]
[20170418,23296,23430,23697,23229,260578]
[20170417,23333,23259,23459,23207,113504]
[20170414,23474,23415,23526,23162,149438]
[20170413,23341,23444,23541,23177,171220]
[20170412,23170,23407,23326,22888,214066]
[20170411,23318,23133,23370,23140,131768]
[20170410,22962,23274,23326,22895,218470]
[20170407,22806,23036,23066,22687,166902]
[20170406,22902,22806,23229,22717,126088]
[20170405,22747,23081,23006,22717,79720]
[20170331,22680,22784,23081,22494,170142]
[20170330,22981,22732,23073,22612,141880]
[20170329,23119,23042,23211,22912,114552]
[20170328,23034,23103,23280,22965,84658]
[20170327,23480,23119,23587,22958,136218]
[20170324,23533,23510,23533,23288,92840]
[20170323,23027,23441,23625,23027,267928]
[20170322,23126,23088,23180,22812,122180]
[20170321,23349,23057,23410,23011,173490]
[20170320,23410,23326,23487,23242,117306]
[20170317,23572,23372,23671,23203,179630]
[20170316,23403,23633,23656,23357,133486]
[20170315,23449,23457,23618,23295,167106]
[20170314,23779,23334,23879,23387,231530]
[20170313,23741,23748,23971,23679,175292]
[20170310,23894,23833,24048,23472,281824]
[20170309,24178,23948,24239,23879,238802]
[20170308,25022,24002,25091,24071,416154]
[20170307,25184,25038,25322,24930,214172]
[20170306,24516,25199,25276,24408,431814]
[20170303,24477,24500,24623,24040,226880]
[20170302,24577,24378,24708,24385,157904]
[20170301,24470,24546,24608,24332,151092]
[20170228,24362,24570,24700,24255,280094]
[20170227,24416,24370,24523,24224,217764]
[20170224,23894,24301,24408,23764,286634]
[20170223,23725,24009,23948,23718,120086]
[20170222,24048,23886,24078,23733,122182]
[20170221,23902,24071,24278,23902,143410]
[20170220,23794,24048,23948,23687,107078]
[20170217,24040,23840,24216,23787,176854]
[20170216,24247,24124,24278,23994,138888]
[20170215,24523,24170,24554,24232,180834]
[20170214,24585,24477,24884,24316,312920]
[20170213,24378,24677,24761,24339,258526]
[20170210,24401,24378,24554,24209,207402]
[20170209,24339,24362,24516,24278,121116]
[20170208,24408,24454,24585,24255,172096]
[20170207,24677,24516,24677,24355,164574]
[20170206,24339,24608,24854,24339,249958]
[20170203,24332,24539,24577,24224,138376]
[20170126,23978,24516,24485,23894,116366]
[20170125,23986,24025,24178,23879,151920]
[20170124,23863,24032,24216,23817,263560]
[20170123,23364,23871,23863,23288,238760]
[20170120,23526,23395,23595,23288,146996]
[20170119,23249,23556,23510,23119,176362]
[20170118,23311,23234,23457,22912,241160]
[20170117,23188,23457,23403,23073,203468]
[20170116,23111,23318,23372,23073,175974]
[20170113,23579,23173,23633,23042,271818]
[20170112,23587,23587,23725,23464,181056]
[20170111,23741,23694,23794,23457,177996]
[20170110,23587,23748,23718,23357,198190]
[20170109,23311,23533,23610,23211,168270]
[20170106,23549,23265,23664,23242,211464]
[20170105,23173,23625,23648,23142,275752]
[20170104,23211,23242,23341,22850,215650]
[20170103,23165,23265,23487,23103,144108]
[20161230,23011,23180,23249,22766,209698]
[20161229,22773,22981,22973,22674,164502]
[20161228,22965,22727,23165,22605,220968]
[20161227,22720,22896,22935,22597,131918]
[20161226,23257,22766,23295,22420,277128]
[20161223,23303,23265,23533,23065,276912]
[20161222,23257,23150,23564,23165,321574]
[20161221,22996,23226,23234,22873,176114]
[20161220,23656,22912,23725,22750,415660]
[20161219,24124,23687,24201,23679,287290]
[20161216,24239,24178,24424,24124,239444]
[20161215,24224,24355,24385,24132,210266]
[20161214,24907,24186,24915,24170,397076]
[20161213,24332,24792,24807,24293,450602]
[20161212,24086,24385,24731,24055,557968]
[20161209,24109,24124,24255,24002,233920]
[20161208,24485,24124,24485,24086,207922]
[20161207,24347,24401,24546,24178,287496]
[20161206,24163,24355,24500,24055,268768]
[20161205,24094,24286,24393,23994,226084]
[20161202,24431,24109,24623,23925,394600]
[20161201,24623,24470,24892,24378,378186]
[20161130,24477,24593,24930,24147,461542]
[20161129,25022,24362,25299,24485,477964]
[20161128,24301,25230,24969,24224,356212]
[20161125,24715,24262,24807,24025,257962]
[20161124,24885,24654,25287,24722,316484]
[20161123,25117,25194,25186,24714,229018]
[20161122,25294,25163,25519,24900,313204]
[20161121,24784,25287,25573,24575,396756]
[20161118,24993,24730,25078,24397,280044]
[20161117,24529,24668,25124,24475,446922]
[20161116,23709,24583,24707,23701,465676]
[20161115,23539,24011,24173,23524,276738]
[20161114,25627,23802,26300,22951,957460]
[20161111,24158,26253,25163,24088,398250]
[20161110,23701,24104,24281,23632,643432]
[20161109,23593,23771,23926,23554,431312]
[20161108,23717,23663,24119,23353,529784]
[20161107,23554,23771,23910,23485,389836]
[20161104,23585,23570,23864,23384,386284]
[20161103,23121,23655,23585,23090,246338]
[20161102,23408,23191,23508,23067,302868]
[20161101,23701,23469,23802,23384,305974]
[20161031,23454,23678,23895,23408,456626]
[20161028,23593,23446,23670,23330,319314]
[20161027,23075,23516,23740,23021,640076]
[20161026,23353,23214,23438,22967,340560]
[20161025,22828,23276,23408,22812,456566]
[20161024,22967,22974,23060,22797,310204]
[20161021,23261,22936,23469,22882,314364]
[20161020,22936,23392,23369,22812,399484]
[20161019,23315,23036,23601,22897,559666]
[20161018,23477,23585,23562,23176,411490]
[20161017,23230,23377,23864,23230,467892]
[20161014,23106,23469,23477,23029,281348]
[20161013,23516,23183,23609,23075,538860]
[20161012,23771,23562,23933,23493,357110]
[20161011,24096,23748,24312,23709,437238]
[20161010,24034,24134,24250,23957,186638]
[20160930,23322,23988,24359,23152,437232]
[20160929,23524,23384,23825,23214,615060]
[20160928,23902,23531,23926,23500,370544]
[20160927,23949,23763,24049,23748,418094]
[20160926,23137,23980,24026,23021,706840]
[20160923,23083,23090,23152,22820,357538]
[20160922,23176,23114,23222,22920,475760]
[20160921,23106,23121,23168,22882,354466]
[20160920,22835,22944,23090,22673,415042]
[20160919,22255,22789,22804,22248,308116]
[20160914,21722,22449,22611,21583,484878]
[20160913,21467,21745,21876,21366,424182]
[20160912,21815,21420,21969,21436,357194]
[20160909,21900,21915,21923,21691,218940]
[20160908,21799,21869,21931,21621,337372]
[20160907,21807,21760,22054,21699,365354]
[20160906,21513,21784,21900,21312,471108]
[20160905,21381,21505,21559,21327,216312]
[20160902,21196,21412,21637,21111,503912]
[20160901,21057,21235,21204,20817,269910]
[20160831,21389,21064,21544,20948,427696]
[20160830,21343,21505,21567,21327,247260]
[20160829,21598,21405,21722,21320,404232]
[20160826,21683,21590,21853,21474,466036]
[20160825,22511,21691,22557,21513,953320]
[20160824,22534,22526,22688,22480,240524]
[20160823,22472,22596,22766,22441,291112]
[20160822,22572,22480,22673,22224,618358]
[20160819,23005,22603,23075,22642,410194]
[20160818,22820,23005,23106,22634,534618]
[20160817,22557,22858,22990,22472,683386]
[20160816,22712,22611,22797,22387,699020]
[20160815,22665,22766,22812,22464,496120]
[20160812,22742,22681,23067,22580,661022]
[20160811,22828,22719,22974,22673,512068]
[20160810,22557,22781,22851,22356,803006]
[20160809,22835,22650,22990,22464,848492]
[20160808,23508,22696,23609,22812,834146]
[20160805,22704,23438,23469,22619,1010198]
[20160804,22456,22704,22820,22201,810672]
[20160803,22750,22255,22804,22155,936682]
[20160802,22750,22681,23005,22364,894166]
[20160801,22425,22828,23075,22395,724642]
[20160729,23044,22696,23160,22371,1034998]
[20160728,24328,23052,24428,22936,1506422]
[20160727,23864,24351,24397,23779,900600]
[20160726,23779,23810,23941,23462,773472]
[20160725,23585,23686,23887,23377,731720]
[20160722,24026,23547,24428,23477,1136142]
[20160721,23632,24150,24127,23500,763614]
[20160720,24235,23562,24343,23237,1256742]
[20160719,24583,24127,24629,23964,1082186]
[20160718,24900,24366,25001,23910,1220736]
[20160715,24521,24815,24838,24359,931566]
[20160714,24328,24591,24684,23988,960954]
[20160713,23732,24537,24792,23384,1331900]
[20160712,23353,23454,23902,23160,1018064]
[20160711,22333,23462,23292,22170,859940]
[20160708,23106,22224,23384,21985,1089874]
[20160707,22665,23261,23423,22665,1030214]
[20160706,23176,22951,23709,22356,1084820]
[20160705,24026,23632,24421,22441,1062646]
[20160704,22828,24088,23856,22781,808640]
[20160701,22781,23044,23013,22371,629186]
[20160630,22735,22951,23114,22572,805972]
[20160629,22016,22650,22688,21977,919178]
[20160628,21150,22039,22063,21150,539936]
[20160627,20830,21291,21283,20721,350100]
[20160624,21135,20955,21392,20713,623170]
[20160623,20651,21064,21119,20580,551520]
[20160622,20229,20752,20643,20214,304910]
[20160621,20947,20370,21072,20292,560852]
[20160620,21119,20978,21197,20760,623272]
[20160617,20292,21002,21174,20042,1142592]
[20160616,19995,20323,20424,19855,438120]
[20160615,20026,19933,20175,19870,309230]
[20160614,20346,19940,20557,19995,340876]
[20160613,20354,20510,20690,20221,327414]
[20160608,20292,20323,20370,19823,459044]
[20160607,19925,20167,20471,19886,676418]
[20160606,19652,20120,19878,19457,396558]
[20160603,19730,19535,19886,19347,516364]
[20160602,19699,19628,19979,19558,417608]
[20160601,20120,19745,20182,19457,712004]
[20160531,20760,20136,20877,19987,658756]
[20160530,20378,20776,20900,20237,708816]
[20160527,20378,20409,20698,20065,916620]
[20160526,19511,20659,20346,19441,653120]
[20160525,19441,19574,19745,19121,432442]
[20160524,19332,19433,19464,19137,362992]
[20160523,19847,19300,20003,19277,499584]
[20160520,19886,19933,20112,19738,359562]
[20160519,19636,20104,19901,19550,555104]
[20160518,19472,19620,20034,19433,775508]
[20160517,19277,19605,19472,19215,304338]
[20160516,19207,19293,19535,19059,344282]
[20160513,19464,19137,19730,19012,601250]
[20160512,19168,19660,19816,18934,676530]
[20160511,19168,18973,19379,19004,374140]
[20160510,18910,19059,19152,18754,505058]
[20160509,19308,18902,19480,18528,680180]
[20160506,19699,19441,19886,19090,589832]
[20160505,19620,19691,19667,19449,353094]
[20160504,19761,19519,19769,19418,514634]
[20160503,20011,19691,20143,19581,381714]
[20160429,19269,20026,20003,19183,908684]
[20160428,20089,19410,20112,19059,1070274]
[20160427,20284,19901,20502,19620,1151176]
[20160426,20065,20253,20869,19745,2397176]
[20160425,20104,20081,20682,19777,1454842]
[20160422,20705,20097,20994,19691,2640248]
[20160421,19355,20791,20955,19074,2053956]
[20160420,19113,19340,19745,19082,1306776]
[20160419,19137,19402,19144,18762,973362]
[20160418,17466,19020,18380,17412,780578]
[20160415,17903,17669,17989,17466,884996]
[20160414,18052,17911,18372,17716,1117968]
[20160413,17139,18013,17677,17100,297744]
[20160412,17170,17451,17170,16873,443676]
[20160411,16303,16982,16842,16296,416886]
[20160408,16202,16303,16272,16124,163164]
[20160407,16280,16257,16311,16101,201226]
[20160406,16132,16288,16343,16108,242588]
[20160405,16007,16163,16163,15999,130218]
[20160401,15944,16116,16030,15913,146792]
[20160331,16108,15960,16155,15796,254334]
[20160330,15999,16108,16116,15937,128872]
[20160329,16171,15999,16280,15952,277352]
[20160328,16296,16194,16382,16155,193542]
[20160325,16171,16343,16280,16140,180068]
[20160324,16389,16241,16483,16155,270050]
[20160323,16288,16444,16561,16249,286664]
[20160322,16421,16303,16553,16296,332134]
[20160321,16202,16483,16405,16030,460696]
[20160318,15898,16186,16327,15898,454734]
[20160317,15765,16007,15991,15757,225160]
[20160316,15765,15804,15851,15703,209532]
[20160315,15757,15827,15944,15742,256582]
[20160314,15827,15812,15991,15765,274720]
[20160311,15890,15905,15890,15679,265080]
[20160310,16077,15726,16218,15866,264810]
[20160309,16233,16179,16319,15983,307102]
[20160308,16467,16264,16608,16038,459740]
[20160307,15983,16584,16561,15952,664622]
[20160304,15866,16007,16007,15788,245884]
[20160303,15695,15866,15944,15609,330782]
[20160302,15703,15703,15781,15609,205516]
[20160301,15640,15671,15773,15437,339148]
[20160229,15726,15554,15827,15570,256200]
[20160226,15851,15765,15929,15710,181538]
[20160225,16124,15866,16124,15671,390238]
[20160224,16358,16093,16389,16062,223908]
[20160223,16405,16389,16467,16319,134052]
[20160222,16296,16405,16491,16296,129330]
[20160219,16483,16366,16499,16296,139538]
[20160218,16436,16452,16538,16397,72762]
[20160217,16382,16421,16499,16350,96286]
[20160216,16218,16397,16389,16218,106304]
[20160215,16280,16249,16343,16186,61428]
[20160205,16444,16319,16670,16264,107226]
[20160204,16717,16506,16787,16499,86180]
[20160203,16982,16748,16982,16670,108358]
[20160202,16904,16943,17014,16889,36208]
[20160201,17068,16904,17084,16912,45166]
[20160129,17106,17068,17158,17038,62304]
[20160128,17188,17151,17218,17098,38994]
[20160127,17143,17188,17211,17106,52620]
[20160126,17098,17151,17173,17098,53868]
[20160125,17143,17106,17226,17076,42604]
[20160122,17076,17158,17173,17001,97480]
[20160121,17038,17076,17098,17023,68728]
[20160120,16926,17061,17128,16911,226314]
[20160119,16813,16956,16933,16806,91626]
[20160118,16813,16836,16873,16753,101830]
[20160115,16948,16791,16963,16791,136388]
[20160114,16963,16933,17016,16941,59340]
[20160113,16926,16963,17031,16918,92086]
[20160112,16948,16956,16978,16851,69806]
[20160111,16978,16941,17023,16888,88716]
[20160108,16971,16956,17083,16926,109880]
[20160107,16963,17001,17046,16911,132630]
[20160106,16806,16948,17031,16783,202284]
[20160105,16918,16851,16948,16776,133310]
[20160104,17121,16911,17173,16716,130218]
[20151231,17083,17061,17151,17068,95006]
[20151230,17211,17106,17256,17053,182782]
[20151229,17173,17241,17286,17128,182284]
[20151228,17211,17158,17271,17151,99584]
[20151225,17136,17203,17248,17083,134054]
[20151224,17083,17091,17136,17031,110336]
[20151223,17241,17083,17286,17068,145098]
[20151222,17248,17211,17301,17203,82348]
[20151221,17091,17286,17316,17038,188046]
[20151218,17023,17091,17151,17023,83742]
[20151217,17173,17046,17181,17031,117698]
[20151216,17091,17128,17218,17076,81164]
[20151215,17128,17128,17173,17053,72030]
[20151214,17121,17136,17203,16993,115682]
[20151211,17001,17136,17151,16933,107224]
[20151210,17233,16963,17233,16933,211648]
[20151209,17136,17203,17248,17106,67864]
[20151208,17451,17173,17451,17136,146168]
[20151207,17376,17383,17458,17331,76366]
[20151204,17308,17383,17413,17286,85050]
[20151203,17534,17398,17549,17331,120442]
[20151202,17564,17466,17616,17541,74644]
[20151201,17376,17586,17751,17158,444186]
[20151130,17473,17256,17571,17338,169764]
[20151127,17676,17526,17691,17481,241340]
[20151126,17721,17646,17856,17654,218080]
[20151125,17804,17699,17886,17639,220030]
[20151124,17736,17826,17841,17624,174252]
[20151123,17849,17766,17924,17729,135348]
[20151120,17766,17879,17939,17706,214124]
[20151119,17976,17774,17999,17766,208948]
[20151118,17999,17916,18021,17894,141366]
[20151117,17796,17961,18006,17684,199820]
[20151116,17796,17781,17886,17736,129454]
[20151113,17631,17811,17886,17631,136490]
[20151112,17601,17639,17706,17534,98900]
[20151111,17699,17579,17751,17571,87530]
[20151110,17609,17661,17706,17571,83122]
[20151109,17519,17646,17654,17466,102092]
[20151106,17519,17511,17549,17391,139386]
[20151105,17639,17496,17714,17481,115792]
[20151104,17631,17691,17721,17564,104358]
[20151103,17714,17654,17744,17601,79056]
[20151102,17541,17699,17781,17526,144962]
[20151030,17541,17556,17676,17489,135618]
[20151029,17541,17511,17594,17361,163046]
[20151028,17661,17473,17684,17526,80234]
[20151027,17508,17586,17646,17442,109946]
[20151026,17486,17515,17537,17370,115392]
[20151023,17508,17500,17639,17391,196616]
[20151022,17370,17529,17566,17260,170408]
[20151021,17348,17348,17420,17231,127576]
[20151020,17260,17319,17377,17239,94724]
[20151019,17370,17275,17413,17173,153302]
[20151016,17529,17377,17551,17355,173796]
[20151015,17799,17522,17820,17493,129298]
[20151014,17769,17791,17893,17668,104770]
[20151013,17704,17697,17784,17653,87072]
[20151012,17813,17675,17864,17711,92988]
[20151009,17806,17842,17864,17609,194724]
[20151008,17886,17791,17929,17806,54612]
[20150930,17740,17900,18031,17682,113330]
[20150929,17617,17755,17791,17617,108308]
[20150928,17748,17711,17813,17595,155562]
[20150925,18227,17777,18227,17617,208530]
[20150924,18133,18169,18213,18104,73552]
[20150923,17988,18133,18184,17973,137194]
[20150922,17973,18009,18068,17966,57138]
[20150921,18024,18031,18068,17944,72318]
[20150918,18097,18060,18155,18002,50226]
[20150917,18140,18111,18162,18082,42408]
[20150916,18169,18140,18177,18060,85770]
[20150915,18220,18133,18293,18148,76432]
[20150914,18220,18206,18264,18162,43738]
[20150911,18322,18264,18373,18198,83450]
[20150910,18264,18307,18351,18191,94180]
[20150909,18191,18227,18315,18184,105792]
[20150908,18213,18213,18213,18075,59976]
[20150907,18249,18184,18271,18155,42132]
[20150902,18104,18213,18257,18038,90092]
[20150901,18075,18060,18206,18068,87590]
[20150831,18024,18162,18089,17944,83402]
[20150828,18118,18031,18300,18038,117122]
[20150827,17915,18118,18111,17915,82576]
[20150826,18111,18009,18148,17958,77192]
[20150825,18031,18118,18133,17944,129764]
[20150824,18249,18038,18264,17988,211060]
[20150821,18424,18227,18497,18242,84882]
[20150820,18547,18467,18584,18351,106582]
[20150819,18337,18518,18562,18227,215658]
[20150818,18460,18366,18460,18315,54038]
[20150817,18351,18395,18424,18322,67700]
[20150814,18467,18380,18511,18322,102190]
[20150813,18104,18417,18467,18104,180350]
[20150812,18089,18242,18148,18031,64412]
[20150811,17988,18089,18235,17980,122918]
[20150810,18038,17995,18104,17878,107194]
[20150807,17980,18038,18089,17980,99592]
[20150806,18249,18060,18278,17908,186756]
[20150805,18402,18227,18402,18235,61724]
[20150804,18395,18373,18438,18235,128042]
[20150803,18424,18395,18497,18366,69446]
[20150430,18359,18460,18496,18290,265270]
[20150429,18366,18304,18585,18229,499548]
[20150428,18420,18304,18537,18297,307232]
[20150427,18194,18448,18489,18105,449942]
[20150424,17989,18208,18160,17989,194678]
[20150423,18249,18030,18297,17852,337142]
[20150422,17920,18277,18290,17914,379472]
[20150421,17859,18057,17975,17831,131590]
[20150420,17852,17838,17900,17797,78784]
[20150417,17879,17859,17941,17783,81032]
[20150416,17770,17934,17934,17742,128356]
[20150415,17811,17756,17872,17715,76740]
[20150414,17742,17838,17831,17701,103286]
[20150413,17674,17756,17777,17605,109682]
[20150410,17797,17722,17845,17653,97976]
[20150409,17893,17831,17996,17756,150908]
[20150408,17701,17893,17927,17592,202852]
[20150407,17824,17660,17866,17585,106468]
[20150403,17859,17831,17920,17708,92732]
[20150402,17804,17866,17941,17770,98688]
[20150401,17900,17797,17996,17722,157434]
