[20210830,848,839,874,822,819840]
[20210827,819,862,844,817,611185]
[20210826,807,836,844,801,834100]
[20210825,826,818,829,791,690293]
[20210824,756,820,823,754,869366]
[20210823,777,761,789,752,635157]
[20210820,748,779,787,735,659875]
[20210819,799,750,799,756,762628]
[20210818,830,793,838,806,604697]
[20210817,848,835,859,831,453252]
[20210816,846,855,860,830,513195]
[20210813,836,844,846,814,547087]
[20210812,871,835,871,836,492547]
[20210811,850,858,874,840,528981]
[20210810,845,857,855,823,465693]
[20210809,900,848,900,845,460792]
[20210806,890,883,907,875,331641]
[20210805,935,888,945,881,252408]
[20210804,927,935,950,916,223242]
[20210803,930,941,951,921,216977]
[20210802,913,924,935,899,290904]
[20210730,983,921,989,893,408832]
[20210729,1003,985,1008,965,290250]
[20210728,977,998,1012,977,256748]
[20210727,1006,993,1024,973,317316]
[20210726,994,1009,1024,993,295409]
[20210723,1003,998,1005,984,253493]
[20210722,1032,998,1038,983,436426]
[20210721,1087,1032,1095,1035,378920]
[20210720,1069,1083,1094,1060,239766]
[20210719,1092,1075,1101,1066,295767]
[20210716,1088,1093,1116,1080,358038]
[20210715,1065,1087,1094,1055,322912]
[20210714,1072,1063,1079,1059,255639]
[20210713,1048,1073,1086,1043,348743]
[20210712,1038,1049,1069,1028,396985]
[20210709,1037,1031,1047,1016,385908]
[20210708,1101,1038,1104,1041,461131]
[20210707,1085,1091,1100,1064,377265]
[20210706,1083,1086,1095,1076,247484]
[20210705,1039,1090,1081,1033,340862]
[20210702,1024,1038,1049,1008,396335]
[20210701,1033,1031,1050,1019,323670]
[20210630,1014,1033,1033,1001,366648]
[20210629,1058,1023,1058,1009,364205]
[20210628,1049,1053,1066,1021,375602]
[20210625,1023,1047,1049,1013,335624]
[20210624,1040,1025,1053,1006,368292]
[20210623,1007,1049,1042,997,393035]
[20210622,989,1009,1014,979,411611]
[20210621,1065,984,1072,986,525794]
[20210618,1072,1067,1105,1060,447065]
[20210617,1057,1085,1081,1037,385066]
[20210616,1074,1044,1087,1049,314950]
[20210615,1100,1076,1100,1045,289927]
[20210611,1044,1083,1101,1044,379142]
[20210610,1036,1056,1052,1024,319171]
[20210609,1019,1042,1050,1014,327656]
[20210608,987,1020,1016,975,370577]
[20210607,1040,993,1056,984,452415]
[20210604,1045,1045,1057,1013,472775]
[20210603,1030,1050,1077,1023,447379]
[20210602,1028,1032,1051,1019,358725]
[20210601,988,1031,1032,965,426820]
[20210531,926,972,990,925,455567]
[20210528,924,934,947,903,402317]
[20210527,873,924,930,871,414543]
[20210526,933,875,942,876,467901]
[20210525,933,926,952,918,339235]
[20210524,962,930,970,896,550581]
[20210521,1011,956,1019,964,406580]
[20210520,1005,1002,1027,972,505759]
[20210519,1094,1015,1102,1039,421975]
[20210518,1066,1090,1108,1060,375329]
[20210517,1046,1071,1070,1028,406428]
[20210514,1067,1048,1083,1007,526524]
[20210513,1158,1071,1169,1049,511600]
[20210512,1151,1147,1197,1132,379188]
[20210511,1177,1151,1188,1117,375109]
[20210510,1085,1165,1169,1069,407267]
[20210507,1044,1088,1086,1038,366914]
[20210506,989,1047,1045,989,308362]
[20210430,1004,1001,1004,955,380508]
[20210429,991,1001,1014,979,355532]
[20210428,1027,1001,1027,986,317375]
[20210427,1012,1016,1023,1006,194384]
[20210426,967,1012,1028,967,418229]
[20210423,965,978,981,956,313518]
[20210422,960,962,978,948,287183]
[20210421,970,952,978,958,246899]
[20210420,944,973,978,937,302257]
[20210419,922,943,952,917,279924]
[20210416,924,923,938,919,271741]
[20210415,896,927,932,891,373103]
[20210414,902,893,905,884,216130]
[20210413,897,899,903,888,240754]
[20210412,863,894,898,851,477726]
[20210409,873,869,883,858,302731]
[20210408,877,873,878,855,290861]
[20210407,856,873,884,854,349567]
[20210406,866,869,881,848,200735]
[20210402,862,879,879,844,254674]
[20210401,811,868,870,811,243745]
[20210331,826,826,833,804,187933]
[20210330,829,831,840,807,232077]
[20210329,815,830,859,813,290882]
[20210326,798,821,822,791,219226]
[20210325,795,791,811,793,237447]
[20210324,782,795,793,764,289640]
[20210323,759,781,782,757,265357]
[20210322,778,762,793,745,376358]
[20210319,814,780,823,780,381596]
[20210318,801,816,826,797,264507]
[20210317,800,798,807,787,231984]
[20210316,786,807,814,783,330361]
[20210315,796,788,796,756,407490]
[20210312,812,786,826,782,330826]
[20210311,793,825,823,775,368364]
[20210310,783,794,791,768,312124]
[20210309,857,777,857,775,466899]
[20210308,853,856,877,844,276477]
[20210305,877,855,882,836,378472]
[20210304,863,870,891,859,312608]
[20210303,867,865,885,849,333359]
[20210302,851,854,868,840,297779]
[20210301,860,857,873,843,287398]
[20210226,850,849,877,837,402080]
[20210225,849,854,872,831,355299]
[20210224,831,848,851,820,281778]
[20210223,856,823,862,827,265397]
[20210222,840,844,885,834,312356]
[20210219,845,836,860,819,315262]
[20210218,827,850,852,827,171753]
[20210210,798,835,806,782,210652]
[20210209,777,797,802,768,238246]
[20210208,751,773,776,748,240540]
[20210205,742,754,764,739,336652]
[20210204,714,741,746,710,318237]
[20210203,704,716,716,700,256469]
[20210202,735,705,741,695,375430]
[20210201,748,735,757,732,282972]
[20210129,739,751,748,729,303845]
[20210128,778,732,781,735,453859]
[20210127,773,778,788,763,272383]
[20210126,789,773,799,770,283225]
[20210125,782,786,797,765,314672]
[20210122,802,768,806,780,258526]
[20210121,796,801,804,778,348356]
[20210120,791,791,802,779,280550]
[20210119,807,783,808,782,323207]
[20210118,791,804,814,777,320329]
[20210115,797,789,803,787,308033]
[20210114,774,796,796,764,360419]
[20210113,789,774,792,768,382393]
[20210112,789,788,797,756,421184]
[20210111,802,782,806,768,410559]
[20210108,800,799,811,784,309532]
[20210107,780,805,801,768,301305]
[20210106,784,782,788,763,274128]
[20210105,768,780,784,762,276188]
[20210104,744,778,769,735,217611]
[20201231,737,745,750,731,280862]
[20201230,751,745,756,721,471426]
[20201229,772,737,789,747,408326]
[20201228,796,766,801,763,343909]
[20201225,773,797,803,755,386600]
[20201224,770,776,796,767,323367]
[20201223,798,777,804,745,587067]
[20201222,848,795,854,783,576883]
[20201221,803,822,862,794,721294]
[20201218,772,800,809,768,554985]
[20201217,755,771,771,749,403109]
[20201216,748,759,764,741,543888]
[20201215,722,759,753,720,540172]
[20201214,744,725,754,718,652191]
[20201211,732,745,783,724,1510135]
[20201210,692,735,733,691,866788]
[20201209,683,698,697,673,720338]
[20201208,690,681,703,679,828715]
[20201207,677,687,694,666,836423]
[20201204,650,678,676,643,596374]
[20201203,648,652,653,639,374013]
[20201202,631,651,648,629,460014]
[20201201,631,631,632,621,387298]
[20201130,626,629,638,620,508984]
[20201127,626,627,630,619,467816]
[20201126,610,625,623,610,524815]
[20201125,609,613,619,603,610922]
[20201124,603,607,612,602,391962]
[20201123,615,603,620,598,644575]
[20201120,608,614,617,604,465951]
[20201119,597,607,614,597,708803]
[20201118,593,599,598,590,482787]
[20201117,583,592,594,581,633177]
[20201116,578,583,587,568,785274]
[20201113,580,580,582,571,616393]
[20201112,582,581,590,576,704527]
[20201111,574,579,585,572,538427]
[20201110,573,575,584,569,826194]
[20201109,549,575,574,549,972929]
[20201106,545,551,551,543,549721]
[20201105,547,545,551,536,714662]
[20201104,547,550,556,544,777967]
[20201103,557,550,558,545,525870]
[20201102,554,553,557,548,543875]
[20201030,538,551,557,532,916537]
[20201029,542,536,544,537,587844]
[20201028,531,538,547,529,901057]
[20201027,527,533,536,527,526793]
[20201026,534,532,538,525,708305]
[20201023,550,535,554,535,814752]
[20201022,554,550,559,545,719981]
[20201021,548,557,554,543,639836]
[20201020,544,544,550,540,599444]
[20201019,547,541,558,534,1016578]
[20201016,545,547,550,539,554439]
[20201015,555,541,557,544,631377]
[20201014,564,554,566,550,681935]
[20201013,572,563,573,561,705924]
[20201012,578,571,578,570,463349]
[20201009,567,575,579,561,470412]
[20200930,541,565,561,540,823739]
[20200929,536,541,542,530,619340]
[20200928,531,537,541,528,775460]
[20200925,533,531,534,523,848954]
[20200924,532,531,537,525,798582]
[20200923,534,533,542,521,985706]
[20200922,537,539,544,524,1004049]
[20200921,559,538,561,536,1019113]
[20200918,548,558,561,548,1004676]
[20200917,554,549,554,544,980920]
[20200916,574,550,577,550,1247385]
[20200915,590,572,592,574,831467]
[20200914,585,587,590,578,644933]
[20200911,572,581,582,569,682174]
[20200910,576,570,584,566,868700]
[20200909,582,583,595,572,1048343]
[20200908,593,580,600,583,718119]
[20200907,590,592,605,585,847724]
[20200904,597,599,598,581,768718]
[20200903,595,597,606,593,654381]
[20200902,588,598,595,585,564899]
[20200901,588,587,591,583,411294]
[20200831,578,587,596,575,729678]
[20200828,564,577,579,561,672418]
[20200827,574,568,577,563,609867]
[20200826,565,572,575,561,635277]
[20200825,576,567,579,561,881414]
[20200824,583,577,587,576,497475]
[20200821,590,583,597,581,793242]
[20200820,594,587,598,584,684489]
[20200819,601,594,606,590,711032]
[20200818,581,605,599,579,670287]
[20200817,571,580,586,570,767082]
[20200814,575,574,583,569,640063]
[20200813,578,572,586,563,633898]
[20200812,579,576,580,560,707505]
[20200811,572,574,591,572,603233]
[20200810,567,585,572,559,452717]
[20200807,575,571,575,558,482232]
[20200806,563,572,578,562,504879]
[20200805,560,568,567,552,490864]
[20200804,554,561,564,553,449656]
[20200803,536,556,554,532,613610]
[20200731,531,533,538,519,708901]
[20200730,533,529,535,526,552702]
[20200729,518,531,533,517,567183]
[20200728,515,521,527,513,643170]
[20200727,523,516,529,511,644867]
[20200724,534,523,536,515,900255]
[20200723,530,532,540,527,661208]
[20200722,532,534,544,528,743354]
[20200721,515,534,536,513,822745]
[20200720,521,515,524,512,652243]
[20200717,522,520,525,510,874094]
[20200716,528,516,530,518,885721]
[20200715,530,526,533,521,716855]
[20200714,524,531,534,520,848430]
[20200713,501,523,528,501,1117765]
[20200710,499,509,503,496,709809]
[20200709,499,500,505,494,833291]
[20200708,484,501,500,484,867540]
[20200707,475,486,488,473,803418]
[20200706,472,476,480,467,891102]
[20200703,468,472,473,466,672872]
[20200702,466,471,472,464,644495]
[20200701,470,467,474,461,773002]
[20200630,466,470,475,466,723445]
[20200629,483,468,484,463,907064]
[20200624,480,480,488,478,747472]
[20200623,476,481,481,473,703909]
[20200622,486,475,488,474,1044527]
[20200619,485,485,491,483,967606]
[20200618,484,487,490,479,1315458]
[20200617,494,487,497,483,1105775]
[20200616,482,496,496,481,1088847]
[20200615,492,484,498,478,1501117]
[20200612,480,490,491,472,1431956]
[20200611,479,480,487,476,1143378]
[20200610,486,483,488,476,1059828]
[20200609,493,483,493,482,1076867]
[20200608,474,483,502,472,1498628]
[20200605,464,477,473,463,949876]
[20200604,477,466,486,465,1665493]
[20200603,477,476,480,471,1123328]
[20200602,473,476,483,466,1564615]
[20200601,471,474,490,469,1704332]
[20200529,713,471,753,712,1439810]
[20200528,705,714,713,700,952523]
[20200527,696,702,708,685,1395486]
[20200526,720,692,723,695,1370878]
[20200525,717,718,729,709,1297137]
[20200522,722,719,734,713,1636548]
[20200521,704,726,723,701,969181]
[20200520,707,705,714,702,907356]
[20200519,693,707,711,691,887868]
[20200518,666,695,704,663,1097810]
[20200515,646,664,668,643,944159]
[20200514,647,647,650,643,645729]
[20200513,641,646,647,634,915934]
[20200512,631,643,638,627,616156]
[20200511,636,628,637,626,726459]
[20200508,625,634,636,624,860665]
[20200507,612,631,623,609,715538]
[20200506,615,610,617,607,462799]
[20200430,599,614,612,599,580763]
[20200429,594,604,599,591,526010]
[20200428,602,596,606,592,899641]
[20200427,607,600,611,600,609681]
[20200424,605,603,613,602,771580]
[20200423,615,607,617,601,774552]
[20200422,597,614,614,594,809356]
[20200421,616,600,616,599,800094]
[20200420,617,607,624,612,684217]
[20200417,609,613,621,606,852931]
[20200416,603,616,610,597,904750]
[20200415,605,605,614,603,788019]
[20200414,598,605,609,596,709886]
[20200413,600,606,607,593,658707]
[20200410,597,596,603,590,700694]
[20200409,585,596,600,582,874734]
[20200408,568,587,588,564,1005947]
[20200407,565,569,573,557,652767]
[20200403,578,568,582,561,789033]
[20200402,554,573,580,542,1298336]
[20200401,578,550,581,551,895909]
[20200331,576,569,577,568,413728]
[20200330,582,574,583,564,454125]
[20200327,587,573,589,578,531295]
[20200326,586,586,591,578,657249]
[20200325,577,580,589,574,950248]
[20200324,558,578,569,547,1135447]
[20200323,570,558,574,555,746538]
[20200320,601,561,608,575,1351086]
[20200319,597,599,602,564,1756645]
[20200318,592,587,611,590,1434694]
[20200317,583,596,594,578,828765]
[20200316,594,578,595,582,703175]
[20200313,581,588,598,567,1358695]
[20200312,577,580,589,571,1000726]
[20200311,587,587,590,576,781391]
[20200310,563,583,588,563,906870]
[20200309,548,571,566,548,917869]
[20200306,585,560,586,573,791740]
[20200305,586,581,592,581,725215]
[20200304,567,586,585,564,971079]
[20200303,583,571,588,568,867144]
[20200302,544,584,577,544,1105527]
[20200228,548,559,553,536,964198]
[20200227,571,545,571,556,879043]
[20200226,587,565,590,570,1137659]
[20200225,583,588,596,581,752436]
[20200224,599,585,605,587,872734]
[20200221,589,590,598,586,846584]
[20200220,570,588,594,569,1014928]
[20200219,561,575,571,560,535469]
[20200218,566,562,569,560,731790]
[20200217,553,565,565,548,775020]
[20200214,550,549,555,547,586886]
[20200213,548,551,555,545,695489]
[20200212,535,548,549,535,705975]
[20200211,514,544,540,513,1115291]
[20200210,513,521,516,507,386759]
[20200207,519,509,522,512,457369]
[20200206,511,513,524,507,734506]
[20200205,521,513,525,509,542316]
[20200204,504,524,532,503,538043]
[20200203,536,516,536,536,27744]
[20200123,592,536,593,569,605964]
[20200122,591,590,595,579,545228]
[20200121,592,588,594,587,352991]
[20200120,592,589,596,588,324592]
[20200117,583,590,592,582,384961]
[20200116,588,585,592,580,484205]
[20200115,593,588,593,586,381011]
[20200114,581,589,595,581,464024]
[20200113,582,582,586,575,543686]
[20200110,580,579,586,580,315474]
[20200109,599,582,600,579,641609]
[20200108,589,597,605,588,614624]
[20200107,590,596,591,586,345381]
[20200106,587,589,591,584,423637]
[20200103,579,586,592,578,558388]
[20200102,575,580,585,573,440967]
[20191231,567,578,574,567,1014652]
[20191230,568,568,575,566,1138396]
[20191227,563,571,573,560,1485210]
[20191226,563,563,566,555,1641236]
[20191225,566,559,571,563,953754]
[20191224,564,567,570,562,1637274]
[20191223,560,566,572,560,1872026]
[20191220,571,562,571,559,1482094]
[20191219,561,564,575,557,1487766]
[20191218,560,559,566,558,981056]
[20191217,570,562,572,559,1531014]
[20191216,578,569,591,566,2668684]
[20191213,574,578,582,568,1642970]
[20191212,582,569,584,571,1570478]
[20191211,574,578,582,570,1449162]
[20191210,576,576,585,571,1507790]
[20191209,549,577,579,548,2071480]
[20191206,547,549,551,543,985124]
[20191205,548,548,553,545,976934]
[20191204,537,550,551,534,909744]
[20191203,538,536,541,534,751474]
[20191202,532,537,541,521,1663076]
[20191129,537,527,538,531,875116]
[20191128,530,537,537,528,1100868]
[20191127,540,529,540,528,1395328]
[20191126,550,537,550,534,1783510]
[20191125,539,545,554,536,1542114]
[20191122,530,537,540,527,1674544]
[20191121,524,527,531,522,1487744]
[20191120,527,526,533,522,1551090]
[20191119,522,531,527,518,1401546]
[20191118,520,521,527,519,1547662]
[20191115,513,521,523,513,1659644]
[20191114,503,516,511,497,1903826]
[20191113,502,502,507,499,1232720]
[20191112,489,502,505,486,2023756]
[20191111,494,489,494,485,1537546]
[20191108,506,491,507,495,1269126]
[20191107,514,502,516,504,1520242]
[20191106,515,514,520,513,1325080]
[20191105,507,517,516,504,1495032]
[20191104,516,507,517,506,1439896]
[20191101,512,516,521,508,1626602]
[20191031,514,512,518,510,1237854]
[20191030,513,514,515,504,1503940]
[20191029,517,511,519,512,1350538]
[20191028,525,517,530,517,1545666]
[20191025,519,526,525,515,1478412]
[20191024,514,519,520,509,1707980]
[20191023,510,514,519,509,1975666]
[20191022,505,511,512,502,1797814]
[20191021,510,505,512,499,1894934]
[20191018,509,509,512,495,2172000]
[20191017,508,507,510,500,1871226]
[20191016,531,507,532,508,2127680]
[20191015,528,526,534,521,1870736]
[20191014,543,528,547,527,1822354]
[20191011,544,543,547,533,1837396]
[20191010,528,543,545,524,1943112]
[20191009,543,528,545,527,1401690]
[20191008,542,542,551,536,886692]
[20190930,531,539,548,524,1850236]
[20190927,525,524,534,524,1678680]
[20190926,516,525,531,515,2678932]
[20190925,513,519,519,512,1165970]
[20190924,535,514,536,513,2589054]
[20190923,526,533,536,519,2317018]
[20190920,522,526,528,516,1981098]
[20190919,545,525,547,524,2548098]
[20190918,550,540,562,544,2325322]
[20190917,555,550,559,542,1662952]
[20190916,569,556,570,553,1172184]
[20190912,549,564,563,545,2184326]
[20190911,542,548,550,534,2663262]
[20190910,541,539,545,531,2180196]
[20190909,524,539,542,513,3094196]
[20190906,535,525,544,520,2435060]
[20190905,536,537,548,531,2657162]
[20190904,525,541,536,521,2399184]
[20190903,525,526,532,521,1877238]
[20190902,502,527,521,500,2433794]
[20190830,480,502,503,480,2611116]
[20190829,486,485,489,477,1729276]
[20190828,481,488,488,472,2189192]
[20190827,492,476,498,484,2154358]
[20190826,504,494,511,488,2562798]
[20190823,500,507,508,490,2512396]
[20190822,486,495,500,479,2530292]
[20190821,502,483,503,482,2185614]
[20190820,512,497,514,503,1280654]
[20190819,519,513,526,502,1922778]
[20190816,512,517,524,506,1955474]
[20190815,520,512,528,507,2684160]
[20190814,521,521,534,516,2551976]
[20190813,527,516,531,509,2631220]
[20190812,525,524,532,504,2870234]
[20190809,545,524,550,519,2512282]
[20190808,546,547,557,540,1815238]
[20190807,570,546,579,544,2636354]
[20190806,571,571,584,569,2001804]
[20190805,593,572,603,570,2334208]
[20190802,612,596,614,596,1790546]
[20190801,629,609,634,617,1624044]
[20190731,636,631,653,628,1667490]
[20190730,619,636,645,616,1244716]
[20190729,631,618,631,617,898826]
[20190726,613,625,632,602,1575642]
[20190725,607,617,612,598,924456]
[20190724,618,607,620,595,1375870]
[20190723,624,619,632,618,648372]
[20190722,644,619,644,626,850002]
[20190719,623,641,649,623,857362]
[20190718,636,628,640,626,687382]
[20190717,633,632,641,622,1617330]
[20190716,638,635,654,634,1847394]
[20190715,618,640,635,611,1729584]
[20190712,616,614,623,612,1376422]
[20190711,622,621,625,609,1880192]
[20190710,625,614,627,614,1742126]
[20190709,612,625,636,611,2669686]
[20190708,586,617,612,585,2550854]
[20190705,614,593,619,577,3540938]
[20190704,640,611,640,605,3059116]
[20190703,637,630,644,628,2204686]
[20190702,615,641,639,615,2600856]
[20190701,592,617,618,590,1995090]
[20190628,583,591,596,582,2115232]
[20190627,570,587,593,570,2700380]
[20190626,565,575,571,551,2431396]
[20190625,575,568,579,562,1676122]
[20190624,573,577,580,561,2640320]
[20190621,586,570,590,569,2439910]
[20190620,558,586,592,557,2673530]
[20190619,558,563,574,553,3008838]
[20190618,542,560,556,534,2164834]
[20190617,549,540,549,537,1776030]
[20190614,556,544,564,547,2679354]
[20190613,539,556,552,536,1879260]
[20190612,544,543,550,538,2091764]
[20190611,516,548,537,512,2333344]
[20190610,506,514,516,501,1165494]
[20190606,510,506,510,490,2428058]
[20190605,509,508,512,503,1279130]
[20190604,504,508,510,500,1550072]
[20190603,513,502,513,498,2190120]
[20190531,519,511,526,514,1588134]
[20190530,530,517,530,516,1934614]
[20190529,531,527,532,517,2761966]
[20190528,539,528,547,527,3106044]
[20190527,518,538,545,518,3614084]
[20190524,516,526,518,510,1982570]
[20190523,515,513,519,511,2073712]
[20190522,507,515,518,501,2949762]
[20190521,499,506,508,490,2282970]
[20190520,500,493,506,496,1800272]
[20190517,482,499,502,480,2978930]
[20190516,466,482,484,464,2912722]
[20190515,456,465,466,453,1584836]
[20190514,460,456,470,454,2754284]
[20190513,463,461,466,459,1832592]
[20190510,453,463,465,450,1865768]
[20190509,453,451,457,449,1535926]
[20190508,459,451,459,450,1495560]
[20190507,452,456,467,448,2237024]
[20190506,442,450,452,441,1005284]
[20190430,448,448,454,443,1602690]
[20190429,438,446,448,437,1538258]
[20190426,437,438,442,434,2060452]
[20190425,437,439,443,435,1494192]
[20190424,444,438,444,436,1482290]
[20190423,444,442,448,442,1296570]
[20190422,440,444,454,440,3046626]
[20190419,437,443,440,434,1616808]
[20190418,441,436,442,435,1554592]
[20190417,448,442,450,436,2098012]
[20190416,460,448,464,447,2108514]
[20190415,465,461,470,456,2076324]
[20190412,466,466,469,455,2620488]
[20190411,461,465,464,452,1663794]
[20190410,459,463,462,454,1483760]
[20190409,463,458,469,453,1824890]
[20190408,449,465,465,444,1424330]
[20190404,450,447,450,441,1466114]
[20190403,431,449,453,431,2657844]
[20190402,423,433,434,420,1665166]
[20190401,410,423,426,410,1080984]
[20190329,395,412,417,394,1645808]
[20190328,400,396,401,395,1013482]
[20190327,399,397,403,398,830956]
[20190326,401,400,403,397,654824]
[20190325,404,400,404,398,866848]
[20190322,400,403,403,397,928064]
[20190321,398,400,406,396,1350804]
[20190320,415,397,417,393,2179682]
[20190319,413,416,421,411,1546494]
[20190318,409,415,421,407,2286698]
[20190315,409,408,411,402,1921920]
[20190314,395,407,410,393,2078120]
[20190313,401,395,402,394,1239556]
[20190312,391,400,400,391,1374936]
[20190311,394,392,397,388,1501456]
[20190308,407,394,408,400,1621592]
[20190307,399,406,408,398,1406176]
[20190306,406,402,409,398,1833196]
[20190305,403,408,408,399,1400830]
[20190304,410,402,422,404,2717224]
[20190301,400,409,410,397,1364546]
[20190228,389,399,398,389,1537528]
[20190227,388,394,394,385,1420204]
[20190226,390,389,391,382,1724710]
[20190225,404,387,407,391,2028210]
[20190222,398,404,404,391,1876798]
[20190221,404,392,408,399,1639790]
[20190220,411,403,415,400,2248366]
[20190219,411,414,416,410,1241758]
[20190218,410,412,418,407,2184280]
[20190215,411,411,415,403,2000012]
[20190214,408,414,411,398,1672088]
[20190213,414,405,416,401,2220264]
[20190212,424,415,429,413,1976884]
[20190211,426,420,426,425,233126]
[20190201,383,426,407,383,1777062]
[20190131,386,384,388,376,1521410]
[20190130,367,383,384,367,1744796]
[20190129,360,368,367,358,1173214]
[20190128,348,361,370,348,1800262]
[20190125,350,348,352,347,786480]
[20190124,344,349,350,344,1091176]
[20190123,343,348,345,343,524774]
[20190122,348,344,351,343,1062922]
[20190121,345,347,351,344,1457264]
[20190118,335,345,346,333,1582064]
[20190117,334,335,336,331,787536]
[20190116,333,334,336,333,679814]
[20190115,335,335,335,329,800854]
[20190114,332,333,335,329,851274]
[20190111,330,331,333,329,617676]
[20190110,332,332,333,329,618158]
[20190109,335,333,337,331,772410]
[20190108,336,334,337,332,760054]
[20190107,335,334,336,330,772268]
[20190104,325,331,334,325,1144972]
[20190103,319,328,325,318,760780]
[20190102,323,319,324,318,344034]
[20181228,320,323,323,319,664066]
[20181227,322,320,325,317,1100670]
[20181226,317,321,322,316,856576]
[20181225,320,318,321,313,843256]
[20181224,324,319,325,317,988376]
[20181221,324,323,326,322,711416]
[20181220,318,324,324,316,1189784]
[20181219,316,318,321,316,919098]
[20181218,319,318,319,315,658676]
[20181217,315,318,321,315,974572]
[20181214,312,315,316,311,769564]
[20181213,309,313,313,308,750900]
[20181212,311,309,315,308,906650]
[20181211,309,312,311,305,702752]
[20181210,309,308,311,304,906762]
[20181207,304,308,311,303,754662]
[20181206,313,304,313,305,641256]
[20181205,308,311,313,305,858362]
[20181204,302,308,308,301,805850]
[20181203,296,302,314,293,1157026]
[20181130,292,295,297,291,543076]
[20181129,291,292,293,290,499788]
[20181128,286,290,293,285,759646]
[20181127,287,285,292,282,905488]
[20181126,304,288,304,293,702132]
[20181123,317,300,317,305,1384484]
[20181122,322,312,324,317,1031286]
[20181121,315,321,324,307,1420218]
[20181120,324,315,324,315,900622]
[20181119,320,323,325,316,1147338]
[20181116,316,318,322,315,1116670]
[20181115,315,315,316,312,558918]
[20181114,313,314,316,311,961124]
[20181113,320,314,320,313,990968]
[20181112,323,319,324,316,1146430]
[20181109,320,323,326,319,1179236]
[20181108,315,320,320,313,1224594]
[20181107,313,316,315,310,709032]
[20181106,318,314,319,312,934294]
[20181105,312,318,317,311,678726]
[20181102,319,313,321,308,1299944]
[20181101,328,320,329,319,1071112]
[20181031,331,327,332,325,928600]
[20181030,330,330,333,328,750836]
[20181029,332,331,336,330,1466164]
[20181026,328,331,332,326,907466]
[20181025,330,328,330,324,1005858]
[20181024,319,329,330,318,946344]
[20181023,323,320,324,318,624506]
[20181022,317,323,324,316,858762]
[20181019,317,317,320,314,721770]
[20181018,323,318,327,316,1392178]
[20181017,312,325,322,310,737904]
[20181016,313,311,316,311,553858]
[20181015,317,316,319,313,537800]
[20181012,315,317,318,312,624072]
[20181011,316,315,319,311,735250]
[20181010,313,317,318,313,639196]
[20181009,307,317,315,306,922040]
[20181008,305,308,307,301,350268]
[20180928,305,304,306,299,1124974]
[20180927,308,306,311,304,659414]
[20180926,306,308,310,305,674476]
[20180925,308,306,308,304,393574]
[20180921,309,307,310,307,413042]
[20180920,310,309,312,307,488228]
[20180919,312,310,316,310,627840]
[20180918,307,315,312,306,785766]
[20180917,308,309,312,306,1204534]
[20180914,309,308,311,307,941294]
[20180913,303,309,310,303,1181292]
[20180912,303,305,304,297,1025448]
[20180911,306,303,308,302,1035204]
[20180910,306,304,310,304,1027710]
[20180907,308,306,311,304,1437338]
[20180906,299,309,309,299,1542046]
[20180905,300,300,301,297,718338]
[20180904,298,300,300,296,618026]
[20180903,298,298,300,294,858742]
[20180831,298,299,302,298,1002168]
[20180830,295,300,299,292,1040714]
[20180829,297,292,300,294,513954]
[20180828,294,298,298,294,431206]
[20180827,302,296,304,293,911078]
[20180824,300,302,303,298,577094]
[20180823,298,299,304,298,898242]
[20180822,303,301,307,298,1044286]
[20180821,312,304,313,301,1509414]
[20180820,311,310,315,306,1395664]
[20180817,303,310,311,300,1419584]
[20180816,308,301,314,296,1515650]
[20180815,312,311,312,306,1093702]
[20180814,317,312,319,308,1144544]
[20180813,311,317,318,311,1059250]
[20180810,316,312,318,311,872708]
[20180809,312,317,316,311,719670]
[20180808,316,312,318,310,1015806]
[20180807,312,316,318,310,1092234]
[20180806,301,313,317,299,1357146]
[20180803,295,301,302,295,937974]
[20180802,294,296,295,291,780906]
[20180801,303,294,303,292,988990]
[20180731,303,302,303,301,660786]
[20180730,305,303,306,299,1306030]
[20180727,294,304,305,294,1378860]
[20180726,295,295,296,293,532692]
[20180725,294,295,297,294,587896]
[20180724,295,294,296,293,651952]
[20180723,293,294,295,291,631598]
[20180720,289,294,293,289,477556]
[20180719,289,290,294,288,1041630]
[20180718,288,290,290,287,768016]
[20180717,289,288,289,286,739800]
[20180716,286,289,290,285,732348]
[20180713,289,287,289,286,732436]
[20180712,287,289,290,285,1171252]
[20180711,285,287,289,279,1436298]
[20180710,286,284,287,284,978238]
[20180709,285,286,287,280,1310724]
[20180706,283,283,286,281,1305234]
[20180705,285,283,286,280,1704382]
[20180704,287,282,289,285,1051048]
[20180703,287,289,289,286,955302]
[20180702,294,287,294,284,1671092]
[20180629,289,293,295,289,1555894]
[20180628,286,291,291,286,1312338]
[20180627,286,288,290,285,1119076]
[20180626,287,286,289,284,1608934]
[20180625,284,287,291,283,1913742]
[20180622,281,285,284,279,1219610]
[20180621,281,280,285,280,1382034]
[20180620,279,281,282,278,1071232]
[20180619,290,279,292,275,2078852]
[20180615,293,291,296,290,1412830]
[20180614,292,294,295,291,1441042]
[20180613,292,292,294,289,1655416]
[20180612,291,293,294,288,1763476]
[20180611,290,292,293,288,1297738]
[20180608,291,289,292,287,1602756]
[20180607,292,291,296,290,1857526]
[20180606,290,292,295,289,1943160]
[20180605,283,290,290,282,1827778]
[20180604,285,283,287,282,1618962]
[20180601,287,285,292,283,2080606]
[20180531,282,289,289,282,1739320]
[20180530,287,283,290,281,2141054]
[20180529,281,289,290,279,2334884]
[20180528,281,281,285,278,2008832]
[20180525,285,281,287,279,1981570]
[20180524,282,285,285,281,1342620]
[20180523,284,284,284,278,2022518]
[20180522,287,283,290,281,1938998]
[20180521,296,288,296,286,2454100]
[20180518,299,293,301,294,2390234]
[20180517,299,300,300,296,1777408]
[20180516,300,298,304,297,2662250]
[20180515,302,300,306,297,3022838]
[20180514,299,302,303,298,2457676]
[20180511,292,299,301,290,3009054]
[20180510,290,293,294,288,2237092]
[20180509,294,292,294,290,2296466]
[20180508,291,292,296,290,2576208]
[20180507,291,292,294,285,2961116]
[20180504,293,290,294,287,2497962]
[20180503,294,290,299,292,2320824]
[20180502,288,295,295,286,1948228]
[20180427,288,286,292,282,2804800]
[20180426,290,290,293,287,2129304]
[20180425,291,290,295,288,2839138]
[20180424,293,293,296,291,2434486]
[20180423,286,295,299,285,4049306]
[20180420,294,287,295,284,3460380]
[20180419,281,292,295,281,3998880]
[20180418,273,286,280,273,3665418]
[20180417,272,275,276,269,3217480]
[20180416,281,272,283,270,3486778]
[20180413,277,281,283,275,2892696]
[20180412,278,278,283,274,3221904]
[20180411,280,274,285,276,2833392]
[20180410,275,282,282,275,2870982]
[20180409,271,277,276,268,1734796]
[20180404,282,272,283,269,2572316]
[20180403,285,280,289,280,1842618]
[20180402,283,285,295,281,2334806]
[20180330,281,283,283,275,2004808]
[20180329,280,281,282,275,1681026]
[20180328,283,277,284,273,2398560]
[20180327,279,284,286,279,1741456]
[20180326,279,282,283,277,1834524]
[20180323,297,279,298,275,3510220]
[20180322,296,297,302,295,2358426]
[20180321,294,296,298,292,2205828]
[20180320,295,293,297,289,1977368]
[20180319,308,296,308,294,2353134]
[20180316,312,306,312,307,1797212]
[20180315,313,311,316,310,1706366]
[20180314,306,313,315,305,2149208]
[20180313,305,307,309,304,1569702]
[20180312,310,304,312,303,2139208]
[20180309,318,309,320,306,2604684]
[20180308,329,320,329,319,1591024]
[20180307,333,327,335,329,1582240]
[20180306,332,333,335,330,1335978]
[20180305,343,331,344,332,1985774]
[20180302,346,343,348,341,1590622]
[20180301,346,347,350,345,1450520]
[20180228,348,347,348,345,1126372]
[20180227,350,346,352,345,1477726]
[20180226,350,349,355,348,1341536]
[20180223,342,349,350,342,1458846]
[20180222,344,344,347,340,800488]
[20180214,338,344,345,338,1156738]
[20180213,334,338,339,333,1126638]
[20180212,334,334,336,331,1268422]
[20180209,335,334,341,331,2556496]
[20180208,336,335,337,332,1397106]
[20180207,333,335,337,331,1531102]
[20180206,337,332,338,329,1793292]
[20180205,328,336,337,328,2208782]
[20180202,324,329,331,324,1738298]
[20180201,326,325,327,321,1509926]
[20180131,330,324,332,322,1968260]
[20180130,328,330,333,328,1540624]
[20180129,332,330,333,326,1717486]
[20180126,338,331,339,329,2161024]
[20180125,334,337,342,331,2142032]
[20180124,331,332,335,331,1295616]
[20180123,345,332,345,330,2754730]
[20180122,347,343,349,344,1797174]
[20180119,343,348,347,339,2112314]
[20180118,339,344,344,338,1647800]
[20180117,336,340,341,335,1962400]
[20180116,343,337,346,337,2175102]
[20180115,346,343,347,339,2055322]
[20180112,355,345,356,344,2459680]
[20180111,356,355,358,351,1916280]
[20180110,358,356,360,353,1978494]
[20180109,354,360,359,354,1793216]
[20180108,343,355,355,341,2689460]
[20180105,347,342,351,337,2848700]
[20180104,342,350,348,340,2267268]
[20180103,347,343,349,341,2115166]
[20180102,340,347,349,339,1692836]
[20171229,331,341,343,330,3205438]
[20171228,329,331,333,326,1997562]
[20171227,332,329,335,328,2572654]
[20171226,335,333,335,326,2738906]
[20171225,348,334,352,334,2938274]
[20171222,340,351,349,337,2841696]
[20171221,338,342,351,335,3466666]
[20171220,337,343,339,334,2038216]
[20171219,341,336,344,335,2614256]
[20171218,325,342,345,324,3856536]
[20171215,318,324,326,315,2452362]
[20171214,323,317,325,316,2659042]
[20171213,321,323,326,313,3361048]
[20171212,318,322,328,316,3118688]
[20171211,323,317,332,316,3129800]
[20171208,316,325,324,313,2413140]
[20171207,334,315,335,314,3046004]
[20171206,345,334,347,332,2550422]
[20171205,349,345,353,343,2274974]
[20171204,336,349,354,335,2642930]
[20171201,333,340,337,331,2179484]
[20171130,327,332,336,324,2651930]
[20171129,322,325,328,318,2095348]
[20171128,323,321,324,316,1896104]
[20171127,328,322,330,321,1989836]
[20171124,324,328,329,320,1787640]
[20171123,319,321,328,318,1973554]
[20171122,315,321,320,312,1285180]
[20171121,315,318,318,313,1281290]
[20171120,311,316,318,307,1893966]
[20171117,307,309,314,306,2055342]
[20171116,299,310,308,298,1851392]
[20171115,312,299,314,297,2301288]
[20171114,311,313,315,309,1729536]
[20171113,310,311,313,304,2248366]
[20171110,309,309,312,303,2074510]
[20171109,312,309,321,305,3312382]
[20171108,314,313,316,309,2070316]
[20171107,313,311,318,309,2306466]
[20171106,295,314,314,294,2824558]
[20171103,296,296,299,292,1885730]
[20171102,287,295,299,285,2480356]
[20171101,287,288,294,285,2068606]
[20171031,285,286,290,282,1916254]
[20171030,285,284,290,282,2033534]
[20171027,302,287,303,286,2646508]
[20171026,304,297,306,301,1719196]
[20171025,307,304,312,301,2650296]
[20171024,307,308,313,304,2540300]
[20171023,313,306,316,300,3551410]
[20171020,297,314,314,295,3084376]
[20171019,306,297,307,293,3120204]
[20171018,304,303,311,303,2749122]
[20171017,310,304,313,298,3308624]
[20171016,305,310,315,303,3339468]
[20171013,295,306,306,293,2944036]
[20171012,292,295,301,285,2846722]
[20171011,294,288,298,292,1816408]
[20171010,296,294,300,291,2035846]
[20171009,309,295,311,293,1471522]
[20170929,303,307,307,299,2065932]
[20170928,318,302,320,297,3099258]
[20170927,311,318,318,308,2649198]
[20170926,314,312,317,309,2099500]
[20170925,314,316,317,306,2360944]
[20170922,316,313,318,310,2108284]
[20170921,331,314,334,315,3049428]
[20170920,332,333,337,326,2361282]
[20170919,343,331,345,334,2216058]
[20170918,339,344,344,331,2954618]
[20170915,342,339,345,337,2196190]
[20170914,356,341,358,340,3295054]
[20170913,366,358,370,354,2823466]
[20170912,358,366,368,354,3203924]
[20170911,358,358,360,348,2840510]
[20170908,366,354,376,356,3454870]
[20170907,369,365,373,362,3000522]
[20170906,386,370,393,368,3231732]
[20170905,380,388,388,377,2572818]
[20170904,390,379,401,378,3326216]
[20170901,382,391,394,381,2831676]
[20170831,372,384,385,366,3023728]
[20170830,372,371,374,364,2546032]
[20170829,384,370,387,369,3013490]
[20170828,390,385,394,372,3119952]
[20170825,390,392,403,387,2881732]
[20170824,387,391,400,381,3143576]
[20170823,404,383,404,379,3368198]
[20170822,402,399,408,398,2492430]
[20170821,384,402,403,376,3850304]
[20170818,370,385,391,366,3015812]
[20170817,352,372,376,351,3720212]
[20170816,355,352,357,347,2166836]
[20170815,354,353,357,347,2253262]
[20170814,359,354,364,351,2277786]
[20170811,375,360,382,353,3416824]
[20170810,378,376,383,370,2754170]
[20170809,369,377,381,366,2861688]
[20170808,378,372,385,364,2773128]
[20170807,368,379,394,363,3395982]
[20170804,365,365,372,361,2054852]
[20170803,363,363,373,359,2310920]
[20170802,366,362,367,357,1785888]
[20170801,368,362,372,364,1197956]
[20170731,342,368,368,341,1801142]
[20170728,339,350,344,337,1493916]
[20170727,335,341,340,332,1646618]
[20170726,342,335,345,332,1947416]
[20170725,331,341,342,330,2224042]
[20170724,337,333,338,324,1971640]
[20170721,334,335,337,328,1948498]
[20170720,345,337,346,332,2252202]
[20170719,334,341,345,333,2007164]
[20170718,320,336,338,320,2372424]
[20170717,311,328,323,310,2078984]
[20170714,315,314,316,304,2135252]
[20170713,316,314,318,310,1891690]
[20170712,315,316,322,312,2227372]
[20170711,309,316,321,308,2336566]
[20170710,310,308,313,306,2079024]
[20170707,303,312,312,300,2198574]
[20170706,300,302,304,294,2161610]
[20170705,302,302,309,300,2431656]
[20170704,315,304,318,298,2719606]
[20170703,303,312,314,303,2153684]
[20170630,306,305,307,300,1822530]
[20170629,296,305,312,296,2994860]
[20170628,294,299,297,292,1866190]
[20170627,280,294,295,278,2668296]
[20170626,280,280,280,275,1467290]
[20170623,275,277,280,274,1580860]
[20170622,280,276,283,274,1943836]
[20170621,276,281,279,270,1932750]
[20170620,279,274,282,276,1860664]
[20170619,276,279,283,274,2121444]
[20170616,274,278,281,272,2599186]
[20170615,277,277,278,269,2470584]
[20170614,269,275,278,266,2530222]
[20170613,280,270,281,269,2097054]
[20170612,273,280,282,272,2374766]
[20170609,273,273,275,270,1771854]
[20170608,278,273,281,272,2716724]
[20170607,278,278,282,275,1934816]
[20170606,277,278,282,273,2632254]
[20170605,275,279,285,273,2995228]
[20170602,273,278,280,270,2477614]
[20170601,274,273,275,267,2067546]
[20170531,292,274,293,273,1932268]
[20170526,289,290,294,287,2101630]
[20170525,295,292,300,288,2926266]
[20170524,309,294,310,291,3021526]
[20170523,319,307,321,308,2190056]
[20170522,316,321,323,314,3028272]
[20170519,297,315,316,293,3489266]
[20170518,308,297,310,301,2535518]
[20170517,297,308,310,296,2640106]
[20170516,294,297,298,291,1830522]
[20170515,291,293,298,285,2242764]
[20170512,300,290,300,289,2608668]
[20170511,307,293,311,287,3651638]
[20170510,300,307,309,299,2780586]
[20170509,298,301,302,295,2082018]
[20170508,301,298,312,295,3221592]
[20170505,307,305,309,294,2272962]
[20170504,335,304,335,313,2373056]
[20170503,343,332,345,336,1749924]
[20170502,343,341,346,339,1238360]
[20170428,327,344,336,323,2542266]
[20170427,320,327,326,317,2124722]
[20170426,322,321,331,318,2396846]
[20170425,325,319,326,315,2392914]
[20170424,326,324,328,314,2575000]
[20170421,319,325,332,313,2882204]
[20170420,311,317,316,297,2357084]
[20170419,303,313,311,301,1586138]
[20170418,318,302,320,299,1833192]
[20170417,329,317,331,315,1876282]
[20170414,326,331,335,324,1776556]
[20170413,322,327,332,319,1522998]
[20170412,336,322,337,324,1749986]
[20170411,333,336,342,331,1471788]
[20170410,339,333,343,334,1398232]
[20170407,357,338,358,335,1924398]
[20170406,362,352,370,358,1735434]
[20170405,359,365,373,356,1252584]
[20170331,369,365,371,349,1327022]
[20170330,368,366,375,358,1764442]
[20170329,354,366,370,353,1913090]
[20170328,355,355,362,349,1511028]
[20170327,373,356,374,349,1576154]
[20170324,370,372,380,366,1433910]
[20170323,374,369,381,372,989830]
[20170322,387,375,392,371,1189050]
[20170321,404,388,405,387,903982]
[20170320,405,403,412,402,836796]
[20170317,410,407,411,401,955262]
[20170316,411,407,417,403,1210138]
[20170315,389,411,414,388,1752202]
[20170314,389,390,396,386,1282896]
[20170313,372,390,389,362,2033962]
[20170310,372,370,377,370,1194318]
[20170309,377,372,378,365,1731692]
[20170308,375,377,383,372,1841678]
[20170307,375,379,380,371,1302384]
[20170306,391,376,395,372,2062846]
[20170303,395,390,395,377,1910536]
[20170302,396,388,402,393,1472730]
[20170301,393,396,401,391,1595362]
[20170228,403,393,407,391,1959676]
[20170227,397,403,416,392,1994214]
[20170224,403,398,405,383,1972960]
[20170223,408,403,413,397,1547246]
[20170222,415,411,416,404,1370126]
[20170221,407,416,421,403,1559348]
[20170220,400,406,406,395,1385002]
[20170217,389,403,402,389,1447144]
[20170216,396,394,409,387,2164884]
[20170215,404,395,408,392,1820440]
[20170214,405,398,407,395,1067290]
[20170213,389,403,405,389,1440072]
[20170210,362,392,394,361,2123034]
[20170209,364,362,368,361,997340]
[20170208,355,365,368,354,1222594]
[20170207,342,356,358,340,1180938]
[20170206,347,344,349,340,997360]
[20170203,376,348,376,344,813190]
[20170126,364,363,376,361,816638]
[20170125,369,365,369,357,929342]
[20170124,346,368,372,345,1507398]
[20170123,347,347,351,343,975854]
[20170120,360,347,364,345,1569212]
[20170119,360,362,365,354,1408902]
[20170118,362,361,378,357,1778594]
[20170117,369,363,377,354,1675404]
[20170116,344,371,373,343,1590372]
[20170113,345,345,351,340,1110752]
[20170112,340,348,350,336,1250392]
[20170111,340,339,343,336,932264]
[20170110,324,340,337,321,1294076]
[20170109,306,321,325,304,1188612]
[20170106,312,307,316,305,1189796]
[20170105,308,310,318,306,1083014]
[20170104,304,307,311,302,1222076]
[20170103,313,304,322,301,797128]
[20161230,322,317,324,310,1333092]
[20161229,321,321,325,315,1369974]
[20161228,318,316,327,314,1619976]
[20161227,315,316,320,305,1731710]
[20161226,310,315,317,300,2022550]
[20161223,308,314,315,307,1315344]
[20161222,325,308,325,307,1476892]
[20161221,324,324,327,314,1428434]
[20161220,318,324,327,317,1398056]
[20161219,333,321,335,317,1536936]
[20161216,344,332,348,335,1460862]
[20161215,343,343,353,336,1831656]
[20161214,365,339,365,339,2456084]
[20161213,361,359,367,356,1435910]
[20161212,351,358,373,344,1824506]
[20161209,360,352,361,337,2336220]
[20161208,366,358,371,351,1910734]
[20161207,343,366,368,342,1959132]
[20161206,344,343,351,337,1782058]
[20161205,327,345,347,320,2191040]
[20161202,340,321,342,312,2709108]
[20161201,316,341,342,311,1981432]
[20161130,327,321,329,316,1032532]
[20161129,353,326,358,327,1987228]
[20161128,351,351,359,339,1456252]
[20161125,331,349,350,330,1209326]
[20161124,330,334,350,321,1453166]
[20161123,318,327,328,316,1367952]
[20161122,294,326,309,294,921856]
[20161121,293,299,301,284,1748590]
[20161118,309,292,311,290,1650120]
[20161117,307,306,310,291,1698142]
[20161116,307,303,311,299,1367496]
[20161115,333,307,336,315,1354532]
[20161114,335,334,350,317,2671348]
[20161111,314,350,327,313,1051188]
[20161110,300,314,313,299,1699874]
[20161109,276,307,294,275,1336766]
[20161108,278,281,282,271,2165150]
[20161107,266,276,282,262,2559248]
[20161104,266,266,271,264,1691914]
[20161103,262,267,266,260,1213678]
[20161102,268,262,271,260,1626992]
[20161101,267,267,270,263,1295144]
[20161031,262,265,267,259,1478554]
[20161028,255,263,265,253,1695596]
[20161027,253,255,258,248,1748764]
[20161026,253,254,259,247,1690296]
[20161025,242,258,251,242,1267444]
[20161024,236,243,242,233,1425288]
[20161021,237,237,238,232,1168262]
[20161020,233,237,238,232,1374378]
[20161019,234,233,239,230,1846338]
[20161018,234,235,235,230,1192892]
[20161017,232,234,238,232,1212780]
[20161014,227,233,237,226,1533850]
[20161013,228,226,229,225,1106246]
[20161012,225,228,229,223,1381242]
[20161011,221,224,225,219,1291804]
[20161010,215,220,220,212,873422]
[20160930,220,213,221,214,934840]
[20160929,220,220,227,219,1489242]
[20160928,216,221,220,215,1025034]
[20160927,219,215,219,214,1200370]
[20160926,220,218,223,217,1345402]
[20160923,218,220,221,217,1102656]
[20160922,212,219,223,212,1960142]
[20160921,211,213,213,210,973946]
[20160920,209,212,214,209,1313726]
[20160919,205,209,210,204,763212]
[20160914,210,207,211,208,991826]
[20160913,211,209,213,207,1437196]
[20160912,218,212,221,211,1649370]
[20160909,217,219,218,214,1244458]
[20160908,217,217,219,214,1532188]
[20160907,226,217,226,216,2173674]
[20160906,223,225,229,222,1729806]
[20160905,224,223,228,222,1717396]
[20160902,222,227,230,221,1968576]
[20160901,219,222,223,217,1502194]
[20160831,223,220,224,218,1718300]
[20160830,225,223,227,221,1697976]
[20160829,229,225,229,221,1865698]
[20160826,235,227,236,229,1780530]
[20160825,243,235,244,228,2351536]
[20160824,243,241,245,240,1177248]
[20160823,236,243,244,234,1363478]
[20160822,236,237,239,234,1387262]
[20160819,232,235,238,229,1640504]
[20160818,227,232,234,225,1847338]
[20160817,232,228,237,227,1574796]
[20160816,224,232,235,223,1618016]
[20160815,228,225,230,220,1647318]
[20160812,229,229,231,226,1081470]
[20160811,235,228,237,226,1126782]
[20160810,238,234,240,232,1062410]
[20160809,240,239,243,235,1038372]
[20160808,235,239,240,232,930860]
[20160805,225,234,236,225,1382622]
[20160804,230,225,231,221,1102866]
[20160803,231,228,232,228,769036]
[20160802,231,230,233,228,975830]
[20160801,219,231,232,217,1586108]
[20160729,226,219,227,218,1242744]
[20160728,223,223,226,220,1361858]
[20160727,213,223,222,213,1703320]
[20160726,211,214,213,207,1133228]
[20160725,204,210,212,202,1441232]
[20160722,212,205,214,203,1515602]
[20160721,201,212,213,199,1412956]
[20160720,201,200,204,199,911054]
[20160719,205,202,207,200,1186228]
[20160718,219,206,221,205,1729154]
[20160715,219,219,221,216,1093526]
[20160714,219,220,222,215,1314974]
[20160713,217,218,222,214,1635370]
[20160712,206,216,216,204,1814376]
[20160711,206,205,207,199,1364118]
[20160708,203,204,205,198,1874852]
[20160707,202,203,209,200,1826424]
[20160706,209,203,211,199,2097670]
[20160705,209,209,213,201,2004504]
[20160704,200,212,210,200,1846994]
[20160701,204,204,205,196,1504716]
[20160630,198,203,205,198,1607514]
[20160629,199,199,202,196,1243088]
[20160628,196,200,201,194,1506626]
[20160627,184,198,196,183,1643698]
[20160624,185,185,188,182,1400818]
[20160623,184,185,187,183,1031014]
[20160622,178,185,185,177,1462170]
[20160621,175,178,180,175,1035110]
[20160620,178,177,179,175,970608]
[20160617,174,177,177,172,1101736]
[20160616,172,175,177,171,1047228]
[20160615,170,172,172,169,859144]
[20160614,177,170,179,169,1518426]
[20160613,174,178,181,173,1133136]
[20160608,176,175,178,172,1137272]
[20160607,175,175,178,173,1210746]
[20160606,167,175,175,166,1512946]
[20160603,164,166,167,163,1012080]
[20160602,164,164,167,163,1050208]
[20160601,164,164,166,162,1323014]
[20160531,166,163,168,163,1830848]
[20160530,166,165,168,158,2141392]
[20160527,165,167,169,159,2933162]
[20160526,163,164,166,161,1889844]
[20160525,168,164,169,162,1447400]
[20160524,168,168,168,164,1260388]
[20160523,179,166,180,166,2044158]
[20160520,173,176,180,173,1706082]
[20160519,177,174,180,173,1617860]
[20160518,183,175,187,175,2173258]
[20160517,176,182,185,174,1665282]
[20160516,173,176,178,172,1582822]
[20160513,177,174,178,172,1868794]
[20160512,184,178,185,177,1559284]
[20160511,185,183,187,179,1911708]
[20160510,182,185,186,181,1865296]
[20160509,199,185,203,185,2488284]
[20160506,197,199,200,192,2182918]
[20160505,208,197,209,195,1998158]
[20160504,208,207,211,203,1639578]
[20160503,220,209,220,205,1148462]
[20160429,213,212,220,213,1565320]
[20160428,207,216,213,202,2112298]
[20160427,217,206,217,206,2129624]
[20160426,223,215,225,214,3007872]
[20160425,223,222,239,219,4527518]
[20160422,229,230,235,218,5930458]
[20160421,218,225,226,214,5835272]
[20160420,207,217,216,207,6391486]
[20160419,203,209,207,202,6209620]
[20160418,194,204,207,192,5716858]
[20160415,198,195,200,193,6367440]
[20160414,200,199,206,198,5723352]
[20160413,197,199,202,196,5409626]
[20160412,186,197,195,185,5244784]
[20160411,180,187,188,180,4483780]
[20160408,179,181,181,177,2526526]
[20160407,178,178,182,178,2780696]
[20160406,182,179,183,175,3323050]
[20160405,185,182,185,177,2757344]
[20160401,181,180,186,181,3966980]
[20160331,180,182,183,177,4097550]
[20160330,181,181,184,178,5309436]
[20160329,181,180,183,177,4662152]
[20160328,187,182,191,180,5701212]
[20160325,183,189,187,183,3426404]
[20160324,195,185,195,186,5022936]
[20160323,198,192,202,194,4855448]
[20160322,202,195,203,197,4543938]
[20160321,198,201,207,197,3795476]
[20160318,192,199,199,191,3596764]
[20160317,185,193,192,183,4164888]
[20160316,181,185,186,181,3045264]
[20160315,185,183,189,181,4501178]
[20160314,185,188,200,184,5074372]
[20160311,191,186,194,187,4655592]
[20160310,187,192,196,187,6505398]
[20160309,191,196,192,180,6511284]
[20160308,186,188,186,184,1987344]
[20160307,175,186,179,174,1879820]
[20160304,169,175,175,167,5642644]
[20160303,171,168,172,168,3551754]
[20160302,167,171,171,166,4628836]
[20160301,163,167,168,162,5402340]
[20160229,161,164,163,159,4019480]
[20160226,163,160,163,159,3687130]
[20160225,164,162,166,162,3822844]
[20160224,162,163,165,162,4174050]
[20160223,163,163,167,161,4174842]
[20160222,155,163,161,155,2372342]
[20160219,152,156,156,151,3054462]
[20160218,150,152,152,148,2092624]
[20160217,150,150,151,149,2146932]
[20160216,150,150,150,149,1412316]
[20160215,145,150,151,145,1200758]
[20160205,150,147,150,146,1564832]
[20160204,145,149,150,145,3085574]
[20160203,144,146,146,143,1959444]
[20160202,143,144,144,142,2492386]
[20160201,142,143,145,142,3152004]
[20160129,141,143,142,140,2195166]
[20160128,143,141,144,140,3159428]
[20160127,141,143,144,140,2952128]
[20160126,138,140,141,137,2215028]
[20160125,139,137,141,138,2386924]
[20160122,138,139,143,138,3567286]
[20160121,138,139,139,137,2151808]
[20160120,142,138,142,138,1878492]
[20160119,141,141,143,140,1985928]
[20160118,135,141,142,134,3816782]
[20160115,134,134,137,134,2556294]
[20160114,133,135,134,131,2095274]
[20160113,132,133,135,131,1658750]
[20160112,135,133,135,132,1766676]
[20160111,137,135,138,134,1989310]
[20160108,141,138,141,137,2392186]
[20160107,140,139,142,140,2148216]
[20160106,143,140,143,139,2727054]
[20160105,141,143,144,141,2416874]
[20160104,144,141,144,141,2504618]
[20151231,141,143,146,141,3613292]
[20151230,139,141,143,139,3122428]
[20151229,136,139,139,136,2779182]
[20151228,134,136,137,134,2378996]
[20151225,134,135,135,134,730500]
[20151224,133,134,136,133,2015138]
[20151223,135,134,136,133,1903036]
[20151222,136,135,137,133,2517086]
[20151221,133,136,137,132,3653646]
[20151218,129,133,133,129,2362876]
[20151217,130,129,131,129,2107590]
[20151216,127,129,129,127,1506688]
[20151215,128,127,131,127,2880534]
[20151214,127,128,129,125,2216746]
[20151211,125,126,127,124,1475818]
[20151210,127,125,127,124,1505218]
[20151209,126,127,127,125,1100322]
[20151208,129,127,129,125,1544974]
[20151207,128,129,130,127,1897382]
[20151204,128,128,129,125,2623552]
[20151203,129,128,131,127,1939196]
[20151202,128,129,131,127,2874750]
[20151201,129,128,130,128,1465044]
[20151130,133,130,134,129,1869786]
[20151127,135,133,136,133,1308800]
[20151126,134,135,141,133,2955814]
[20151125,132,134,136,132,1690210]
[20151124,132,133,134,131,2104684]
[20151123,132,132,133,131,1023166]
[20151120,130,132,133,130,1442814]
[20151119,133,130,133,129,1856076]
[20151118,134,132,134,131,1304442]
[20151117,138,134,138,134,2170386]
[20151116,138,138,140,137,1357672]
[20151113,137,138,139,136,1283630]
[20151112,136,137,138,136,1195402]
[20151111,137,136,138,136,935200]
[20151110,138,137,138,136,1229974]
[20151109,137,138,139,135,2032234]
[20151106,136,137,138,135,1819536]
[20151105,139,135,140,136,1949448]
[20151104,137,139,139,137,1838644]
[20151103,141,137,141,136,3307284]
[20151102,143,141,144,141,1804540]
[20151030,142,143,144,141,2536610]
[20151029,141,142,142,140,2146722]
[20151028,145,141,145,141,2111846]
[20151027,144,145,145,143,2030176]
[20151026,146,145,146,144,1551732]
[20151023,145,145,146,143,1653728]
[20151022,144,145,146,143,1879366]
[20151021,147,144,147,144,2530510]
[20151020,146,147,148,146,1979038]
[20151019,145,146,147,145,2022210]
[20151016,147,146,148,145,2332286]
[20151015,148,147,149,147,1796886]
[20151014,148,148,150,148,2037228]
[20151013,150,148,150,147,1998626]
[20151012,154,149,154,149,2662436]
[20151009,147,153,155,147,2329222]
[20151008,146,148,150,145,1173742]
[20150930,145,146,146,144,860378]
[20150929,144,145,146,142,2056506]
[20150928,150,145,150,145,1880622]
[20150925,149,149,153,148,2957972]
[20150924,149,148,150,148,1245656]
[20150923,151,149,151,147,3253502]
[20150922,154,151,155,150,2532978]
[20150921,153,154,155,153,2089056]
[20150918,155,154,156,153,2159964]
[20150917,157,155,157,154,2949784]
[20150916,155,155,157,154,3083902]
[20150915,158,154,159,154,2493120]
[20150914,161,158,162,158,2558528]
[20150911,161,161,165,160,3593096]
[20150910,157,163,163,156,4416612]
[20150909,154,157,159,153,4291640]
[20150908,152,153,153,149,2141576]
[20150907,155,151,155,151,1413638]
[20150902,153,154,155,152,1532250]
[20150901,153,154,156,151,2416538]
[20150831,152,153,155,149,2447148]
[20150828,147,150,151,147,1325208]
[20150827,143,147,147,142,1720612]
[20150826,145,143,148,143,1861146]
[20150825,142,145,144,140,3078018]
[20150824,150,142,150,143,2214310]
[20150821,149,149,150,148,1517170]
[20150820,149,148,150,147,1988602]
[20150819,151,149,152,147,2662282]
[20150818,150,151,153,150,1693346]
[20150817,152,151,154,150,1951952]
[20150814,153,153,153,151,1579582]
[20150813,149,152,153,149,3140428]
[20150812,147,150,149,146,2302052]
[20150811,146,147,151,146,2769710]
[20150810,146,146,147,145,1597080]
[20150807,147,146,148,145,2104942]
[20150806,149,147,149,147,1926416]
[20150805,145,148,149,145,3001856]
[20150804,143,146,145,142,2185410]
[20150803,145,143,149,143,3400924]
[20150430,143,146,147,143,2067760]
[20150429,150,143,150,145,1698358]
[20150428,152,149,153,148,1985880]
[20150427,147,153,153,147,2621722]
[20150424,141,148,146,141,2188584]
[20150423,141,142,142,138,1532212]
[20150422,136,141,140,135,1198472]
[20150421,135,136,137,132,1254592]
[20150420,138,134,139,135,1311578]
[20150417,139,138,141,137,1099520]
[20150416,136,140,140,136,911088]
[20150415,140,136,141,135,982540]
[20150414,137,139,140,136,1398882]
[20150413,130,137,136,130,1841258]
[20150410,132,131,132,129,1178658]
[20150409,137,132,138,131,1326302]
[20150408,136,136,138,132,1424100]
[20150407,133,136,136,133,710272]
[20150403,131,135,136,130,1681838]
[20150402,136,131,136,133,1161020]
[20150401,140,135,141,137,1331148]
