[20210830,2640,2645,2719,2640,299945]
[20210827,2611,2671,2657,2603,290355]
[20210826,2715,2620,2745,2611,352888]
[20210825,2741,2718,2758,2680,292916]
[20210824,2772,2703,2798,2731,263309]
[20210823,2672,2741,2776,2660,368164]
[20210820,2674,2710,2685,2627,304067]
[20210819,2735,2655,2740,2621,523430]
[20210818,2761,2740,2791,2703,351001]
[20210817,2747,2767,2779,2719,262679]
[20210816,2724,2745,2798,2719,338927]
[20210813,2722,2740,2758,2694,367036]
[20210812,2862,2728,2875,2721,441956]
[20210811,2868,2833,2889,2838,214415]
[20210810,2764,2862,2872,2751,328652]
[20210809,2714,2769,2786,2706,361698]
[20210806,2681,2743,2729,2666,317388]
[20210805,2781,2668,2787,2674,431535]
[20210804,2725,2766,2797,2713,362095]
[20210803,2814,2754,2814,2724,403983]
[20210802,2894,2769,2894,2794,469485]
[20210730,2885,2865,2905,2840,403786]
[20210729,2848,2875,2907,2844,347318]
[20210728,2797,2860,2859,2797,336705]
[20210727,2911,2820,2941,2783,588254]
[20210726,3017,2921,3017,2868,629309]
[20210723,3034,2941,3082,3015,243011]
[20210722,2984,3034,3054,2973,243062]
[20210721,3002,2994,3048,2983,219021]
[20210720,3017,3025,3024,2959,335992]
[20210719,3049,2989,3139,3016,548161]
[20210716,2991,3070,3056,2987,405656]
[20210715,3048,3012,3048,2951,580666]
[20210714,2982,3032,3050,2971,509947]
[20210713,2921,2991,2984,2915,459321]
[20210712,2872,2927,2945,2865,510108]
[20210709,2880,2872,2880,2830,400449]
[20210708,2841,2868,2895,2836,566266]
[20210707,2841,2853,2864,2806,445987]
[20210706,2792,2840,2854,2791,456633]
[20210705,2814,2803,2816,2763,373945]
[20210702,2761,2797,2816,2750,397526]
[20210701,2794,2776,2844,2744,637535]
[20210630,2788,2801,2815,2768,391885]
[20210629,2786,2802,2811,2766,395384]
[20210628,2821,2792,2826,2766,408035]
[20210625,2758,2810,2823,2749,460455]
[20210624,2666,2755,2771,2662,662461]
[20210623,2665,2683,2699,2652,424085]
[20210622,2603,2674,2673,2586,544833]
[20210621,2605,2593,2655,2600,608694]
[20210618,2631,2624,2645,2579,525924]
[20210617,2575,2630,2639,2564,550663]
[20210616,2626,2579,2640,2570,537966]
[20210615,2689,2617,2689,2603,338866]
[20210611,2624,2644,2701,2624,502036]
[20210610,2616,2645,2666,2583,561923]
[20210609,2614,2605,2644,2586,502871]
[20210608,2609,2605,2624,2546,719451]
[20210607,2663,2608,2720,2606,781977]
[20210604,2654,2664,2686,2590,794621]
[20210603,2634,2641,2701,2626,700843]
[20210602,2670,2638,2730,2619,807979]
[20210601,2668,2674,2696,2632,597574]
[20210531,2610,2641,2706,2581,1034056]
[20210528,2529,2599,2625,2513,1032575]
[20210527,2557,2522,2557,2452,1420036]
[20210526,2599,2543,2614,2540,1002605]
[20210525,2568,2557,2636,2568,1060136]
[20210524,2539,2605,2599,2440,1681048]
[20210521,2616,2512,2626,2534,1483500]
[20210520,2645,2601,2645,2485,1748951]
[20210519,2782,2566,2796,2611,1538775]
[20210518,2726,2769,2789,2708,1215687]
[20210517,2730,2718,2836,2674,2159707]
[20210514,2825,2763,2852,2666,2302156]
[20210513,2871,2815,2922,2742,2293713]
[20210512,2760,2845,2875,2738,1927776]
[20210511,2663,2768,2816,2610,2132134]
[20210510,2530,2661,2663,2508,1758516]
[20210507,2507,2521,2544,2487,1087423]
[20210506,2405,2487,2520,2405,775172]
[20210430,2361,2463,2405,2342,1179346]
[20210429,2314,2365,2368,2312,1551811]
[20210428,2299,2325,2318,2281,923792]
[20210427,2260,2298,2305,2248,915064]
[20210426,2247,2257,2275,2220,1103767]
[20210423,2221,2234,2256,2219,802997]
[20210422,2232,2228,2267,2210,1243752]
[20210421,2248,2224,2248,2205,932233]
[20210420,2217,2236,2247,2207,758546]
[20210419,2212,2210,2230,2184,889108]
[20210416,2192,2206,2216,2181,867326]
[20210415,2160,2186,2196,2147,1115316]
[20210414,2142,2154,2158,2132,712811]
[20210413,2132,2141,2163,2118,909444]
[20210412,2080,2121,2128,2070,1133229]
[20210409,2143,2086,2145,2068,1017606]
[20210408,2125,2136,2158,2119,630696]
[20210407,2163,2137,2167,2112,364965]
[20210406,2125,2143,2184,2118,247380]
[20210402,2120,2179,2143,2086,682390]
[20210401,2103,2105,2147,2099,548679]
[20210331,2138,2109,2148,2097,662718]
[20210330,2128,2142,2155,2112,685462]
[20210329,2135,2122,2146,2107,704721]
[20210326,2047,2132,2137,2035,798490]
[20210325,2052,2041,2066,2031,564454]
[20210324,2073,2059,2085,2012,842898]
[20210323,2094,2068,2105,2071,610234]
[20210322,2054,2088,2120,2054,718672]
[20210319,2087,2064,2097,2044,766532]
[20210318,2070,2079,2096,2062,791544]
[20210317,1994,2075,2076,1980,850744]
[20210316,2019,2009,2045,1982,889002]
[20210315,1973,2027,2027,1942,818997]
[20210312,1985,1952,1998,1956,673939]
[20210311,2044,1990,2047,1924,1828784]
[20210310,2031,2012,2047,2002,1180659]
[20210309,2074,2018,2081,2008,1734128]
[20210308,2123,2078,2162,2069,2139239]
[20210305,2082,2127,2133,2050,2093369]
[20210304,2097,2082,2110,2063,1523679]
[20210303,2103,2089,2153,2084,1294792]
[20210302,2074,2116,2101,2049,973861]
[20210301,2043,2073,2121,2038,1097470]
[20210226,2065,2053,2080,2028,1006732]
[20210225,1998,2059,2073,1980,1019839]
[20210224,1972,1988,1995,1956,696731]
[20210223,1958,1975,1996,1955,842743]
[20210222,1912,1967,1980,1908,797295]
[20210219,1926,1913,1926,1892,461368]
[20210218,1923,1918,1934,1917,206451]
[20210210,1864,1928,1925,1843,487897]
[20210209,1842,1857,1871,1837,480217]
[20210208,1841,1842,1853,1824,640952]
[20210205,1819,1831,1844,1810,675256]
[20210204,1777,1811,1822,1766,774692]
[20210203,1770,1773,1782,1757,678231]
[20210202,1806,1774,1821,1767,860434]
[20210201,1787,1818,1836,1783,1015820]
[20210129,1792,1787,1797,1776,764039]
[20210128,1777,1782,1796,1770,829845]
[20210127,1761,1787,1781,1757,648539]
[20210126,1804,1764,1810,1756,982546]
[20210125,1774,1797,1807,1748,1496786]
[20210122,1758,1770,1789,1754,1027876]
[20210121,1741,1757,1767,1724,868456]
[20210120,1732,1732,1745,1722,684710]
[20210119,1740,1730,1744,1717,746599]
[20210118,1701,1729,1746,1688,933663]
[20210115,1697,1704,1716,1685,876224]
[20210114,1736,1694,1741,1693,970861]
[20210113,1782,1729,1783,1737,873076]
[20210112,1791,1770,1792,1754,939304]
[20210111,1772,1776,1799,1739,1116642]
[20210108,1790,1776,1817,1770,1052187]
[20210107,1802,1804,1809,1781,845715]
[20210106,1841,1802,1842,1798,1067525]
[20210105,1865,1816,1883,1835,846183]
[20210104,1844,1882,1881,1829,523406]
[20201231,1852,1833,1867,1827,1011203]
[20201230,1866,1855,1866,1845,648745]
[20201229,1856,1855,1871,1834,882493]
[20201228,1922,1849,1927,1843,1129019]
[20201225,1908,1918,1923,1888,901828]
[20201224,1948,1901,1961,1905,820710]
[20201223,1940,1956,1956,1899,1197442]
[20201222,1980,1954,1988,1935,1028780]
[20201221,1953,1963,2000,1929,1139989]
[20201218,1919,1948,1970,1919,1087411]
[20201217,1916,1938,1923,1888,985602]
[20201216,1919,1916,1947,1887,1389150]
[20201215,1896,1939,1921,1873,991990]
[20201214,1919,1888,1979,1885,1387611]
[20201211,1900,1926,1954,1899,734105]
[20201210,1898,1926,1925,1884,829114]
[20201209,1881,1911,1940,1874,1077687]
[20201208,1848,1881,1883,1844,702539]
[20201207,1798,1854,1862,1792,1032620]
[20201204,1777,1810,1798,1752,649969]
[20201203,1781,1779,1796,1770,421775]
[20201202,1740,1790,1785,1740,798359]
[20201201,1751,1759,1755,1736,450402]
[20201130,1758,1748,1774,1741,683673]
[20201127,1755,1760,1778,1749,675530]
[20201126,1748,1757,1760,1733,769725]
[20201125,1760,1750,1772,1737,800424]
[20201124,1759,1770,1764,1740,745334]
[20201123,1789,1755,1807,1758,1063665]
[20201120,1784,1794,1804,1775,1022856]
[20201119,1748,1779,1794,1742,1189650]
[20201118,1765,1744,1768,1727,852586]
[20201117,1768,1758,1772,1747,731987]
[20201116,1748,1764,1774,1739,1106444]
[20201113,1737,1750,1751,1729,840857]
[20201112,1722,1738,1738,1709,923575]
[20201111,1690,1726,1726,1682,1191961]
[20201110,1689,1696,1699,1670,779843]
[20201109,1667,1673,1685,1664,736541]
[20201106,1651,1674,1705,1650,1606453]
[20201105,1652,1665,1654,1632,592626]
[20201104,1650,1651,1667,1644,666025]
[20201103,1658,1655,1677,1643,728557]
[20201102,1656,1662,1684,1651,762668]
[20201030,1620,1662,1667,1614,1033592]
[20201029,1640,1628,1651,1626,795853]
[20201028,1671,1637,1677,1644,881396]
[20201027,1637,1672,1672,1637,1025432]
[20201026,1629,1649,1640,1611,1045775]
[20201023,1633,1632,1646,1618,931734]
[20201022,1615,1636,1641,1605,1036401]
[20201021,1634,1613,1636,1605,897102]
[20201020,1633,1629,1637,1599,1253758]
[20201019,1649,1628,1660,1619,1103105]
[20201016,1629,1639,1650,1622,730192]
[20201015,1657,1633,1664,1632,1234193]
[20201014,1672,1648,1677,1644,1001309]
[20201013,1705,1674,1705,1661,1070263]
[20201012,1668,1696,1709,1656,1065938]
[20201009,1652,1661,1674,1649,474582]
[20200930,1620,1656,1678,1609,1334044]
[20200929,1598,1612,1620,1595,1076162]
[20200928,1587,1603,1623,1585,1972565]
[20200925,1592,1588,1596,1564,1263515]
[20200924,1591,1586,1604,1569,1807409]
[20200923,1578,1584,1602,1550,2093533]
[20200922,1550,1591,1585,1527,1688222]
[20200921,1584,1548,1593,1534,1571185]
[20200918,1567,1589,1607,1557,1900395]
[20200917,1576,1567,1583,1551,1084640]
[20200916,1570,1576,1585,1555,1730545]
[20200915,1601,1567,1616,1549,2669497]
[20200914,1646,1610,1652,1597,2014450]
[20200911,1636,1641,1653,1617,1931493]
[20200910,1679,1642,1687,1628,1799866]
[20200909,1648,1682,1693,1630,1913451]
[20200908,1677,1639,1684,1657,1196087]
[20200907,1669,1672,1697,1649,1818428]
[20200904,1707,1678,1714,1656,2034172]
[20200903,1742,1705,1774,1705,2058513]
[20200902,1733,1737,1759,1724,1359645]
[20200901,1764,1732,1773,1729,1379756]
[20200831,1738,1764,1782,1733,1957232]
[20200828,1663,1738,1740,1659,2027481]
[20200827,1643,1678,1682,1628,1643507]
[20200826,1632,1635,1645,1609,1164402]
[20200825,1686,1616,1686,1622,1478296]
[20200824,1648,1670,1689,1635,1144304]
[20200821,1753,1645,1755,1657,2012771]
[20200820,1757,1743,1759,1727,1015113]
[20200819,1771,1756,1775,1750,994247]
[20200818,1758,1755,1795,1757,1288406]
[20200817,1739,1777,1767,1725,1123791]
[20200814,1766,1737,1769,1744,886353]
[20200813,1761,1755,1785,1728,1783973]
[20200812,1772,1762,1787,1696,1733814]
[20200811,1690,1764,1779,1684,705479]
[20200810,1718,1704,1723,1664,652565]
[20200807,1678,1712,1723,1671,677115]
[20200806,1640,1682,1694,1631,661482]
[20200805,1641,1651,1649,1617,459665]
[20200804,1590,1634,1645,1588,783737]
[20200803,1550,1600,1585,1534,562307]
[20200731,1519,1540,1551,1506,459931]
[20200730,1517,1518,1528,1513,307110]
[20200729,1524,1514,1548,1497,713933]
[20200728,1504,1542,1527,1503,369781]
[20200727,1500,1516,1542,1500,564495]
[20200724,1524,1524,1524,1489,649265]
[20200723,1539,1510,1569,1496,1018855]
[20200722,1527,1561,1578,1523,838422]
[20200721,1486,1533,1532,1484,463458]
[20200720,1483,1507,1489,1472,276400]
[20200717,1448,1486,1498,1446,538931]
[20200716,1448,1450,1454,1440,203572]
[20200715,1447,1445,1458,1439,210906]
[20200714,1440,1449,1464,1434,386248]
[20200713,1394,1445,1449,1393,447503]
[20200710,1391,1397,1400,1387,185552]
[20200709,1387,1393,1400,1381,185569]
[20200708,1377,1384,1390,1374,145148]
[20200707,1363,1376,1384,1356,264436]
[20200706,1344,1358,1363,1344,132019]
[20200703,1358,1349,1358,1344,121662]
[20200702,1345,1353,1358,1342,163688]
[20200701,1337,1344,1349,1335,129993]
[20200630,1336,1336,1343,1329,169673]
[20200629,1339,1333,1339,1328,95527]
[20200624,1318,1335,1342,1314,279367]
[20200623,1312,1316,1317,1309,110815]
[20200622,1316,1315,1322,1310,109485]
[20200619,1304,1316,1317,1304,147547]
[20200618,1312,1307,1316,1306,125114]
[20200617,1313,1310,1313,1297,179172]
[20200616,1315,1306,1319,1309,129893]
[20200615,1314,1314,1324,1306,237579]
[20200612,1302,1316,1324,1298,345012]
[20200611,1285,1305,1312,1282,298202]
[20200610,1284,1288,1295,1280,187057]
[20200609,1299,1283,1303,1276,290972]
[20200608,1302,1291,1306,1288,164211]
[20200605,1293,1295,1303,1284,200219]
[20200604,1300,1294,1306,1290,193559]
[20200603,1308,1302,1311,1296,168117]
[20200602,1292,1308,1315,1289,205629]
[20200601,1292,1293,1308,1289,312994]
[20200529,1428,1293,1436,1412,252778]
[20200528,1420,1433,1431,1414,201241]
[20200527,1432,1430,1432,1416,225811]
[20200526,1428,1419,1441,1423,328983]
[20200525,1367,1431,1430,1365,487566]
[20200522,1388,1372,1393,1361,283076]
[20200521,1379,1387,1391,1372,173527]
[20200520,1381,1373,1387,1370,200886]
[20200519,1370,1375,1396,1370,275982]
[20200518,1348,1390,1374,1344,239910]
[20200515,1361,1350,1368,1337,302995]
[20200514,1366,1359,1376,1352,288012]
[20200513,1345,1375,1381,1341,411876]
[20200512,1341,1345,1347,1333,176450]
[20200511,1312,1338,1346,1310,340139]
[20200508,1315,1314,1325,1305,229021]
[20200507,1293,1310,1312,1290,206878]
[20200506,1277,1293,1302,1270,168114]
[20200430,1273,1275,1277,1258,107376]
[20200429,1254,1273,1273,1249,186709]
[20200428,1248,1254,1256,1239,125664]
[20200427,1254,1254,1272,1244,233070]
[20200424,1238,1263,1253,1237,190175]
[20200423,1244,1239,1260,1226,265421]
[20200422,1225,1254,1247,1221,179576]
[20200421,1251,1235,1254,1219,245622]
[20200420,1274,1235,1276,1247,195291]
[20200417,1230,1263,1279,1228,450176]
[20200416,1241,1249,1242,1217,214245]
[20200415,1208,1228,1255,1208,515484]
[20200414,1202,1220,1225,1190,178172]
[20200413,1244,1196,1253,1177,311198]
[20200410,1238,1242,1260,1238,126236]
[20200409,1246,1247,1254,1232,131452]
[20200408,1235,1250,1249,1232,110579]
[20200407,1230,1235,1248,1218,161223]
[20200403,1265,1235,1266,1219,187917]
[20200402,1273,1259,1283,1237,237063]
[20200401,1291,1276,1296,1274,62119]
[20200331,1294,1288,1304,1287,59576]
[20200330,1275,1301,1299,1271,76494]
[20200327,1287,1272,1292,1269,65333]
[20200326,1298,1288,1298,1280,62563]
[20200325,1321,1290,1323,1294,80574]
[20200324,1304,1318,1310,1286,83352]
[20200323,1325,1307,1325,1289,116720]
[20200320,1337,1312,1346,1325,70197]
[20200319,1347,1335,1348,1297,201972]
[20200318,1357,1336,1363,1341,77696]
[20200317,1347,1359,1361,1344,85257]
[20200316,1358,1344,1372,1349,78586]
[20200313,1384,1366,1393,1347,203829]
[20200312,1384,1387,1397,1378,64461]
[20200311,1392,1385,1398,1381,64866]
[20200310,1381,1386,1396,1380,59061]
[20200309,1368,1387,1386,1356,93270]
[20200306,1389,1377,1403,1387,60730]
[20200305,1399,1390,1408,1386,89326]
[20200304,1404,1399,1405,1394,60806]
[20200303,1421,1398,1431,1398,108639]
[20200302,1405,1419,1434,1403,111288]
[20200228,1406,1409,1415,1388,143880]
[20200227,1426,1407,1429,1418,55985]
[20200226,1429,1421,1437,1425,63647]
[20200225,1431,1436,1452,1429,105685]
[20200224,1432,1436,1443,1422,107585]
[20200221,1429,1430,1443,1429,80360]
[20200220,1412,1433,1435,1410,146767]
[20200219,1411,1415,1418,1410,34259]
[20200218,1414,1413,1415,1404,68008]
[20200217,1404,1407,1418,1402,55908]
[20200214,1407,1404,1414,1398,53636]
[20200213,1432,1409,1434,1403,117348]
[20200212,1430,1429,1435,1423,61044]
[20200211,1429,1428,1442,1428,73459]
[20200210,1418,1436,1431,1415,53802]
[20200207,1416,1424,1427,1415,41552]
[20200206,1396,1419,1440,1391,185643]
[20200205,1393,1395,1403,1388,109239]
[20200204,1388,1395,1408,1378,148338]
[20200203,1422,1397,1423,1387,88835]
[20200123,1505,1419,1505,1391,134037]
[20200122,1501,1501,1510,1491,101877]
[20200121,1511,1497,1511,1499,67017]
[20200120,1512,1510,1516,1500,73655]
[20200117,1510,1512,1515,1509,35617]
[20200116,1510,1512,1518,1504,71300]
[20200115,1505,1507,1534,1505,68167]
[20200114,1499,1510,1503,1498,44237]
[20200113,1508,1498,1511,1496,101697]
[20200110,1509,1503,1518,1509,53463]
[20200109,1515,1511,1517,1508,71003]
[20200108,1512,1514,1522,1512,58013]
[20200107,1516,1516,1518,1511,51985]
[20200106,1515,1514,1521,1507,111246]
[20200103,1495,1512,1515,1493,130308]
[20200102,1491,1496,1497,1483,56478]
[20191231,1490,1488,1500,1479,171803]
[20191230,1487,1491,1495,1487,91278]
[20191227,1476,1487,1496,1476,175864]
[20191226,1476,1480,1482,1473,53284]
[20191225,1484,1475,1484,1472,74608]
[20191224,1471,1479,1485,1470,130732]
[20191223,1475,1473,1479,1467,98188]
[20191220,1477,1476,1480,1470,93626]
[20191219,1482,1474,1483,1475,123652]
[20191218,1461,1479,1490,1458,369604]
[20191217,1468,1462,1469,1458,95074]
[20191216,1469,1466,1470,1459,107954]
[20191213,1463,1462,1471,1458,134106]
[20191212,1466,1462,1467,1452,143386]
[20191211,1467,1462,1471,1460,106856]
[20191210,1457,1464,1475,1451,202864]
[20191209,1421,1454,1461,1421,191744]
[20191206,1416,1425,1426,1415,112466]
[20191205,1431,1420,1434,1413,163374]
[20191204,1424,1431,1434,1422,155786]
[20191203,1422,1423,1428,1420,110940]
[20191202,1422,1423,1427,1420,111064]
[20191129,1423,1423,1432,1420,185020]
[20191128,1424,1423,1427,1419,134554]
[20191127,1410,1422,1428,1400,355432]
[20191126,1411,1407,1412,1406,129680]
[20191125,1407,1407,1417,1401,256028]
[20191122,1400,1406,1411,1398,257182]
[20191121,1437,1400,1439,1402,437642]
[20191120,1440,1435,1443,1434,159848]
[20191119,1440,1440,1447,1435,347658]
[20191118,1445,1439,1448,1431,287920]
[20191115,1450,1443,1454,1445,192782]
[20191114,1435,1449,1449,1432,212816]
[20191113,1434,1433,1450,1413,547552]
[20191112,1435,1440,1440,1427,246256]
[20191111,1455,1429,1461,1431,611696]
[20191108,1448,1454,1455,1445,277868]
[20191107,1444,1447,1449,1438,231264]
[20191106,1448,1446,1458,1440,378186]
[20191105,1442,1454,1450,1441,186614]
[20191104,1451,1445,1455,1440,252076]
[20191101,1443,1448,1456,1433,488488]
[20191031,1438,1443,1448,1431,345924]
[20191030,1445,1439,1450,1437,267716]
[20191029,1446,1443,1457,1434,431998]
[20191028,1458,1451,1460,1446,412678]
[20191025,1473,1452,1473,1444,713390]
[20191024,1469,1459,1473,1460,366222]
[20191023,1459,1467,1477,1452,579730]
[20191022,1473,1457,1473,1448,535136]
[20191021,1451,1460,1472,1442,947088]
[20191018,1392,1447,1452,1390,1228708]
[20191017,1410,1398,1415,1394,485178]
[20191016,1415,1409,1423,1403,364344]
[20191015,1409,1412,1417,1403,232064]
[20191014,1416,1405,1420,1406,220804]
[20191011,1407,1414,1416,1402,221634]
[20191010,1404,1406,1423,1392,342202]
[20191009,1409,1413,1410,1395,206486]
[20191008,1405,1402,1414,1398,78858]
[20190930,1398,1404,1417,1393,233320]
[20190927,1393,1394,1409,1389,337198]
[20190926,1367,1398,1390,1361,229740]
[20190925,1362,1363,1371,1357,178380]
[20190924,1394,1365,1396,1349,385146]
[20190923,1393,1390,1395,1379,225580]
[20190920,1401,1386,1407,1388,177056]
[20190919,1414,1403,1415,1395,269834]
[20190918,1409,1410,1421,1405,190700]
[20190917,1421,1410,1421,1401,222464]
[20190916,1415,1414,1425,1409,171380]
[20190912,1382,1417,1437,1382,900834]
[20190911,1384,1384,1390,1378,185068]
[20190910,1386,1383,1386,1375,101324]
[20190909,1367,1380,1386,1364,205030]
[20190906,1366,1369,1375,1364,126728]
[20190905,1372,1369,1377,1366,182746]
[20190904,1344,1370,1373,1340,234356]
[20190903,1351,1346,1356,1344,103364]
[20190902,1338,1352,1352,1336,173820]
[20190830,1338,1341,1352,1332,273560]
[20190829,1348,1341,1353,1337,143386]
[20190828,1346,1348,1353,1331,222786]
[20190827,1348,1345,1357,1342,185874]
[20190826,1360,1352,1367,1341,243420]
[20190823,1376,1363,1379,1354,305520]
[20190822,1383,1375,1384,1374,158806]
[20190821,1390,1376,1391,1373,243752]
[20190820,1389,1387,1395,1384,108256]
[20190819,1384,1390,1394,1381,159810]
[20190816,1380,1382,1396,1380,189810]
[20190815,1376,1384,1387,1369,241770]
[20190814,1359,1373,1375,1356,216456]
[20190813,1368,1363,1369,1352,142854]
[20190812,1343,1362,1374,1338,249808]
[20190809,1339,1340,1347,1327,176170]
[20190808,1338,1344,1354,1326,145698]
[20190807,1347,1337,1347,1326,210238]
[20190806,1345,1342,1350,1341,106222]
[20190805,1329,1343,1352,1327,194728]
[20190802,1335,1330,1336,1323,172934]
[20190801,1334,1329,1339,1331,105484]
[20190731,1332,1333,1344,1328,181696]
[20190730,1337,1333,1342,1330,163014]
[20190729,1356,1337,1356,1332,207828]
[20190726,1352,1350,1361,1347,128956]
[20190725,1348,1352,1357,1341,182550]
[20190724,1339,1346,1348,1331,189208]
[20190723,1334,1334,1342,1330,111244]
[20190722,1353,1333,1355,1334,232828]
[20190719,1344,1350,1357,1342,148908]
[20190718,1359,1345,1361,1344,122462]
[20190717,1356,1354,1360,1348,127886]
[20190716,1347,1355,1361,1347,128786]
[20190715,1344,1353,1355,1333,204692]
[20190712,1344,1340,1344,1336,146530]
[20190711,1345,1343,1349,1341,143184]
[20190710,1356,1342,1356,1325,415884]
[20190709,1347,1354,1366,1347,226522]
[20190708,1339,1363,1347,1338,158164]
[20190705,1347,1342,1353,1333,251722]
[20190704,1346,1346,1350,1337,193668]
[20190703,1361,1343,1369,1338,320738]
[20190702,1360,1366,1375,1358,269724]
[20190701,1347,1360,1365,1345,171202]
[20190628,1353,1349,1366,1345,225404]
[20190627,1358,1354,1363,1351,178364]
[20190626,1346,1361,1372,1341,452436]
[20190625,1344,1344,1348,1342,117564]
[20190624,1343,1347,1352,1339,157858]
[20190621,1345,1339,1348,1338,181724]
[20190620,1337,1343,1354,1331,402482]
[20190619,1328,1334,1340,1322,284490]
[20190618,1318,1332,1331,1315,245200]
[20190617,1326,1318,1331,1314,271030]
[20190614,1324,1321,1330,1316,229414]
[20190613,1309,1319,1328,1309,331818]
[20190612,1336,1316,1344,1306,573918]
[20190611,1275,1329,1323,1275,536034]
[20190610,1272,1295,1275,1266,100144]
[20190606,1243,1270,1282,1235,343524]
[20190605,1239,1245,1250,1238,137504]
[20190604,1245,1240,1246,1228,224078]
[20190603,1244,1241,1252,1233,210450]
[20190531,1249,1237,1254,1237,211458]
[20190530,1249,1243,1273,1244,309390]
[20190529,1257,1254,1259,1249,143722]
[20190528,1269,1258,1270,1250,250794]
[20190527,1262,1260,1290,1262,266018]
[20190524,1262,1271,1270,1254,187896]
[20190523,1284,1263,1288,1262,226626]
[20190522,1271,1281,1290,1261,247858]
[20190521,1267,1271,1281,1262,133714]
[20190520,1271,1263,1273,1262,137742]
[20190517,1262,1267,1278,1259,160170]
[20190516,1259,1262,1270,1254,156172]
[20190515,1234,1258,1262,1231,206050]
[20190514,1243,1233,1243,1231,120530]
[20190513,1231,1237,1243,1225,152070]
[20190510,1225,1233,1231,1222,93558]
[20190509,1209,1223,1229,1207,141408]
[20190508,1206,1211,1214,1203,86752]
[20190507,1213,1204,1215,1205,140300]
[20190506,1221,1207,1236,1209,125248]
[20190430,1224,1222,1231,1218,89948]
[20190429,1230,1224,1233,1221,82034]
[20190426,1224,1228,1237,1215,148176]
[20190425,1228,1228,1233,1223,84228]
[20190424,1227,1225,1232,1222,83642]
[20190423,1224,1223,1235,1220,133734]
[20190422,1212,1225,1230,1209,151778]
[20190419,1195,1210,1214,1189,100076]
[20190418,1208,1191,1209,1194,84008]
[20190417,1210,1205,1213,1206,62566]
[20190416,1205,1211,1215,1199,57840]
[20190415,1209,1203,1212,1196,75372]
[20190412,1235,1206,1247,1208,175034]
[20190411,1213,1240,1237,1207,145360]
[20190410,1202,1212,1220,1201,83216]
[20190409,1213,1204,1215,1198,100558]
[20190408,1210,1211,1215,1207,51744]
[20190404,1202,1210,1216,1201,106032]
[20190403,1207,1213,1210,1195,134822]
[20190402,1211,1206,1214,1207,56768]
[20190401,1210,1212,1213,1206,93058]
[20190329,1207,1206,1220,1205,130776]
[20190328,1208,1207,1215,1206,86070]
[20190327,1200,1207,1214,1200,133832]
[20190326,1203,1204,1205,1196,62880]
[20190325,1207,1203,1210,1201,66622]
[20190322,1200,1207,1212,1200,85758]
[20190321,1197,1201,1206,1195,95640]
[20190320,1188,1198,1199,1188,82270]
[20190319,1200,1195,1205,1184,119884]
[20190318,1207,1202,1218,1197,121826]
[20190315,1205,1207,1215,1198,118898]
[20190314,1198,1208,1207,1195,86346]
[20190313,1209,1199,1212,1194,96196]
[20190312,1206,1210,1212,1203,95830]
[20190311,1220,1205,1220,1201,132998]
[20190308,1225,1216,1232,1219,132994]
[20190307,1221,1228,1234,1219,157094]
[20190306,1220,1223,1226,1214,143280]
[20190305,1231,1221,1236,1223,123858]
[20190304,1246,1230,1251,1221,178918]
[20190301,1243,1248,1250,1235,151530]
[20190228,1278,1241,1286,1237,261980]
[20190227,1272,1282,1282,1270,114494]
[20190226,1271,1272,1276,1260,103220]
[20190225,1270,1264,1279,1262,104448]
[20190222,1268,1265,1271,1259,97312]
[20190221,1265,1269,1279,1253,139226]
[20190220,1272,1257,1275,1259,105930]
[20190219,1243,1268,1272,1239,210696]
[20190218,1244,1242,1249,1236,85022]
[20190215,1257,1247,1260,1236,121252]
[20190214,1265,1260,1268,1254,88766]
[20190213,1278,1264,1282,1264,99418]
[20190212,1294,1279,1294,1276,74852]
[20190211,1301,1286,1306,1289,37552]
[20190201,1281,1293,1295,1280,95894]
[20190131,1269,1281,1283,1269,95452]
[20190130,1254,1273,1279,1254,106230]
[20190129,1253,1256,1260,1250,69344]
[20190128,1257,1255,1275,1254,141774]
[20190125,1252,1256,1264,1249,106074]
[20190124,1249,1251,1253,1243,86994]
[20190123,1250,1251,1256,1245,89434]
[20190122,1254,1251,1254,1245,94062]
[20190121,1230,1251,1261,1226,195256]
[20190118,1223,1229,1230,1212,94776]
[20190117,1231,1219,1235,1222,86296]
[20190116,1221,1234,1237,1221,84326]
[20190115,1235,1225,1235,1222,94496]
[20190114,1238,1235,1239,1231,83400]
[20190111,1223,1235,1241,1223,143048]
[20190110,1224,1228,1232,1221,95210]
[20190109,1226,1228,1231,1220,122940]
[20190108,1232,1225,1233,1222,99822]
[20190107,1232,1229,1235,1222,98322]
[20190104,1220,1230,1233,1217,157960]
[20190103,1200,1221,1221,1199,128660]
[20190102,1211,1202,1213,1201,61016]
[20181228,1199,1211,1215,1196,110132]
[20181227,1202,1203,1218,1195,123776]
[20181226,1199,1202,1206,1194,83950]
[20181225,1201,1203,1205,1187,140160]
[20181224,1218,1197,1221,1195,139648]
[20181221,1215,1220,1224,1213,104762]
[20181220,1215,1219,1222,1206,119246]
[20181219,1212,1214,1218,1206,102616]
[20181218,1224,1214,1229,1210,118098]
[20181217,1215,1221,1227,1208,90982]
[20181214,1199,1211,1216,1196,70918]
[20181213,1191,1200,1206,1185,65328]
[20181212,1203,1192,1206,1191,63460]
[20181211,1220,1206,1222,1199,76466]
[20181210,1226,1219,1234,1220,68300]
[20181207,1209,1230,1229,1205,118312]
[20181206,1212,1207,1214,1203,45972]
[20181205,1200,1212,1212,1200,71750]
[20181204,1203,1203,1203,1192,75160]
[20181203,1185,1202,1223,1183,148986]
[20181130,1206,1187,1206,1179,151038]
[20181129,1203,1203,1210,1202,71620]
[20181128,1200,1203,1210,1191,128876]
[20181127,1186,1195,1207,1182,153098]
[20181126,1203,1186,1208,1175,251514]
[20181123,1206,1197,1213,1199,129098]
[20181122,1197,1205,1210,1184,133496]
[20181121,1193,1193,1200,1167,204212]
[20181120,1194,1187,1198,1186,102916]
[20181119,1179,1191,1201,1176,125128]
[20181116,1163,1179,1186,1163,139410]
[20181115,1163,1167,1168,1160,84360]
[20181114,1163,1165,1169,1156,105658]
[20181113,1156,1165,1171,1147,141968]
[20181112,1181,1157,1183,1152,200026]
[20181109,1196,1180,1197,1180,114304]
[20181108,1213,1191,1215,1173,349832]
[20181107,1214,1213,1218,1205,109552]
[20181106,1224,1215,1229,1211,127974]
[20181105,1230,1226,1233,1224,96560]
[20181102,1221,1227,1235,1203,236564]
[20181101,1225,1219,1230,1213,140808]
[20181031,1221,1226,1226,1211,153336]
[20181030,1220,1216,1232,1218,126284]
[20181029,1223,1222,1225,1210,99960]
[20181026,1220,1218,1230,1217,99014]
[20181025,1224,1220,1226,1209,91828]
[20181024,1218,1223,1226,1216,93460]
[20181023,1220,1222,1225,1215,61964]
[20181022,1210,1221,1224,1205,117506]
[20181019,1203,1213,1217,1194,120038]
[20181018,1219,1203,1222,1199,161462]
[20181017,1214,1218,1223,1209,118832]
[20181016,1216,1217,1223,1209,122636]
[20181015,1231,1219,1235,1207,173230]
[20181012,1227,1231,1234,1222,106788]
[20181011,1241,1231,1241,1220,166330]
[20181010,1240,1238,1247,1235,122676]
[20181009,1236,1243,1247,1222,214956]
[20181008,1223,1233,1238,1203,164444]
[20180928,1249,1214,1250,1215,151476]
[20180927,1265,1238,1266,1246,108112]
[20180926,1258,1262,1266,1256,119460]
[20180925,1259,1258,1269,1252,85422]
[20180921,1255,1258,1264,1249,141590]
[20180920,1253,1255,1265,1249,154076]
[20180919,1249,1250,1259,1226,220184]
[20180918,1241,1249,1250,1237,111874]
[20180917,1240,1246,1256,1236,145910]
[20180914,1249,1242,1251,1240,87272]
[20180913,1249,1250,1261,1236,173366]
[20180912,1242,1251,1256,1231,185004]
[20180911,1249,1239,1254,1225,202230]
[20180910,1242,1247,1256,1239,161032]
[20180907,1263,1246,1272,1235,326780]
[20180906,1269,1259,1277,1254,196580]
[20180905,1301,1273,1305,1249,352646]
[20180904,1308,1301,1313,1297,98250]
[20180903,1320,1311,1324,1295,150528]
[20180831,1336,1322,1343,1319,138252]
[20180830,1342,1337,1342,1331,90556]
[20180829,1344,1337,1347,1337,84856]
[20180828,1348,1344,1354,1337,105556]
[20180827,1350,1349,1353,1343,108670]
[20180824,1335,1345,1350,1329,175240]
[20180823,1335,1334,1343,1330,175470]
[20180822,1317,1334,1335,1316,163692]
[20180821,1321,1322,1325,1308,115336]
[20180820,1319,1323,1323,1296,207690]
[20180817,1307,1313,1319,1299,219212]
[20180816,1343,1309,1358,1289,382660]
[20180815,1347,1353,1354,1335,141766]
[20180814,1329,1349,1376,1329,359826]
[20180813,1315,1340,1334,1304,136620]
[20180810,1318,1310,1331,1312,174748]
[20180809,1308,1319,1319,1298,132528]
[20180808,1307,1306,1314,1302,62328]
[20180807,1303,1310,1323,1297,129766]
[20180806,1302,1309,1308,1296,101870]
[20180803,1316,1299,1340,1299,206988]
[20180802,1320,1318,1323,1313,63564]
[20180801,1316,1320,1324,1309,89426]
[20180731,1327,1319,1332,1315,71950]
[20180730,1319,1326,1329,1318,70548]
[20180727,1312,1321,1320,1308,94116]
[20180726,1323,1314,1323,1310,63410]
[20180725,1324,1322,1327,1321,71670]
[20180724,1311,1324,1333,1311,133592]
[20180723,1314,1313,1316,1302,89562]
[20180720,1312,1314,1316,1308,78048]
[20180719,1313,1310,1319,1308,83936]
[20180718,1316,1314,1320,1312,67488]
[20180717,1323,1314,1324,1310,115214]
[20180716,1322,1323,1328,1321,69594]
[20180713,1324,1324,1332,1318,114270]
[20180712,1306,1323,1328,1303,172476]
[20180711,1308,1307,1313,1301,96332]
[20180710,1300,1310,1319,1299,163696]
[20180709,1300,1302,1306,1295,99884]
[20180706,1299,1296,1307,1288,130550]
[20180705,1302,1299,1308,1294,113002]
[20180704,1298,1299,1312,1298,162052]
[20180703,1294,1304,1299,1292,85846]
[20180702,1293,1294,1299,1283,135514]
[20180629,1281,1293,1302,1272,204440]
[20180628,1271,1278,1287,1270,145456]
[20180627,1267,1278,1275,1266,85352]
[20180626,1283,1271,1283,1264,159180]
[20180625,1297,1279,1299,1285,106014]
[20180622,1299,1295,1299,1283,147112]
[20180621,1300,1292,1312,1298,90070]
[20180620,1300,1304,1312,1295,111996]
[20180619,1314,1297,1319,1291,118948]
[20180615,1283,1316,1321,1281,281080]
[20180614,1283,1286,1290,1280,70408]
[20180613,1299,1283,1299,1277,151914]
[20180612,1288,1297,1299,1279,95856]
[20180611,1293,1289,1298,1287,88278]
[20180608,1298,1291,1301,1286,101952]
[20180607,1287,1299,1308,1283,151448]
[20180606,1288,1286,1296,1279,118322]
[20180605,1288,1292,1290,1278,110240]
[20180604,1291,1284,1304,1283,146596]
[20180601,1279,1291,1295,1275,137224]
[20180531,1266,1282,1285,1263,208300]
[20180530,1269,1282,1273,1262,109946]
[20180529,1267,1267,1271,1259,123078]
[20180528,1235,1263,1277,1230,316870]
[20180525,1234,1235,1239,1228,120572]
[20180524,1226,1237,1246,1221,208684]
[20180523,1232,1227,1235,1216,173522]
[20180522,1227,1234,1236,1226,125900]
[20180521,1202,1229,1239,1202,294448]
[20180518,1216,1206,1220,1194,203122]
[20180517,1216,1217,1222,1214,100160]
[20180516,1215,1215,1232,1209,241988]
[20180515,1211,1216,1219,1204,198570]
[20180514,1203,1216,1217,1198,153678]
[20180511,1208,1205,1210,1200,148470]
[20180510,1203,1206,1212,1200,148582]
[20180509,1226,1203,1227,1194,263512]
[20180508,1233,1219,1236,1225,88494]
[20180507,1220,1233,1234,1218,148126]
[20180504,1229,1222,1236,1216,158024]
[20180503,1225,1227,1237,1221,140640]
[20180502,1226,1222,1226,1209,123246]
[20180427,1231,1218,1231,1213,155126]
[20180426,1228,1230,1233,1225,90032]
[20180425,1238,1227,1246,1224,124890]
[20180424,1228,1243,1244,1227,107488]
[20180423,1222,1234,1239,1221,113748]
[20180420,1231,1225,1233,1221,98288]
[20180419,1228,1228,1235,1219,146914]
[20180418,1202,1225,1225,1201,163184]
[20180417,1202,1205,1210,1197,118580]
[20180416,1217,1201,1220,1193,152266]
[20180413,1207,1218,1221,1202,120464]
[20180412,1202,1207,1210,1197,106626]
[20180411,1189,1202,1209,1185,80734]
[20180410,1182,1190,1196,1179,76512]
[20180409,1175,1181,1187,1172,48836]
[20180404,1185,1174,1190,1163,124028]
[20180403,1188,1183,1193,1171,167614]
[20180402,1208,1187,1221,1180,227154]
[20180330,1179,1208,1215,1169,318352]
[20180329,1174,1174,1181,1166,132140]
[20180328,1176,1170,1179,1161,202960]
[20180327,1182,1171,1194,1168,249558]
[20180326,1175,1190,1190,1168,249842]
[20180323,1185,1174,1196,1141,480610]
[20180322,1246,1191,1249,1185,562932]
[20180321,1249,1238,1261,1233,266432]
[20180320,1264,1252,1270,1244,241330]
[20180319,1259,1266,1278,1254,270036]
[20180316,1246,1259,1260,1237,204222]
[20180315,1255,1245,1257,1239,246154]
[20180314,1260,1248,1268,1249,277318]
[20180313,1258,1255,1262,1249,173884]
[20180312,1249,1252,1273,1247,260334]
[20180309,1251,1249,1261,1243,296232]
[20180308,1265,1259,1273,1251,269744]
[20180307,1271,1261,1277,1260,224722]
[20180306,1267,1269,1273,1258,131320]
[20180305,1279,1261,1288,1265,267344]
[20180302,1276,1282,1283,1271,170588]
[20180301,1276,1277,1285,1267,196950]
[20180228,1273,1275,1284,1267,223374]
[20180227,1272,1268,1277,1267,118436]
[20180226,1271,1267,1279,1262,163986]
[20180223,1234,1268,1276,1231,329106]
[20180222,1246,1235,1249,1230,100536]
[20180214,1237,1247,1253,1233,143650]
[20180213,1235,1235,1242,1230,135870]
[20180212,1238,1231,1246,1226,241808]
[20180209,1253,1240,1261,1238,387260]
[20180208,1268,1255,1296,1251,616416]
[20180207,1268,1271,1275,1259,173340]
[20180206,1268,1266,1279,1262,171292]
[20180205,1267,1273,1277,1264,158028]
[20180202,1249,1267,1274,1248,173894]
[20180201,1259,1254,1264,1249,147206]
[20180131,1274,1261,1279,1253,269630]
[20180130,1277,1273,1282,1267,151894]
[20180129,1267,1279,1285,1267,225016]
[20180126,1271,1269,1274,1258,146730]
[20180125,1247,1269,1275,1239,316102]
[20180124,1251,1242,1259,1242,160288]
[20180123,1245,1251,1260,1239,221528]
[20180122,1267,1243,1272,1238,377964]
[20180119,1274,1267,1276,1267,154204]
[20180118,1259,1273,1278,1253,231728]
[20180117,1252,1256,1264,1251,131752]
[20180116,1265,1257,1272,1250,179942]
[20180115,1276,1261,1277,1262,167522]
[20180112,1275,1273,1280,1270,149408]
[20180111,1294,1278,1294,1266,242492]
[20180110,1290,1287,1296,1281,227782]
[20180109,1291,1288,1293,1282,204118]
[20180108,1244,1286,1293,1243,337078]
[20180105,1255,1244,1257,1240,160554]
[20180104,1243,1254,1259,1233,235854]
[20180103,1250,1240,1253,1231,269464]
[20180102,1249,1250,1255,1245,150788]
[20171229,1259,1249,1272,1243,300626]
[20171228,1258,1255,1263,1249,187006]
[20171227,1270,1253,1274,1254,246802]
[20171226,1274,1272,1278,1266,181470]
[20171225,1293,1273,1296,1267,264548]
[20171222,1278,1288,1293,1271,305656]
[20171221,1271,1278,1279,1257,255984]
[20171220,1263,1272,1276,1261,156466]
[20171219,1263,1262,1279,1249,286456]
[20171218,1234,1261,1267,1233,329630]
[20171215,1226,1236,1241,1224,214404]
[20171214,1261,1230,1265,1224,369944]
[20171213,1240,1262,1272,1236,385008]
[20171212,1249,1242,1250,1233,180722]
[20171211,1252,1242,1258,1237,288916]
[20171208,1247,1249,1258,1237,261276]
[20171207,1280,1243,1287,1230,394326]
[20171206,1271,1276,1285,1266,217414]
[20171205,1284,1273,1290,1267,218828]
[20171204,1250,1283,1300,1242,405492]
[20171201,1231,1249,1255,1227,303930]
[20171130,1252,1233,1273,1228,362476]
[20171129,1234,1259,1255,1233,213932]
[20171128,1240,1248,1245,1226,179558]
[20171127,1257,1237,1267,1239,233926]
[20171124,1253,1253,1259,1241,128082]
[20171123,1258,1251,1259,1239,298620]
[20171122,1262,1253,1274,1251,275158]
[20171121,1276,1262,1286,1258,392300]
[20171120,1247,1275,1281,1236,464110]
[20171117,1221,1240,1245,1219,394626]
[20171116,1212,1224,1231,1204,254764]
[20171115,1210,1208,1221,1201,281544]
[20171114,1206,1217,1215,1199,131924]
[20171113,1199,1200,1205,1195,143324]
[20171110,1189,1199,1208,1182,295814]
[20171109,1170,1188,1191,1158,261508]
[20171108,1166,1166,1174,1161,107108]
[20171107,1155,1166,1168,1153,126818]
[20171106,1146,1161,1162,1143,133082]
[20171103,1147,1146,1147,1139,83374]
[20171102,1142,1139,1152,1135,147596]
[20171101,1123,1143,1155,1121,295356]
[20171031,1114,1124,1127,1110,161624]
[20171030,1113,1118,1123,1109,113176]
[20171027,1126,1122,1127,1106,144372]
[20171026,1134,1123,1136,1120,129976]
[20171025,1149,1132,1153,1128,169932]
[20171024,1150,1146,1158,1143,134112]
[20171023,1178,1145,1181,1147,218080]
[20171020,1151,1179,1183,1145,211510]
[20171019,1166,1149,1168,1150,166762]
[20171018,1163,1162,1168,1154,133988]
[20171017,1169,1161,1170,1157,131374]
[20171016,1161,1166,1172,1151,218204]
[20171013,1148,1159,1164,1147,179028]
[20171012,1149,1153,1161,1134,258628]
[20171011,1150,1140,1155,1137,213722]
[20171010,1102,1148,1157,1102,437464]
[20171009,1120,1109,1121,1091,124180]
[20170929,1117,1117,1123,1105,153856]
[20170928,1126,1117,1129,1110,157228]
[20170927,1120,1128,1133,1117,130862]
[20170926,1142,1123,1144,1118,191936]
[20170925,1132,1143,1149,1112,277106]
[20170922,1130,1129,1139,1127,195050]
[20170921,1136,1133,1144,1124,165632]
[20170920,1131,1142,1139,1124,116348]
[20170919,1140,1128,1142,1128,132800]
[20170918,1150,1140,1156,1127,259032]
[20170915,1187,1150,1187,1144,306942]
[20170914,1165,1181,1189,1156,341334]
[20170913,1172,1168,1178,1161,138684]
[20170912,1164,1172,1178,1161,174772]
[20170911,1161,1163,1170,1156,138832]
[20170908,1170,1164,1177,1153,181892]
[20170907,1184,1167,1185,1161,214514]
[20170906,1187,1177,1194,1169,210262]
[20170905,1182,1186,1189,1176,167668]
[20170904,1199,1178,1216,1174,348912]
[20170901,1197,1203,1212,1194,206660]
[20170831,1218,1199,1221,1191,197816]
[20170830,1215,1202,1221,1204,139720]
[20170829,1222,1213,1223,1208,151142]
[20170828,1223,1216,1226,1204,227870]
[20170825,1229,1221,1239,1221,175790]
[20170824,1219,1232,1234,1210,210436]
[20170823,1226,1212,1231,1210,247528]
[20170822,1226,1226,1236,1221,151056]
[20170821,1215,1229,1238,1206,268362]
[20170818,1215,1221,1221,1210,124628]
[20170817,1193,1216,1225,1193,314254]
[20170816,1188,1199,1193,1178,182696]
[20170815,1195,1185,1201,1173,294444]
[20170814,1188,1198,1210,1186,271026]
[20170811,1201,1190,1210,1179,210774]
[20170810,1204,1205,1218,1197,221334]
[20170809,1163,1204,1210,1162,230958]
[20170808,1164,1175,1170,1152,100714]
[20170807,1178,1168,1196,1160,242176]
[20170804,1189,1180,1203,1178,200994]
[20170803,1187,1184,1197,1181,156448]
[20170802,1191,1187,1208,1176,279276]
[20170801,1193,1186,1195,1182,109216]
[20170731,1173,1187,1199,1170,216876]
[20170728,1173,1175,1185,1163,197240]
[20170727,1170,1173,1180,1166,137950]
[20170726,1188,1171,1192,1159,288890]
[20170725,1182,1187,1195,1182,170672]
[20170724,1195,1185,1202,1175,200574]
[20170721,1196,1197,1202,1184,191182]
[20170720,1219,1198,1220,1189,350752]
[20170719,1161,1214,1218,1160,606242]
[20170718,1160,1189,1170,1150,166490]
[20170717,1139,1158,1167,1137,276576]
[20170714,1145,1143,1147,1130,190376]
[20170713,1138,1141,1145,1124,223532]
[20170712,1152,1139,1165,1133,253340]
[20170711,1137,1153,1171,1131,249390]
[20170710,1143,1135,1157,1128,264864]
[20170707,1145,1147,1152,1135,160158]
[20170706,1146,1145,1151,1134,157454]
[20170705,1132,1145,1161,1130,259908]
[20170704,1147,1137,1147,1124,198872]
[20170703,1145,1141,1150,1138,159066]
[20170630,1140,1146,1150,1130,287216]
[20170629,1083,1137,1138,1079,543684]
[20170628,1081,1080,1091,1075,282426]
[20170627,1066,1084,1083,1061,244592]
[20170626,1066,1070,1075,1060,196984]
[20170623,1064,1065,1072,1058,298012]
[20170622,1098,1063,1102,1057,464676]
[20170621,1095,1096,1100,1090,189606]
[20170620,1098,1090,1103,1092,289500]
[20170619,1120,1101,1124,1097,316658]
[20170616,1102,1122,1127,1098,392718]
[20170615,1111,1100,1113,1097,258586]
[20170614,1092,1109,1114,1084,458728]
[20170613,1098,1094,1101,1087,328506]
[20170612,1114,1098,1118,1098,254590]
[20170609,1101,1110,1114,1099,247040]
[20170608,1090,1102,1107,1080,417440]
[20170607,1093,1089,1104,1083,437620]
[20170606,1096,1096,1107,1088,373340]
[20170605,1093,1100,1119,1088,470550]
[20170602,1089,1097,1103,1080,317018]
[20170601,1095,1086,1100,1075,335694]
[20170531,1140,1096,1140,1090,340300]
[20170526,1122,1128,1158,1113,445830]
[20170525,1126,1124,1134,1109,323186]
[20170524,1132,1119,1139,1112,436858]
[20170523,1123,1128,1139,1121,336348]
[20170522,1131,1128,1140,1119,391162]
[20170519,1067,1132,1124,1065,707504]
[20170518,1062,1075,1081,1060,340064]
[20170517,1080,1068,1082,1058,485610]
[20170516,1083,1073,1088,1065,268560]
[20170515,1061,1079,1084,1050,397990]
[20170512,1070,1052,1073,1053,380894]
[20170511,1030,1065,1077,1019,478670]
[20170510,1038,1033,1047,1024,253258]
[20170509,1033,1041,1041,1020,245000]
[20170508,1032,1024,1050,1032,268008]
[20170505,1042,1042,1052,1029,363380]
[20170504,1084,1042,1089,1035,548102]
[20170503,1089,1083,1092,1079,229142]
[20170502,1084,1084,1093,1079,133564]
[20170428,1086,1086,1105,1074,433062]
[20170427,1073,1083,1088,1066,333108]
[20170426,1083,1075,1098,1069,416902]
[20170425,1097,1083,1101,1079,405376]
[20170424,1077,1097,1103,1060,470474]
[20170421,1073,1076,1089,1071,431834]
[20170420,1042,1076,1068,1031,451412]
[20170419,996,1051,1044,993,293324]
[20170418,1021,998,1026,991,326308]
[20170417,1031,1016,1044,1010,367446]
[20170414,1037,1038,1052,1025,381058]
[20170413,1024,1040,1050,1016,280186]
[20170412,1033,1025,1042,1021,266780]
[20170411,1077,1036,1079,1029,383810]
[20170410,1062,1070,1089,1054,248284]
[20170407,1068,1061,1077,1050,221664]
[20170406,1067,1058,1074,1055,137278]
[20170405,1076,1066,1088,1052,206532]
[20170331,1053,1076,1080,1044,281122]
[20170330,1044,1048,1053,1033,213950]
[20170329,1035,1039,1051,1032,242770]
[20170328,984,1035,1031,984,469110]
[20170327,994,986,999,966,234392]
[20170324,985,996,1002,977,186614]
[20170323,982,983,994,980,128310]
[20170322,1012,985,1017,976,309316]
[20170321,1012,1011,1017,995,199558]
[20170320,1020,1008,1023,999,210676]
[20170317,1025,1019,1027,1011,251870]
[20170316,1032,1021,1033,987,411104]
[20170315,1014,1030,1035,1001,199702]
[20170314,1021,1012,1031,1013,238722]
[20170313,1005,1021,1024,985,293892]
[20170310,1003,1006,1020,999,192988]
[20170309,1025,1008,1027,995,320456]
[20170308,1083,1019,1085,1028,439396]
[20170307,1082,1081,1088,1077,192126]
[20170306,1076,1081,1085,1068,245372]
[20170303,1085,1072,1086,1062,279270]
[20170302,1087,1076,1099,1081,249524]
[20170301,1084,1094,1092,1072,248316]
[20170228,1109,1086,1110,1078,365560]
[20170227,1102,1103,1127,1095,351682]
[20170224,1103,1099,1107,1076,284990]
[20170223,1112,1102,1120,1091,294458]
[20170222,1122,1117,1126,1099,363582]
[20170221,1136,1125,1151,1117,412238]
[20170220,1127,1138,1139,1110,388632]
[20170217,1119,1129,1167,1116,866644]
[20170216,1117,1130,1142,1107,353478]
[20170215,1140,1117,1147,1114,365348]
[20170214,1135,1131,1142,1122,278104]
[20170213,1131,1137,1145,1117,486912]
[20170210,1071,1128,1129,1066,594688]
[20170209,1081,1069,1083,1068,144394]
[20170208,1058,1076,1081,1052,283014]
[20170207,1058,1055,1063,1040,271238]
[20170206,1057,1057,1070,1054,177118]
[20170203,1083,1060,1089,1051,153250]
[20170126,1078,1084,1104,1073,206574]
[20170125,1074,1081,1085,1067,212334]
[20170124,1049,1075,1081,1049,273708]
[20170123,1069,1052,1072,1043,396818]
[20170120,1067,1068,1088,1063,472444]
[20170119,1061,1074,1072,1050,249390]
[20170118,1064,1063,1074,1054,239908]
[20170117,1075,1063,1084,1046,307158]
[20170116,1045,1080,1093,1042,442742]
[20170113,1034,1046,1062,1031,430204]
[20170112,1037,1038,1049,1023,332314]
[20170111,1048,1040,1053,1033,227320]
[20170110,1005,1049,1047,999,400604]
[20170109,989,1015,1008,985,204668]
[20170106,993,993,1008,981,264544]
[20170105,989,989,1003,986,223730]
[20170104,990,989,997,965,314578]
[20170103,1012,989,1013,983,140006]
[20161230,1026,1008,1031,994,337182]
[20161229,1038,1028,1038,1017,229000]
[20161228,1024,1021,1050,1016,359802]
[20161227,995,1021,1025,986,251114]
[20161226,1023,1000,1030,980,340210]
[20161223,1011,1025,1029,1005,244804]
[20161222,1045,1012,1053,1009,305360]
[20161221,1080,1041,1084,1030,445218]
[20161220,1071,1078,1080,1058,304406]
[20161219,1118,1073,1122,1069,429758]
[20161216,1114,1120,1139,1110,377072]
[20161215,1113,1117,1135,1099,434334]
[20161214,1124,1104,1140,1092,650376]
[20161213,1094,1117,1130,1082,459608]
[20161212,1061,1090,1112,1060,617818]
[20161209,1073,1065,1081,1037,676240]
[20161208,1057,1062,1075,1025,481956]
[20161207,987,1062,1044,984,242700]
[20161206,1005,985,1012,980,187994]
[20161205,966,1003,1007,966,194326]
[20161202,1012,971,1016,957,197060]
[20161201,1002,1013,1016,992,96174]
[20161130,1018,1000,1023,983,194102]
[20161129,1044,1010,1047,1017,154638]
[20161128,1026,1041,1060,1019,229368]
[20161125,1024,1023,1031,1011,188142]
[20161124,1028,1023,1054,1008,346710]
[20161123,1027,1025,1041,1019,232274]
[20161122,996,1039,1032,991,400886]
[20161121,986,999,999,967,243412]
[20161118,996,982,1011,972,220456]
[20161117,993,996,997,976,271302]
[20161116,971,985,1000,966,242456]
[20161115,1004,979,1016,972,329492]
[20161114,1051,1004,1073,987,714230]
[20161111,1021,1056,1057,1021,980052]
[20161110,1013,1033,1037,992,965574]
[20161109,987,1022,1041,984,996842]
[20161108,1008,997,1055,968,1177472]
[20161107,963,1032,1000,959,880748]
[20161104,965,963,971,951,714334]
[20161103,950,966,975,946,794868]
[20161102,945,968,965,936,610512]
[20161101,893,945,932,893,566760]
[20161031,901,894,905,888,420058]
[20161028,889,898,906,881,303762]
[20161027,908,891,911,885,534938]
[20161026,912,906,921,899,600352]
[20161025,901,918,914,897,777214]
[20161024,904,906,906,894,508960]
[20161021,892,903,905,889,895694]
[20161020,878,900,895,873,688744]
[20161019,875,876,897,870,928984]
[20161018,876,881,882,869,597530]
[20161017,855,875,880,851,1027386]
[20161014,860,856,868,852,722756]
[20161013,868,860,873,856,810574]
[20161012,864,869,875,846,1061396]
[20161011,860,865,869,856,552974]
[20161010,855,858,861,849,193102]
[20160930,899,852,904,848,936160]
[20160929,900,897,912,896,654050]
[20160928,900,897,907,887,869916]
[20160927,901,896,907,891,808642]
[20160926,899,906,911,887,955026]
[20160923,899,903,904,890,931714]
[20160922,910,901,922,893,1458924]
[20160921,910,910,918,904,1141366]
[20160920,895,913,911,877,1852944]
[20160919,893,893,899,891,261064]
[20160914,883,895,895,878,722040]
[20160913,914,883,918,888,938132]
[20160912,939,912,945,911,1189910]
[20160909,934,942,946,927,1161448]
[20160908,950,935,951,934,1138628]
[20160907,966,943,971,945,1195076]
[20160906,955,962,970,946,1090404]
[20160905,960,956,976,949,1440580]
[20160902,936,973,970,934,1112658]
[20160901,938,936,942,926,823454]
[20160831,945,938,951,930,970392]
[20160830,955,947,959,937,1133032]
[20160829,983,956,984,949,1370224]
[20160826,968,978,989,961,1369646]
[20160825,957,968,969,946,1056954]
[20160824,983,955,985,955,942872]
[20160823,982,983,989,975,741390]
[20160822,976,982,992,968,899768]
[20160819,971,973,979,959,743488]
[20160818,967,975,989,961,820458]
[20160817,974,969,981,964,559490]
[20160816,942,976,980,934,934670]
[20160815,949,942,951,932,431970]
[20160812,929,947,951,927,368808]
[20160811,938,934,939,918,290668]
[20160810,952,936,954,930,250500]
[20160809,942,949,960,939,296136]
[20160808,935,946,942,922,444622]
[20160805,925,929,936,917,374278]
[20160804,926,923,939,909,546276]
[20160803,928,925,928,918,325090]
[20160802,913,925,934,907,512512]
[20160801,862,916,906,861,523680]
[20160729,874,867,878,858,405246]
[20160728,886,870,894,874,456658]
[20160727,878,887,894,876,500380]
[20160726,872,879,883,863,513200]
[20160725,848,872,874,846,356910]
[20160722,865,850,871,846,291526]
[20160721,858,864,870,852,380614]
[20160720,862,858,872,855,482404]
[20160719,843,859,864,840,436270]
[20160718,879,846,881,842,408184]
[20160715,882,873,890,866,424416]
[20160714,878,888,886,858,535178]
[20160713,883,881,894,874,424312]
[20160712,849,887,879,846,372368]
[20160711,842,856,855,836,291882]
[20160708,874,838,878,842,602334]
[20160707,867,872,890,866,451314]
[20160706,897,874,911,861,795038]
[20160705,895,903,898,871,555662]
[20160704,887,896,910,882,558274]
[20160701,885,890,899,879,602902]
[20160630,835,892,886,835,712882]
[20160629,841,845,842,827,331732]
[20160628,839,838,844,830,292024]
[20160627,807,841,847,807,550042]
[20160624,816,813,821,806,359396]
[20160623,812,816,821,809,374228]
[20160622,813,814,818,808,316050]
[20160621,797,813,816,795,296852]
[20160620,797,802,807,793,281476]
[20160617,791,798,799,779,459916]
[20160616,812,792,816,790,341968]
[20160615,809,813,813,802,291664]
[20160614,819,807,822,804,396788]
[20160613,815,821,828,810,232050]
[20160608,814,813,821,808,296538]
[20160607,817,815,825,811,441952]
[20160606,809,816,818,799,690572]
[20160603,807,805,815,797,713478]
[20160602,825,801,837,802,874408]
[20160601,820,821,829,812,470840]
[20160531,806,821,827,806,532506]
[20160530,778,814,801,774,398942]
[20160527,766,778,780,759,370486]
[20160526,755,770,768,751,273698]
[20160525,754,757,757,747,288514]
[20160524,753,753,757,742,359910]
[20160523,781,753,783,746,401760]
[20160520,765,778,784,762,299190]
[20160519,764,767,770,758,258504]
[20160518,781,760,786,764,323260]
[20160517,781,781,787,771,296930]
[20160516,765,782,784,762,330938]
[20160513,770,767,785,754,513348]
[20160512,765,775,777,762,252460]
[20160511,753,764,768,753,269362]
[20160510,746,755,756,742,264116]
[20160509,757,750,773,741,397572]
[20160506,768,758,771,748,268022]
[20160505,773,769,777,765,164282]
[20160504,769,773,775,765,174464]
[20160503,773,774,777,761,218334]
[20160429,795,776,810,771,295224]
[20160428,801,799,805,794,190930]
[20160427,813,798,814,793,303274]
[20160426,829,813,837,804,344266]
[20160425,817,827,846,817,313924]
[20160422,846,826,849,816,404764]
[20160421,827,847,854,820,543134]
[20160420,819,825,832,811,503828]
[20160419,809,817,827,803,480550]
[20160418,797,813,813,791,314260]
[20160415,800,798,822,797,725624]
[20160414,794,813,800,789,261068]
[20160413,803,797,815,789,485226]
[20160412,781,797,805,779,370518]
[20160411,775,781,791,774,308294]
[20160408,776,780,778,768,199618]
[20160407,761,776,780,761,244152]
[20160406,748,766,764,747,157858]
[20160405,752,751,754,744,55008]
[20160401,752,747,759,749,118796]
[20160331,753,752,754,746,86720]
[20160330,743,751,754,742,141100]
[20160329,740,745,748,740,86404]
[20160328,747,744,751,740,113478]
[20160325,742,747,749,738,181474]
[20160324,755,747,759,742,312202]
[20160323,750,757,765,749,236760]
[20160322,756,752,761,749,298910]
[20160321,770,757,776,756,397458]
[20160318,761,771,783,758,537274]
[20160317,764,762,774,754,343188]
[20160316,764,765,770,758,187644]
[20160315,774,767,778,761,295600]
[20160314,773,777,796,771,306610]
[20160311,774,776,784,770,181794]
[20160310,787,775,805,774,378550]
[20160309,782,803,795,770,407944]
[20160308,791,786,824,766,1435480]
[20160307,752,811,781,750,331776]
[20160304,746,753,753,745,202928]
[20160303,750,747,757,745,212010]
[20160302,753,753,754,747,197214]
[20160301,743,751,754,740,245724]
[20160229,745,741,749,733,243998]
[20160226,740,741,746,731,263890]
[20160225,732,737,747,730,357350]
[20160224,728,732,733,723,152268]
[20160223,732,731,735,721,212104]
[20160222,718,730,745,718,296544]
[20160219,716,721,725,714,226660]
[20160218,715,716,719,712,195978]
[20160217,697,715,715,695,259620]
[20160216,702,696,702,697,72914]
[20160215,700,700,702,694,64040]
[20160205,699,700,704,693,79084]
[20160204,687,697,699,687,121542]
[20160203,688,690,691,685,81856]
[20160202,687,689,688,681,127394]
[20160201,689,685,693,684,121192]
[20160129,691,692,694,684,194594]
[20160128,697,689,698,689,117726]
[20160127,692,696,699,691,141552]
[20160126,690,691,697,689,151818]
[20160125,702,691,703,688,255750]
[20160122,694,699,706,692,416168]
[20160121,689,694,695,688,168476]
[20160120,695,689,696,689,163416]
[20160119,691,692,696,687,257230]
[20160118,676,690,693,674,402742]
[20160115,673,675,679,673,178798]
[20160114,671,675,674,665,251558]
[20160113,672,670,674,669,168808]
[20160112,675,673,677,667,337264]
[20160111,680,676,687,673,511158]
[20160108,670,680,685,668,591258]
[20160107,664,671,671,664,195210]
[20160106,670,664,672,663,160714]
[20160105,665,669,671,664,167260]
[20160104,675,666,678,664,135990]
[20151231,672,670,679,669,247100]
[20151230,672,671,677,670,188694]
[20151229,663,673,673,661,219654]
[20151228,668,662,670,658,258670]
[20151225,677,669,679,667,191308]
[20151224,669,677,677,667,158790]
[20151223,673,670,674,668,153952]
[20151222,678,673,681,671,261300]
[20151221,668,677,681,668,376878]
[20151218,665,670,674,664,193846]
[20151217,673,665,674,664,188490]
[20151216,666,673,673,664,149914]
[20151215,666,668,678,665,318178]
[20151214,665,670,668,660,217542]
[20151211,653,664,666,652,248422]
[20151210,660,656,662,651,216696]
[20151209,656,660,661,650,310658]
[20151208,661,655,662,655,163862]
[20151207,656,661,664,649,323292]
[20151204,664,656,667,651,252920]
[20151203,664,664,669,658,277264]
[20151202,655,664,668,655,397316]
[20151201,643,660,656,637,184924]
[20151130,650,643,651,639,185632]
[20151127,640,650,650,640,189252]
[20151126,656,642,663,640,505630]
[20151125,645,653,656,640,497126]
[20151124,627,645,645,621,503930]
[20151123,622,628,632,618,396154]
[20151120,618,620,626,614,517568]
[20151119,629,620,631,616,711874]
[20151118,631,626,633,625,388188]
[20151117,635,632,636,621,666846]
[20151116,640,634,643,634,368168]
[20151113,637,640,642,632,642814]
[20151112,632,640,647,624,819622]
[20151111,635,627,636,630,302726]
[20151110,633,632,636,626,474562]
[20151109,633,631,637,630,410304]
[20151106,632,634,636,628,517670]
[20151105,645,634,649,629,775616]
[20151104,640,646,653,639,874870]
[20151103,635,640,641,632,429720]
[20151102,637,633,641,633,373500]
[20151030,632,640,642,629,599512]
[20151029,632,630,634,628,393310]
[20151028,636,630,640,631,370486]
[20151027,629,634,637,625,552828]
[20151026,633,629,634,626,403112]
[20151023,628,627,634,623,440968]
[20151022,623,628,637,620,818894]
[20151021,608,622,626,604,512290]
[20151020,606,606,613,604,228276]
[20151019,599,605,609,599,280190]
[20151016,597,602,601,596,151004]
[20151015,596,600,600,594,137294]
[20151014,598,595,602,592,225098]
[20151013,598,598,601,595,155804]
[20151012,609,599,609,596,249768]
[20151009,602,606,611,600,221160]
[20151008,592,602,603,592,149324]
[20150930,592,593,600,587,146496]
[20150929,593,591,598,585,258726]
[20150928,598,595,600,594,99934]
[20150925,593,598,602,591,330924]
[20150924,610,597,611,594,466390]
[20150923,608,611,611,604,196080]
[20150922,616,606,617,608,178742]
[20150921,616,615,618,606,226038]
[20150918,618,616,621,616,148258]
[20150917,617,618,624,615,267168]
[20150916,611,616,618,608,227166]
[20150915,611,612,615,608,163340]
[20150914,613,613,621,609,240944]
[20150911,620,616,625,613,226178]
[20150910,614,624,622,612,198506]
[20150909,612,614,622,610,354658]
[20150908,603,611,610,601,180876]
[20150907,616,603,617,598,224028]
[20150902,611,613,617,609,209498]
[20150901,611,613,616,603,295300]
[20150831,634,610,634,607,364978]
[20150828,631,631,647,628,305072]
[20150827,619,628,630,617,173926]
[20150826,633,621,637,619,174428]
[20150825,622,629,632,616,265690]
[20150824,649,624,650,624,327514]
[20150821,648,650,654,645,217842]
[20150820,652,645,654,644,274642]
[20150819,639,650,652,634,222472]
[20150818,642,640,648,637,153150]
[20150817,653,646,658,642,199342]
[20150814,659,656,660,653,127086]
[20150813,658,655,663,654,222922]
[20150812,645,657,659,640,244772]
[20150811,643,642,654,640,177086]
[20150810,636,642,646,632,160656]
[20150807,627,637,639,625,90060]
[20150806,627,627,631,622,60640]
[20150805,631,629,632,624,80344]
[20150804,625,630,632,621,103776]
[20150803,620,622,631,618,176020]
[20150430,651,622,655,618,184262]
[20150429,661,654,661,643,313396]
[20150428,666,658,668,656,254024]
[20150427,657,663,670,654,379992]
[20150424,644,656,664,644,563390]
[20150423,635,646,644,634,262826]
[20150422,630,642,639,627,303278]
[20150421,618,632,632,615,303052]
[20150420,630,615,632,617,204608]
[20150417,622,630,634,619,301812]
[20150416,635,625,639,621,261146]
[20150415,630,639,639,627,250888]
[20150414,628,630,633,625,218610]
[20150413,612,628,634,611,265554]
[20150410,610,613,615,606,175424]
[20150409,615,615,620,610,166652]
[20150408,624,612,625,604,362622]
[20150407,632,614,634,625,128298]
[20150403,637,631,645,628,214800]
[20150402,660,638,662,637,307516]
[20150401,656,660,664,653,237384]
