[20210830,2550,2491,2558,2429,359598]
[20210827,2506,2533,2550,2453,295465]
[20210826,2601,2501,2624,2502,326150]
[20210825,2474,2613,2606,2472,293394]
[20210824,2465,2486,2571,2443,321161]
[20210823,2221,2508,2421,2221,293371]
[20210820,2267,2263,2282,2200,340662]
[20210819,2185,2261,2320,2150,659944]
[20210818,2242,2196,2264,2173,398286]
[20210817,2168,2256,2241,2157,345720]
[20210816,2184,2177,2275,2177,401377]
[20210813,2210,2205,2242,2153,360267]
[20210812,2268,2192,2286,2205,297879]
[20210811,2200,2260,2264,2200,232034]
[20210810,2229,2228,2255,2182,214446]
[20210809,2226,2254,2273,2217,254386]
[20210806,2184,2231,2236,2155,214786]
[20210805,2169,2173,2210,2167,233382]
[20210804,2082,2184,2175,2082,236639]
[20210803,2147,2102,2159,2081,278340]
[20210802,2138,2138,2168,2092,360099]
[20210730,2117,2135,2187,2109,469583]
[20210729,2062,2122,2117,2050,239712]
[20210728,2002,2062,2067,2002,252184]
[20210727,2016,2016,2054,1993,224029]
[20210726,1974,2019,2037,1956,268059]
[20210723,1956,1972,1993,1947,242768]
[20210722,1955,1977,1967,1920,259199]
[20210721,1950,1958,1970,1927,226709]
[20210720,1904,1966,1966,1889,268127]
[20210719,1904,1911,1939,1878,252819]
[20210716,1869,1889,1932,1866,277169]
[20210715,1866,1869,1893,1841,289436]
[20210714,1839,1856,1873,1834,221254]
[20210713,1762,1838,1842,1760,263395]
[20210712,1753,1771,1780,1735,238664]
[20210709,1708,1738,1751,1706,215697]
[20210708,1814,1725,1821,1715,335064]
[20210707,1826,1814,1832,1790,209404]
[20210706,1856,1829,1881,1825,227028]
[20210705,1821,1862,1854,1804,194808]
[20210702,1791,1812,1827,1763,279944]
[20210701,1823,1791,1851,1789,243147]
[20210630,1817,1827,1849,1801,219610]
[20210629,1854,1829,1862,1819,231832]
[20210628,1917,1855,1937,1840,310161]
[20210625,1929,1917,1946,1903,254915]
[20210624,1912,1935,1943,1892,258174]
[20210623,1852,1930,1926,1845,308000]
[20210622,1810,1872,1859,1786,264092]
[20210621,1833,1788,1867,1800,304496]
[20210618,1884,1842,1938,1828,386732]
[20210617,1828,1909,1896,1814,287170]
[20210616,1845,1829,1869,1817,264235]
[20210615,1823,1843,1844,1788,173737]
[20210611,1762,1817,1860,1757,226017]
[20210610,1754,1790,1778,1748,182585]
[20210609,1738,1756,1777,1732,174338]
[20210608,1690,1738,1753,1686,210225]
[20210607,1741,1700,1767,1684,259171]
[20210604,1751,1744,1761,1687,338831]
[20210603,1743,1756,1804,1738,302767]
[20210602,1755,1745,1775,1722,273236]
[20210601,1649,1753,1756,1632,324762]
[20210531,1678,1641,1721,1640,332476]
[20210528,1676,1677,1709,1652,244986]
[20210527,1626,1671,1692,1596,320758]
[20210526,1640,1601,1680,1627,299799]
[20210525,1617,1634,1690,1612,303534]
[20210524,1602,1622,1633,1536,307443]
[20210521,1667,1606,1674,1580,403755]
[20210520,1772,1661,1772,1671,326475]
[20210519,1846,1716,1855,1785,233622]
[20210518,1844,1840,1866,1809,206356]
[20210517,1821,1841,1874,1808,313968]
[20210514,1864,1837,1885,1746,338525]
[20210513,1950,1851,1959,1802,370588]
[20210512,1904,1945,2005,1881,291247]
[20210511,1939,1902,1942,1841,263624]
[20210510,1819,1911,1933,1778,250557]
[20210507,1792,1815,1820,1771,150246]
[20210506,1691,1783,1792,1691,88112]
[20210430,1664,1753,1680,1629,196712]
[20210429,1642,1672,1680,1619,173576]
[20210428,1668,1626,1678,1642,146405]
[20210427,1685,1667,1686,1662,122751]
[20210426,1640,1675,1709,1636,154069]
[20210423,1646,1646,1656,1622,109873]
[20210422,1602,1641,1659,1599,167898]
[20210421,1629,1603,1629,1594,1267]
[20210420,1623,1612,1640,1616,786]
[20210419,1627,1625,1657,1617,1632]
[20210416,1577,1635,1629,1570,2007]
[20210415,1567,1578,1578,1560,1148]
[20210414,1559,1569,1580,1538,113131]
[20210413,1563,1569,1577,1520,131924]
[20210412,1540,1561,1575,1530,127653]
[20210409,1517,1538,1562,1517,103915]
[20210408,1557,1529,1571,1516,108900]
[20210407,1556,1564,1558,1510,137888]
[20210406,1530,1539,1583,1530,83159]
[20210402,1554,1572,1577,1528,141685]
[20210401,1618,1572,1631,1540,191600]
[20210331,1617,1618,1638,1596,147600]
[20210330,1608,1630,1649,1608,156038]
[20210329,1525,1618,1639,1518,196340]
[20210326,1515,1529,1526,1492,115163]
[20210325,1505,1511,1545,1502,135061]
[20210324,1510,1512,1522,1482,151726]
[20210323,1514,1509,1534,1510,116529]
[20210322,1567,1519,1578,1501,248946]
[20210319,1555,1564,1601,1544,243959]
[20210318,1566,1561,1566,1533,116309]
[20210317,1507,1557,1569,1507,156133]
[20210316,1456,1529,1520,1451,165686]
[20210315,1473,1456,1487,1434,140153]
[20210312,1509,1472,1524,1459,159618]
[20210311,1486,1509,1526,1463,168137]
[20210310,1429,1484,1495,1419,194301]
[20210309,1475,1422,1479,1430,156454]
[20210308,1452,1472,1516,1449,194460]
[20210305,1468,1467,1468,1416,212864]
[20210304,1490,1452,1491,1451,172562]
[20210303,1462,1479,1494,1443,206352]
[20210302,1369,1453,1459,1358,207385]
[20210301,1439,1372,1465,1356,214047]
[20210226,1490,1430,1490,1419,151825]
[20210225,1451,1480,1504,1444,168225]
[20210224,1427,1446,1454,1424,131261]
[20210223,1471,1426,1471,1422,135254]
[20210222,1527,1454,1531,1453,177545]
[20210219,1566,1509,1567,1521,93405]
[20210218,1534,1565,1572,1516,91017]
[20210210,1524,1546,1525,1491,89340]
[20210209,1499,1518,1541,1494,95690]
[20210208,1474,1500,1512,1468,122450]
[20210205,1477,1477,1507,1462,169506]
[20210204,1421,1484,1476,1413,193411]
[20210203,1438,1420,1462,1405,157796]
[20210202,1466,1431,1470,1430,129226]
[20210201,1475,1458,1490,1455,142275]
[20210129,1530,1478,1531,1456,195179]
[20210128,1565,1516,1565,1522,151244]
[20210127,1545,1550,1572,1516,175669]
[20210126,1598,1548,1607,1545,153041]
[20210125,1583,1592,1607,1548,181988]
[20210122,1614,1581,1624,1565,161793]
[20210121,1586,1616,1634,1579,170357]
[20210120,1620,1589,1629,1567,230913]
[20210119,1662,1610,1674,1608,232774]
[20210118,1688,1661,1708,1662,194107]
[20210115,1630,1703,1726,1630,269290]
[20210114,1614,1652,1635,1599,153873]
[20210113,1695,1621,1712,1589,271375]
[20210112,1742,1705,1746,1676,232687]
[20210111,1735,1737,1767,1710,257240]
[20210108,1691,1744,1784,1668,288198]
[20210107,1656,1691,1694,1649,133193]
[20210106,1671,1671,1691,1636,182841]
[20210105,1608,1676,1682,1608,137210]
[20210104,1586,1662,1677,1586,110622]
[20201231,1611,1614,1622,1580,179762]
[20201230,1621,1619,1636,1581,253430]
[20201229,1662,1619,1694,1607,216383]
[20201228,1652,1670,1705,1626,228608]
[20201225,1593,1650,1653,1569,144143]
[20201224,1590,1588,1615,1581,124585]
[20201223,1587,1590,1610,1543,198350]
[20201222,1632,1586,1662,1547,237383]
[20201221,1578,1600,1680,1572,225199]
[20201218,1538,1583,1600,1538,130462]
[20201217,1520,1561,1535,1498,79506]
[20201216,1481,1523,1531,1481,65363]
[20201215,1455,1498,1490,1452,19321]
[20201214,1501,1457,1502,1446,32629]
[20201211,1523,1497,1589,1460,55805]
[20201210,1525,1542,1552,1516,28914]
[20201209,1447,1529,1545,1444,23460]
[20201208,1427,1444,1461,1419,16726]
[20201207,1418,1431,1461,1417,110944]
[20201204,1412,1430,1425,1388,98568]
[20201203,1428,1419,1446,1406,125628]
[20201202,1375,1434,1432,1369,115176]
[20201201,1329,1377,1381,1329,110485]
[20201130,1317,1338,1336,1311,27966]
[20201127,1323,1317,1328,1316,5827]
[20201126,1303,1321,1324,1299,2036]
[20201125,1294,1299,1311,1290,868]
[20201124,1263,1299,1305,1263,1759]
[20201123,1254,1265,1273,1253,2250]
[20201120,1231,1253,1255,1220,2018]
[20201119,1227,1232,1238,1221,1684]
[20201118,1230,1234,1244,1223,2330]
[20201117,1245,1231,1245,1218,2497]
[20201116,1262,1243,1271,1232,3053]
[20201113,1254,1268,1269,1246,1653]
[20201112,1245,1255,1254,1233,842]
[20201111,1215,1233,1246,1200,1117]
[20201110,1212,1220,1238,1207,1990]
[20201109,1208,1214,1248,1208,5055]
[20201106,1211,1218,1240,1204,2157]
[20201105,1198,1212,1222,1187,3545]
[20201104,1205,1201,1228,1194,20741]
[20201103,1242,1209,1242,1202,5598]
[20201102,1233,1230,1255,1221,56845]
[20201030,1234,1235,1247,1225,4009]
[20201029,1221,1232,1240,1215,16180]
[20201028,1221,1218,1224,1205,7511]
[20201027,1227,1222,1234,1217,15137]
[20201026,1234,1231,1250,1227,7187]
[20201023,1246,1235,1258,1234,6126]
[20201022,1231,1253,1256,1226,6650]
[20201021,1237,1240,1241,1226,5740]
[20201020,1223,1233,1241,1221,4405]
[20201019,1247,1223,1252,1219,3211]
[20201016,1248,1244,1249,1233,4717]
[20201015,1255,1242,1255,1241,3565]
[20201014,1250,1253,1256,1241,5835]
[20201013,1245,1251,1271,1242,107677]
[20201012,1220,1243,1249,1216,63079]
[20201009,1182,1220,1226,1182,47527]
[20200930,1182,1219,1184,1174,45106]
[20200929,1170,1179,1182,1164,53776]
[20200928,1151,1167,1170,1151,50377]
[20200925,1165,1154,1169,1151,54512]
[20200924,1178,1168,1178,1156,67895]
[20200923,1175,1172,1190,1169,93517]
[20200922,1177,1180,1183,1162,73549]
[20200921,1179,1180,1184,1170,53802]
[20200918,1165,1180,1187,1162,56887]
[20200917,1151,1164,1172,1151,52076]
[20200916,1165,1159,1173,1145,57460]
[20200915,1166,1170,1177,1159,54343]
[20200914,1164,1168,1178,1157,59853]
[20200911,1153,1157,1164,1153,43449]
[20200910,1166,1160,1170,1151,69780]
[20200909,1170,1170,1178,1160,71391]
[20200908,1187,1170,1192,1166,71096]
[20200907,1189,1186,1197,1186,50926]
[20200904,1188,1190,1190,1171,66274]
[20200903,1181,1187,1197,1177,76499]
[20200902,1170,1183,1182,1161,63582]
[20200901,1147,1163,1173,1146,63164]
[20200831,1141,1153,1151,1138,39320]
[20200828,1129,1141,1141,1117,59634]
[20200827,1129,1126,1136,1125,34853]
[20200826,1127,1125,1132,1124,28924]
[20200825,1127,1132,1136,1125,40937]
[20200824,1109,1129,1129,1108,37222]
[20200821,1115,1114,1126,1109,27027]
[20200820,1088,1120,1116,1084,53183]
[20200819,1097,1094,1100,1066,54610]
[20200818,1098,1097,1110,1092,26742]
[20200817,1091,1094,1103,1086,31653]
[20200814,1090,1100,1099,1086,23842]
[20200813,1092,1088,1099,1085,21296]
[20200812,1099,1093,1104,1084,38095]
[20200811,1110,1099,1111,1092,37995]
[20200810,1112,1107,1118,1101,33396]
[20200807,1116,1117,1128,1105,41725]
[20200806,1108,1115,1120,1107,44108]
[20200805,1103,1112,1113,1091,62209]
[20200804,1122,1104,1125,1103,42010]
[20200803,1113,1121,1126,1103,47453]
[20200731,1107,1108,1119,1101,39154]
[20200730,1114,1108,1115,1097,55130]
[20200729,1112,1112,1122,1112,25633]
[20200728,1120,1112,1124,1110,39377]
[20200727,1132,1121,1143,1118,52209]
[20200724,1123,1141,1135,1112,65651]
[20200723,1122,1125,1133,1118,49248]
[20200722,1124,1123,1128,1113,56986]
[20200721,1105,1125,1141,1105,78303]
[20200720,1112,1111,1112,1101,33947]
[20200717,1100,1104,1114,1099,52787]
[20200716,1096,1103,1107,1087,50637]
[20200715,1099,1089,1108,1092,43577]
[20200714,1103,1106,1105,1091,46514]
[20200713,1097,1102,1110,1095,46923]
[20200710,1114,1102,1115,1093,57504]
[20200709,1095,1113,1117,1095,71680]
[20200708,1086,1096,1104,1086,60299]
[20200707,1089,1092,1095,1084,37982]
[20200706,1091,1092,1093,1084,33798]
[20200703,1092,1089,1100,1086,42345]
[20200702,1075,1090,1095,1070,69429]
[20200701,1079,1075,1081,1072,30501]
[20200630,1073,1076,1081,1073,27629]
[20200629,1090,1077,1091,1068,48984]
[20200624,1085,1087,1091,1084,33105]
[20200623,1077,1085,1090,1074,48968]
[20200622,1090,1078,1092,1071,49257]
[20200619,1087,1089,1092,1082,45366]
[20200618,1074,1086,1093,1073,69772]
[20200617,1084,1079,1085,1068,54120]
[20200616,1064,1082,1089,1064,51638]
[20200615,1085,1073,1089,1060,65321]
[20200612,1085,1083,1089,1073,57883]
[20200611,1086,1086,1087,1078,49780]
[20200610,1091,1081,1106,1084,71532]
[20200609,1089,1103,1095,1082,69285]
[20200608,1070,1082,1096,1064,102561]
[20200605,1081,1067,1081,1060,72791]
[20200604,1072,1077,1087,1066,63286]
[20200603,1077,1072,1080,1071,57261]
[20200602,1068,1077,1092,1066,84679]
[20200601,1063,1068,1080,1056,90538]
[20200529,1061,1059,1066,1057,52771]
[20200528,1066,1059,1070,1055,56454]
[20200527,1055,1062,1067,1048,70852]
[20200526,1056,1050,1059,1045,66184]
[20200525,1054,1055,1069,1051,82853]
[20200522,1066,1054,1068,1041,82344]
[20200521,1063,1065,1072,1055,56789]
[20200520,1068,1060,1070,1053,60883]
[20200519,1043,1065,1075,1040,82485]
[20200518,1029,1043,1054,1027,77512]
[20200515,1029,1032,1034,1021,66579]
[20200514,1020,1029,1044,1018,89139]
[20200513,1021,1022,1026,1012,63440]
[20200512,989,1026,1024,983,118095]
[20200511,997,984,1004,982,74890]
[20200508,997,996,1011,992,68588]
[20200507,995,1000,1007,991,62168]
[20200506,984,995,994,972,35866]
[20200430,956,979,986,956,80849]
[20200429,951,964,960,940,68440]
[20200428,979,956,979,940,86672]
[20200427,995,953,1000,983,37444]
[20200424,997,994,1010,994,64144]
[20200423,1022,1003,1024,997,71993]
[20200422,1008,1021,1027,1007,57957]
[20200421,1032,1015,1034,1002,66206]
[20200420,1040,1027,1043,1032,45390]
[20200417,1039,1038,1048,1026,60780]
[20200416,1030,1037,1041,1023,39788]
[20200415,1032,1032,1045,1026,54556]
[20200414,1031,1032,1041,1028,47210]
[20200413,1034,1037,1045,1024,57806]
[20200410,1010,1025,1041,1006,92579]
[20200409,1003,1023,1018,1000,75319]
[20200408,988,1005,1008,978,70748]
[20200407,988,990,1011,982,64557]
[20200403,1024,1000,1028,983,50089]
[20200402,1028,1011,1035,1003,55598]
[20200401,1047,1020,1047,1024,48695]
[20200331,1033,1039,1050,1032,32693]
[20200330,1040,1038,1042,1027,37162]
[20200327,1039,1040,1045,1033,34078]
[20200326,1045,1041,1051,1036,41530]
[20200325,1056,1045,1056,1038,39292]
[20200324,1039,1045,1058,1036,48951]
[20200323,1037,1039,1043,1031,49480]
[20200320,1060,1036,1062,1040,48142]
[20200319,1061,1057,1067,1034,93916]
[20200318,1062,1055,1074,1057,45361]
[20200317,1060,1067,1079,1060,72695]
[20200316,1070,1063,1070,1058,36442]
[20200313,1051,1067,1072,1047,72051]
[20200312,1043,1052,1057,1038,58224]
[20200311,1048,1043,1051,1041,34762]
[20200310,1039,1044,1055,1038,42731]
[20200309,1030,1042,1041,1016,60466]
[20200306,1046,1029,1050,1033,67253]
[20200305,1063,1042,1065,1045,46217]
[20200304,1054,1059,1062,1051,32072]
[20200303,1063,1053,1069,1053,32977]
[20200302,1026,1062,1062,1026,64384]
[20200228,1043,1040,1043,1023,59329]
[20200227,1055,1029,1062,1049,59606]
[20200226,1058,1053,1062,1052,37722]
[20200225,1056,1059,1064,1048,45878]
[20200224,1048,1051,1064,1045,59251]
[20200221,1059,1047,1059,1045,50958]
[20200220,1063,1054,1072,1047,66684]
[20200219,1051,1068,1064,1050,50842]
[20200218,1056,1050,1058,1043,38176]
[20200217,1058,1046,1063,1054,35982]
[20200214,1057,1057,1062,1055,24830]
[20200213,1063,1057,1064,1052,35175]
[20200212,1049,1060,1068,1047,55899]
[20200211,1022,1060,1052,1022,54146]
[20200210,1021,1036,1022,1014,34956]
[20200207,1020,1018,1024,1016,24962]
[20200206,997,1016,1029,993,60238]
[20200205,993,1004,1004,990,35306]
[20200204,970,996,1000,970,46527]
[20200203,972,985,995,963,47862]
[20200123,1013,988,1018,1006,26302]
[20200122,1018,1015,1020,1004,42569]
[20200121,1018,1016,1021,1011,33104]
[20200120,1016,1015,1022,1015,27808]
[20200117,1017,1016,1019,1013,28011]
[20200116,1005,1017,1020,1004,48862]
[20200115,1008,1008,1009,1003,27896]
[20200114,1003,1006,1013,1001,35860]
[20200113,1008,1005,1013,1002,44224]
[20200110,999,1010,1011,999,41072]
[20200109,1003,1001,1011,994,54151]
[20200108,990,1007,1006,988,53105]
[20200107,979,991,996,979,50699]
[20200106,979,983,981,976,32673]
[20200103,977,978,981,974,38136]
[20200102,971,977,980,965,48711]
[20191231,961,972,977,960,114326]
[20191230,954,961,963,950,95678]
[20191227,947,953,957,947,108942]
[20191226,955,952,957,945,113594]
[20191225,955,955,960,954,68944]
[20191224,971,958,972,954,153228]
[20191223,984,970,987,969,103454]
[20191220,986,981,987,978,79994]
[20191219,991,983,1003,983,94346]
[20191218,991,995,993,984,40244]
[20191217,989,990,995,986,51708]
[20191216,979,992,995,979,87612]
[20191213,980,982,984,977,51806]
[20191212,984,979,986,975,94442]
[20191211,990,984,996,980,78818]
[20191210,991,990,993,987,62334]
[20191209,985,990,999,985,123466]
[20191206,983,988,986,980,63002]
[20191205,979,983,985,979,60668]
[20191204,987,981,991,976,102312]
[20191203,987,984,990,984,63750]
[20191202,978,985,987,974,103202]
[20191129,975,976,981,973,82484]
[20191128,979,979,980,973,96398]
[20191127,980,976,986,974,102918]
[20191126,1002,984,1002,976,191174]
[20191125,994,995,1015,993,217170]
[20191122,999,997,1003,991,111492]
[20191121,1008,998,1009,997,106980]
[20191120,1003,1005,1009,999,138686]
[20191119,982,1000,1007,982,228990]
[20191118,978,990,985,966,167012]
[20191115,985,981,987,978,101628]
[20191114,980,985,991,976,149992]
[20191113,979,976,980,964,226156]
[20191112,974,976,984,973,129844]
[20191111,986,975,987,973,194812]
[20191108,987,985,991,976,154440]
[20191107,982,986,990,980,101724]
[20191106,992,986,995,981,153832]
[20191105,976,991,994,973,192896]
[20191104,978,974,985,965,195718]
[20191101,984,977,991,978,147266]
[20191031,1005,985,1005,982,173494]
[20191030,1002,1001,1007,996,112536]
[20191029,995,1003,1007,994,102700]
[20191028,1005,999,1010,990,144700]
[20191025,999,1009,1006,997,95120]
[20191024,996,1000,1001,994,96790]
[20191023,987,1000,1004,984,151366]
[20191022,984,986,989,982,85632]
[20191021,986,983,991,980,103608]
[20191018,983,988,991,973,173872]
[20191017,969,980,986,969,133006]
[20191016,987,972,988,959,179632]
[20191015,982,983,991,974,157596]
[20191014,995,981,1001,981,144576]
[20191011,995,994,999,986,108328]
[20191010,995,996,1000,990,89918]
[20191009,1003,995,1010,985,171990]
[20191008,1013,1003,1016,995,79402]
[20190930,982,999,1006,973,173536]
[20190927,999,977,999,982,147492]
[20190926,996,994,1009,989,196720]
[20190925,991,999,1002,980,217852]
[20190924,1032,993,1036,990,269924]
[20190923,1033,1033,1040,1024,154878]
[20190920,1050,1031,1059,1023,217320]
[20190919,1061,1044,1063,1050,102276]
[20190918,1072,1058,1073,1060,92786]
[20190917,1081,1071,1081,1070,71814]
[20190916,1082,1076,1087,1073,55488]
[20190912,1076,1082,1083,1073,77824]
[20190911,1064,1075,1083,1064,103710]
[20190910,1071,1066,1071,1063,48538]
[20190909,1055,1066,1073,1052,87072]
[20190906,1057,1057,1064,1053,63822]
[20190905,1051,1057,1067,1047,117624]
[20190904,1043,1049,1051,1040,70556]
[20190903,1045,1042,1047,1038,54318]
[20190902,1040,1044,1049,1035,88526]
[20190830,1028,1039,1043,1025,83282]
[20190829,1041,1030,1041,1027,65522]
[20190828,1033,1037,1041,1019,139970]
[20190827,1036,1025,1041,1031,92688]
[20190826,1058,1040,1062,1033,133262]
[20190823,1064,1058,1065,1054,59118]
[20190822,1050,1058,1064,1047,75792]
[20190821,1064,1052,1067,1043,124064]
[20190820,1062,1060,1068,1062,35652]
[20190819,1060,1067,1070,1056,45062]
[20190816,1045,1058,1060,1043,49522]
[20190815,1044,1044,1051,1041,55818]
[20190814,1060,1049,1061,1041,106184]
[20190813,1054,1057,1064,1052,66072]
[20190812,1059,1056,1073,1047,134078]
[20190809,1058,1059,1064,1053,122516]
[20190808,1045,1055,1059,1043,94600]
[20190807,1051,1044,1058,1039,124356]
[20190806,1050,1052,1061,1048,94938]
[20190805,1050,1049,1059,1047,131710]
[20190802,1042,1049,1053,1031,170200]
[20190801,1050,1037,1050,1038,106940]
[20190731,1050,1046,1053,1047,62014]
[20190730,1043,1048,1053,1038,116728]
[20190729,1050,1044,1053,1043,82840]
[20190726,1057,1049,1060,1045,116424]
[20190725,1052,1055,1058,1051,70084]
[20190724,1045,1053,1057,1041,135348]
[20190723,1047,1047,1052,1042,75006]
[20190722,1061,1047,1064,1045,106808]
[20190719,1062,1061,1064,1048,107910]
[20190718,1061,1054,1065,1055,94576]
[20190717,1065,1060,1067,1057,109904]
[20190716,1050,1063,1068,1050,147532]
[20190715,1046,1054,1061,1041,160810]
[20190712,1047,1047,1057,1044,166816]
[20190711,1030,1047,1053,1028,186210]
[20190710,1035,1032,1038,1026,117360]
[20190709,1034,1038,1044,1031,133062]
[20190708,1028,1032,1034,1023,114926]
[20190705,1028,1026,1034,1020,140982]
[20190704,1028,1031,1035,1020,197412]
[20190703,1050,1032,1052,1028,174498]
[20190702,1050,1050,1057,1044,144792]
[20190701,1044,1048,1053,1032,187780]
[20190628,1031,1039,1048,1031,147268]
[20190627,1032,1034,1051,1028,216072]
[20190626,1035,1034,1041,1030,125818]
[20190625,1031,1035,1038,1028,122270]
[20190624,1042,1034,1045,1025,196368]
[20190621,1048,1040,1050,1033,179090]
[20190620,1042,1046,1054,1041,134090]
[20190619,1042,1047,1055,1037,146224]
[20190618,1038,1041,1043,1032,114398]
[20190617,1037,1033,1047,1035,132752]
[20190614,1053,1041,1058,1038,173112]
[20190613,1048,1054,1055,1046,140322]
[20190612,1077,1051,1079,1048,223554]
[20190611,1061,1076,1078,1053,302892]
[20190610,1047,1058,1061,1039,150232]
[20190606,1033,1039,1046,1021,230954]
[20190605,1032,1031,1037,1029,120670]
[20190604,1026,1036,1038,1024,156348]
[20190603,1039,1028,1041,1023,232024]
[20190531,1046,1039,1060,1038,221172]
[20190530,1043,1044,1061,1040,235352]
[20190529,1038,1046,1044,1032,114244]
[20190528,1043,1034,1052,1034,177396]
[20190527,1063,1046,1070,1040,232068]
[20190524,1044,1062,1065,1038,251212]
[20190523,1038,1045,1051,1029,197460]
[20190522,1050,1040,1074,1035,355608]
[20190521,1041,1068,1054,1033,242402]
[20190520,1046,1040,1051,1037,137900]
[20190517,1024,1043,1046,1024,185304]
[20190516,1026,1030,1031,1018,115280]
[20190515,1002,1020,1028,1002,122308]
[20190514,1013,1004,1021,999,141818]
[20190513,1022,1013,1024,1012,103272]
[20190510,1017,1020,1022,1011,93080]
[20190509,1026,1015,1026,1014,111740]
[20190508,1030,1023,1031,1023,117182]
[20190507,1022,1027,1036,1019,188682]
[20190506,1010,1020,1025,1010,106300]
[20190430,1017,1015,1018,1009,113874]
[20190429,1011,1015,1021,1009,127818]
[20190426,1008,1010,1022,1005,162094]
[20190425,1012,1010,1016,1007,109170]
[20190424,1004,1011,1012,1000,130884]
[20190423,997,1002,1007,997,101466]
[20190422,1000,1000,1008,997,138844]
[20190419,988,1000,1002,985,163780]
[20190418,996,990,998,985,159354]
[20190417,989,990,993,984,105496]
[20190416,994,988,995,983,151256]
[20190415,992,992,1001,983,143500]
[20190412,984,986,992,976,161392]
[20190411,991,986,996,973,194560]
[20190410,998,992,1001,987,147928]
[20190409,1027,1001,1027,999,99946]
[20190408,1017,1025,1027,1014,75210]
[20190404,1018,1018,1019,1013,59770]
[20190403,1006,1016,1022,1005,137002]
[20190402,1018,1007,1018,1006,108788]
[20190401,1004,1014,1023,998,184470]
[20190329,1004,1002,1009,996,182010]
[20190328,1000,1005,1013,1000,126670]
[20190327,997,1005,1009,989,164532]
[20190326,1004,1003,1007,997,117588]
[20190325,1014,1005,1016,1004,125548]
[20190322,1006,1014,1018,1003,164026]
[20190321,996,1008,1009,996,123392]
[20190320,1003,998,1012,992,170968]
[20190319,1003,1009,1016,998,165204]
[20190318,1008,1014,1011,999,162020]
[20190315,1006,1005,1019,1002,285580]
[20190314,1005,1009,1012,995,145860]
[20190313,1002,1000,1013,1000,148230]
[20190312,997,1003,1007,996,149096]
[20190311,1005,1000,1016,996,145836]
[20190308,1037,1013,1041,1006,206426]
[20190307,1031,1037,1040,1027,111498]
[20190306,1044,1034,1046,1029,156060]
[20190305,1042,1044,1048,1032,179340]
[20190304,1072,1043,1078,1039,292178]
[20190301,1056,1073,1072,1049,233728]
[20190228,1056,1057,1062,1044,187254]
[20190227,1054,1060,1072,1049,289856]
[20190226,1051,1055,1060,1040,222828]
[20190225,1055,1047,1062,1044,258012]
[20190222,1050,1047,1059,1040,205084]
[20190221,1047,1048,1056,1039,225136]
[20190220,1024,1049,1034,1015,215338]
[20190219,1023,1028,1031,1019,178650]
[20190218,1040,1029,1054,1016,331740]
[20190215,1038,1038,1044,1030,228824]
[20190214,1044,1038,1048,1029,231592]
[20190213,1053,1039,1058,1031,282862]
[20190212,1031,1054,1060,1027,281184]
[20190211,1063,1038,1076,1027,213800]
[20190201,1034,1046,1051,1028,303492]
[20190131,981,1034,1039,974,551216]
[20190130,986,976,998,980,241222]
[20190129,996,987,1000,974,231222]
[20190128,988,998,1007,986,225978]
[20190125,990,988,1005,985,295636]
[20190124,1004,994,1009,991,183436]
[20190123,990,1006,1007,984,244736]
[20190122,991,992,1000,982,311686]
[20190121,1008,990,1021,984,385212]
[20190118,1002,1011,1015,999,254492]
[20190117,1002,1000,1005,996,197272]
[20190116,1007,1002,1010,996,251224]
[20190115,1012,1006,1015,1003,204482]
[20190114,1003,1014,1023,1000,270530]
[20190111,972,1004,1005,972,314254]
[20190110,968,981,976,963,197178]
[20190109,966,973,977,965,165768]
[20190108,975,967,975,961,141960]
[20190107,970,972,976,960,162290]
[20190104,958,963,969,949,246948]
[20190103,932,954,958,932,212006]
[20190102,954,939,959,932,141062]
[20181228,955,957,963,948,149838]
[20181227,955,952,978,952,210772]
[20181226,952,953,963,950,173372]
[20181225,973,953,975,939,285390]
[20181224,978,972,982,964,230718]
[20181221,971,974,989,967,296790]
[20181220,973,976,982,963,307824]
[20181219,990,977,996,965,310140]
[20181218,1012,992,1016,987,248616]
[20181217,1021,1014,1024,1005,248108]
[20181214,1016,1021,1025,1010,277226]
[20181213,983,1014,1025,980,310532]
[20181212,973,985,990,973,161020]
[20181211,984,982,985,963,193092]
[20181210,988,977,988,972,162024]
[20181207,963,979,994,958,297190]
[20181206,959,961,967,952,186486]
[20181205,946,956,964,943,222332]
[20181204,939,952,952,931,216978]
[20181203,902,935,968,896,421574]
[20181130,910,899,915,898,282548]
[20181129,906,910,914,896,354388]
[20181128,888,901,906,886,327188]
[20181127,877,890,899,875,428626]
[20181126,906,885,908,868,518406]
[20181123,924,897,926,910,360482]
[20181122,936,918,937,918,271572]
[20181121,926,930,938,903,440670]
[20181120,939,920,939,922,337162]
[20181119,940,936,946,934,266886]
[20181116,939,937,948,935,296292]
[20181115,924,939,939,917,322438]
[20181114,904,921,928,901,343254]
[20181113,921,911,926,903,348712]
[20181112,913,920,931,903,470186]
[20181109,920,920,926,911,260066]
[20181108,924,918,926,903,454726]
[20181107,930,922,931,909,404038]
[20181106,938,926,949,927,419034]
[20181105,924,939,940,919,365396]
[20181102,940,923,941,907,496160]
[20181101,947,935,959,936,459752]
[20181031,945,942,949,933,310968]
[20181030,943,941,959,940,302258]
[20181029,956,943,964,937,372334]
[20181026,961,957,973,953,376274]
[20181025,945,962,963,937,403278]
[20181024,940,944,948,931,381046]
[20181023,927,942,950,927,369526]
[20181022,920,932,942,920,327476]
[20181019,939,923,943,919,358764]
[20181018,951,936,956,934,403602]
[20181017,929,952,959,927,549412]
[20181016,917,932,935,917,347248]
[20181015,932,923,938,917,267342]
[20181012,930,936,940,921,285872]
[20181011,926,925,935,912,381172]
[20181010,906,930,946,900,477246]
[20181009,903,915,914,898,275902]
[20181008,872,912,905,869,215264]
[20180928,860,871,865,844,211152]
[20180927,871,851,876,857,232922]
[20180926,868,867,881,866,244246]
[20180925,873,870,879,866,171132]
[20180921,865,871,877,860,235960]
[20180920,889,867,889,863,315360]
[20180919,881,880,891,877,281434]
[20180918,876,884,885,870,270456]
[20180917,883,878,890,872,317320]
[20180914,876,882,884,868,300130]
[20180913,863,878,879,863,347836]
[20180912,876,871,879,841,490720]
[20180911,898,871,898,867,395976]
[20180910,866,886,897,866,361350]
[20180907,874,871,881,859,320534]
[20180906,845,875,873,843,379862]
[20180905,832,844,849,830,245258]
[20180904,830,835,838,828,157162]
[20180903,849,833,855,823,291540]
[20180831,851,854,856,843,268350]
[20180830,846,848,857,839,385606]
[20180829,864,842,868,844,291550]
[20180828,858,862,866,851,223902]
[20180827,875,859,886,849,333032]
[20180824,879,873,885,864,327064]
[20180823,903,883,907,878,375860]
[20180822,877,900,925,876,483630]
[20180821,902,882,907,874,348158]
[20180820,881,899,911,872,421084]
[20180817,860,874,900,859,535726]
[20180816,862,863,872,841,318606]
[20180815,849,859,871,844,323816]
[20180814,855,847,868,842,246048]
[20180813,840,855,855,831,212588]
[20180810,866,835,871,836,273314]
[20180809,867,868,871,858,165978]
[20180808,864,866,883,863,148532]
[20180807,881,873,890,863,229868]
[20180806,858,884,888,853,304992]
[20180803,854,857,862,842,236392]
[20180802,848,852,858,838,214958]
[20180801,865,850,865,843,241004]
[20180731,860,860,873,855,240522]
[20180730,856,865,863,835,330112]
[20180727,855,850,866,845,276682]
[20180726,856,846,858,846,171568]
[20180725,844,851,867,844,310272]
[20180724,835,852,844,830,203430]
[20180723,836,840,838,827,180700]
[20180720,828,833,837,827,176254]
[20180719,816,833,840,816,271502]
[20180718,821,820,824,815,157614]
[20180717,813,818,822,808,252848]
[20180716,808,813,818,807,208716]
[20180713,823,810,827,807,248742]
[20180712,820,827,835,818,295664]
[20180711,818,823,823,796,310404]
[20180710,826,817,829,816,234882]
[20180709,822,826,829,819,220042]
[20180706,826,821,832,813,268968]
[20180705,824,825,828,811,277864]
[20180704,836,820,846,823,336642]
[20180703,836,842,837,827,202826]
[20180702,857,836,859,826,354902]
[20180629,846,855,861,845,284186]
[20180628,837,849,859,837,282258]
[20180627,841,846,857,837,240770]
[20180626,853,848,853,832,299930]
[20180625,849,848,870,847,353068]
[20180622,849,854,851,834,328306]
[20180621,865,845,873,847,249936]
[20180620,859,866,872,849,228086]
[20180619,898,854,903,852,276964]
[20180615,898,900,906,881,337710]
[20180614,902,905,910,893,313080]
[20180613,915,900,917,895,277266]
[20180612,889,913,915,889,314412]
[20180611,898,892,898,880,266508]
[20180608,901,893,908,888,315540]
[20180607,889,900,905,886,334110]
[20180606,893,888,897,879,315810]
[20180605,888,893,891,873,306464]
[20180604,899,881,908,886,335406]
[20180601,891,894,906,886,327732]
[20180531,861,895,888,859,359020]
[20180530,874,867,879,852,400124]
[20180529,856,874,884,851,383012]
[20180528,840,855,867,828,397950]
[20180525,850,840,865,841,306188]
[20180524,839,849,853,837,277942]
[20180523,874,847,876,833,401072]
[20180522,884,871,890,872,318720]
[20180521,880,880,890,864,296460]
[20180518,891,864,903,876,345128]
[20180517,910,903,913,889,338072]
[20180516,910,903,923,899,336668]
[20180515,900,905,927,894,480890]
[20180514,900,907,906,893,253290]
[20180511,890,902,908,886,339360]
[20180510,879,893,890,877,270656]
[20180509,890,882,891,873,343516]
[20180508,894,888,900,889,285936]
[20180507,871,894,903,863,523580]
[20180504,859,870,873,846,378646]
[20180503,862,852,875,856,337904]
[20180502,837,860,862,835,260134]
[20180427,838,838,842,816,369970]
[20180426,837,839,848,831,422674]
[20180425,846,836,851,827,379068]
[20180424,841,849,855,836,371940]
[20180423,811,846,848,801,517938]
[20180420,838,805,838,807,394856]
[20180419,826,831,841,815,440104]
[20180418,810,836,832,808,382546]
[20180417,788,817,816,783,409174]
[20180416,810,789,818,788,416576]
[20180413,803,813,819,796,333974]
[20180412,821,802,822,799,318138]
[20180411,839,811,854,819,275552]
[20180410,844,846,847,834,162800]
[20180409,842,841,849,832,166824]
[20180404,836,840,861,831,337570]
[20180403,833,833,848,833,279560]
[20180402,834,835,855,827,456840]
[20180330,813,842,838,807,479888]
[20180329,804,815,817,773,569530]
[20180328,814,792,817,793,369164]
[20180327,809,816,826,807,332238]
[20180326,801,813,819,796,398882]
[20180323,829,801,833,778,641608]
[20180322,840,823,848,826,415010]
[20180321,840,839,859,837,372722]
[20180320,838,840,849,823,378136]
[20180319,839,845,853,817,449048]
[20180316,837,838,846,831,277058]
[20180315,844,834,848,829,355864]
[20180314,817,841,847,810,406094]
[20180313,826,816,828,815,302112]
[20180312,848,819,854,824,365090]
[20180309,870,843,872,844,331852]
[20180308,877,867,884,861,253712]
[20180307,898,880,904,876,246542]
[20180306,895,899,907,889,221698]
[20180305,908,891,912,891,246872]
[20180302,909,910,909,893,243188]
[20180301,921,903,922,908,309276]
[20180228,928,917,930,914,249880]
[20180227,919,921,933,917,242748]
[20180226,912,918,932,906,325684]
[20180223,897,913,911,891,212872]
[20180222,901,898,916,886,119718]
[20180214,887,901,900,885,153730]
[20180213,889,887,891,880,162150]
[20180212,883,887,892,875,220076]
[20180209,888,880,901,875,340914]
[20180208,892,889,894,881,261462]
[20180207,885,892,897,880,209542]
[20180206,896,882,896,879,285260]
[20180205,867,889,899,863,439252]
[20180202,840,865,871,840,377362]
[20180201,844,845,850,837,274176]
[20180131,844,841,855,830,328150]
[20180130,838,845,848,836,261220]
[20180129,848,842,860,835,333182]
[20180126,859,850,863,846,279598]
[20180125,840,856,866,838,360258]
[20180124,838,840,845,829,330942]
[20180123,831,836,840,817,395956]
[20180122,840,826,854,821,472458]
[20180119,833,838,842,823,362318]
[20180118,834,833,842,825,309972]
[20180117,831,836,841,819,415202]
[20180116,861,829,868,826,427746]
[20180115,875,862,879,855,345720]
[20180112,896,875,897,870,405880]
[20180111,886,892,903,881,369402]
[20180110,900,888,904,881,373774]
[20180109,898,903,907,897,253474]
[20180108,883,906,907,878,420936]
[20180105,890,881,890,863,355546]
[20180104,881,888,897,874,478254]
[20180103,873,881,893,869,399374]
[20180102,856,873,874,852,274288]
[20171229,847,854,870,838,495730]
[20171228,841,842,854,835,338170]
[20171227,860,841,875,839,487852]
[20171226,855,874,868,849,359760]
[20171225,905,858,911,854,519752]
[20171222,896,909,909,886,443052]
[20171221,897,898,917,881,621906]
[20171220,896,902,902,881,471552]
[20171219,891,892,908,884,553556]
[20171218,831,899,880,830,472702]
[20171215,805,832,828,798,319180]
[20171214,837,803,840,803,400594]
[20171213,836,833,846,828,432326]
[20171212,833,844,851,813,498286]
[20171211,823,821,859,812,575222]
[20171208,819,828,831,792,579438]
[20171207,889,806,891,814,589496]
[20171206,882,881,895,870,351850]
[20171205,902,885,910,880,439404]
[20171204,912,897,935,891,450742]
[20171201,904,911,919,898,266892]
[20171130,870,901,914,863,349858]
[20171129,874,867,878,861,181418]
[20171128,865,873,878,851,325434]
[20171127,877,863,883,858,305722]
[20171124,852,877,883,846,371808]
[20171123,851,852,876,848,401170]
[20171122,808,850,855,804,340086]
[20171121,796,818,810,791,249678]
[20171120,772,802,798,767,313892]
[20171117,772,773,781,764,258190]
[20171116,769,774,775,760,282826]
[20171115,798,767,808,763,435346]
[20171114,798,806,802,787,286918]
[20171113,802,794,807,783,407366]
[20171110,794,802,805,777,495470]
[20171109,780,797,817,776,562832]
[20171108,780,782,787,771,350370]
[20171107,768,777,781,763,360542]
[20171106,744,775,772,742,446338]
[20171103,749,748,755,738,417216]
[20171102,709,747,751,708,510616]
[20171101,697,712,719,697,368440]
[20171031,721,703,725,696,508710]
[20171030,719,719,739,715,452710]
[20171027,723,719,738,712,483328]
[20171026,725,721,730,717,319652]
[20171025,711,725,730,707,454228]
[20171024,736,715,740,709,544132]
[20171023,759,722,768,727,542084]
[20171020,722,764,761,722,518564]
[20171019,763,725,765,720,506362]
[20171018,765,749,781,760,448852]
[20171017,774,768,785,751,620312]
[20171016,787,774,804,761,707424]
[20171013,751,787,790,745,618414]
[20171012,713,753,758,709,685040]
[20171011,711,711,742,707,611964]
[20171010,720,712,722,704,392318]
[20171009,759,713,759,708,321728]
[20170929,741,749,754,724,547272]
[20170928,770,736,781,732,651168]
[20170927,759,770,779,754,484836]
[20170926,773,764,788,758,533078]
[20170925,798,778,804,748,654870]
[20170922,801,795,813,787,445844]
[20170921,861,796,872,798,617646]
[20170920,839,871,868,823,474872]
[20170919,842,835,861,837,384906]
[20170918,865,846,865,828,555644]
[20170915,920,849,921,859,553344]
[20170914,941,908,948,918,436726]
[20170913,964,946,964,934,405366]
[20170912,948,958,972,943,461414]
[20170911,926,947,951,897,581622]
[20170908,922,923,951,911,552690]
[20170907,917,917,932,890,493024]
[20170906,938,911,947,911,421258]
[20170905,920,939,941,906,459356]
[20170904,948,910,984,917,536476]
[20170901,936,951,965,931,431430]
[20170831,917,941,942,910,477332]
[20170830,927,925,928,899,385670]
[20170829,967,916,980,915,511160]
[20170828,988,976,997,949,404450]
[20170825,976,992,1005,968,401514]
[20170824,957,974,985,954,464658]
[20170823,973,965,974,932,537768]
[20170822,967,962,981,953,428514]
[20170821,961,963,999,942,630972]
[20170818,956,971,979,953,416522]
[20170817,898,963,957,898,585840]
[20170816,878,906,900,873,451978]
[20170815,852,883,881,837,478312]
[20170814,875,858,881,850,396722]
[20170811,876,864,905,854,449850]
[20170810,878,882,886,861,284448]
[20170809,844,881,886,841,399132]
[20170808,818,849,858,818,476846]
[20170807,830,823,865,810,510864]
[20170804,835,825,841,817,276026]
[20170803,866,832,868,824,240790]
[20170802,861,863,871,853,171316]
[20170801,866,856,871,850,142814]
[20170731,824,869,872,817,243684]
[20170728,829,825,838,805,217404]
[20170727,822,828,831,811,169112]
[20170726,814,819,834,814,231546]
[20170725,806,823,821,792,259352]
[20170724,820,799,827,786,271982]
[20170721,802,815,821,785,324840]
[20170720,815,806,821,799,257478]
[20170719,805,808,841,804,298288]
[20170718,790,813,812,786,244304]
[20170717,758,793,799,755,232740]
[20170714,766,760,768,749,224664]
[20170713,741,763,772,737,318412]
[20170712,747,741,757,734,208358]
[20170711,732,749,757,725,267840]
[20170710,730,729,741,721,228044]
[20170707,727,734,735,719,178186]
[20170706,725,726,729,714,202364]
[20170705,711,726,741,711,239774]
[20170704,735,724,746,705,236608]
[20170703,723,738,743,720,243976]
[20170630,731,724,731,711,236974]
[20170629,700,723,734,695,383088]
[20170628,679,696,701,670,233594]
[20170627,661,677,681,658,221638]
[20170626,674,664,676,656,237180]
[20170623,672,672,679,662,247454]
[20170622,670,673,685,666,279680]
[20170621,654,677,670,643,296070]
[20170620,646,644,664,645,272048]
[20170619,626,651,659,622,275726]
[20170616,626,631,641,621,222682]
[20170615,637,624,638,618,222812]
[20170614,616,632,639,601,329078]
[20170613,623,608,627,616,181448]
[20170612,612,627,629,612,203802]
[20170609,627,614,636,613,202202]
[20170608,629,631,637,622,160226]
[20170607,627,630,635,619,144584]
[20170606,618,629,632,611,220064]
[20170605,608,615,627,603,209836]
[20170602,615,612,620,601,210716]
[20170601,614,615,624,605,212830]
[20170531,673,615,673,614,239216]
[20170526,680,661,686,664,205852]
[20170525,673,684,690,670,168262]
[20170524,695,672,696,666,221714]
[20170523,681,689,696,670,227068]
[20170522,680,684,700,676,208194]
[20170519,660,685,688,655,187082]
[20170518,676,662,683,663,163976]
[20170517,666,678,684,661,196114]
[20170516,660,663,667,652,159144]
[20170515,655,654,675,642,263410]
[20170512,664,647,666,637,319326]
[20170511,692,652,696,643,400232]
[20170510,679,684,703,675,193696]
[20170509,673,678,682,665,128892]
[20170508,664,666,682,663,170682]
[20170505,680,673,684,655,197360]
[20170504,715,677,715,664,206786]
[20170503,740,710,740,709,159014]
[20170502,741,729,744,728,74002]
[20170428,722,735,735,716,161286]
[20170427,699,720,724,697,199506]
[20170426,703,703,726,687,247648]
[20170425,707,697,721,696,179236]
[20170424,735,707,739,694,245228]
[20170421,731,733,749,725,216590]
[20170420,699,739,730,681,219870]
[20170419,708,704,708,679,197324]
[20170418,730,684,734,701,209056]
[20170417,720,727,749,716,218236]
[20170414,741,725,754,706,227062]
[20170413,747,744,761,735,171718]
[20170412,788,752,795,745,195750]
[20170411,817,792,819,786,153628]
[20170410,841,811,856,809,166216]
[20170407,869,832,869,814,168042]
[20170406,861,852,873,855,116670]
[20170405,823,867,857,822,96078]
[20170331,791,836,799,773,57554]
[20170330,778,790,802,773,60048]
[20170329,752,786,781,751,67214]
[20170328,762,754,768,748,64082]
[20170327,785,760,792,749,105600]
[20170324,803,784,803,785,63796]
[20170323,775,795,803,775,79132]
[20170322,791,781,796,774,74230]
[20170321,796,793,800,781,64032]
[20170320,777,799,800,771,77448]
[20170317,791,775,800,774,75926]
[20170316,797,788,801,775,95802]
[20170315,798,799,810,789,97172]
[20170314,803,796,806,789,77014]
[20170313,776,805,808,761,132712]
[20170310,792,776,802,775,102744]
[20170309,787,787,795,768,106078]
[20170308,795,786,796,780,87402]
[20170307,796,793,807,783,95218]
[20170306,795,799,817,786,116326]
[20170303,803,800,803,775,95072]
[20170302,808,793,808,795,85026]
[20170301,761,803,811,760,156680]
[20170228,771,769,778,757,89616]
[20170227,765,768,785,762,123822]
[20170224,744,777,767,732,121168]
[20170223,744,748,755,732,93994]
[20170222,772,750,776,741,107744]
[20170221,776,775,787,764,102488]
[20170220,754,778,779,748,114508]
[20170217,746,756,760,743,113476]
[20170216,736,751,776,734,186380]
[20170215,743,746,750,720,136500]
[20170214,731,735,752,724,122258]
[20170213,705,730,739,705,131060]
[20170210,688,708,727,685,171384]
[20170209,715,690,719,688,111692]
[20170208,709,715,723,704,75450]
[20170207,700,711,719,694,58994]
[20170206,710,704,726,702,88064]
[20170203,761,713,763,707,61152]
[20170126,731,734,770,728,80596]
[20170125,742,735,745,722,70958]
[20170124,728,741,757,717,92940]
[20170123,718,719,727,701,81106]
[20170120,750,713,760,717,90708]
[20170119,749,755,760,731,99528]
[20170118,743,746,763,737,96248]
[20170117,807,748,808,733,153070]
[20170116,768,805,815,758,150692]
[20170113,755,764,776,755,94382]
[20170112,754,762,770,747,108084]
[20170111,775,753,775,750,110618]
[20170110,726,755,778,726,182426]
[20170109,707,729,730,701,112036]
[20170106,698,703,719,691,104988]
[20170105,695,694,709,690,86692]
[20170104,686,693,702,674,130924]
[20170103,717,683,731,682,100004]
[20161230,717,719,729,710,148814]
[20161229,711,712,719,695,131814]
[20161228,718,704,738,704,167374]
[20161227,717,709,720,693,154940]
[20161226,760,717,768,695,191272]
[20161223,761,764,775,750,118838]
[20161222,809,763,809,764,159372]
[20161221,813,802,815,794,150954]
[20161220,784,806,821,779,241080]
[20161219,762,798,808,753,203696]
[20161216,782,771,784,764,120768]
[20161215,773,780,792,759,183312]
[20161214,766,764,782,734,215876]
[20161213,758,753,769,738,162454]
[20161212,786,742,811,751,231088]
[20161209,804,782,813,763,204152]
[20161208,816,801,825,792,117696]
[20161207,779,819,827,773,194856]
[20161206,787,777,799,762,154184]
[20161205,777,796,803,754,171476]
[20161202,795,765,803,745,249346]
[20161201,797,799,832,782,178990]
[20161130,791,810,806,770,134662]
[20161129,835,792,835,791,111660]
[20161128,836,825,854,824,118208]
[20161125,804,827,838,804,137986]
[20161124,823,814,840,789,271100]
[20161123,818,812,840,812,190916]
[20161122,783,832,848,783,310658]
[20161121,785,798,802,755,314374]
[20161118,826,776,833,769,338668]
[20161117,828,818,839,797,265470]
[20161116,803,825,830,785,323062]
[20161115,862,814,872,775,455530]
[20161114,826,870,884,800,508898]
[20161111,791,860,837,784,392034]
[20161110,819,790,848,771,626626]
[20161109,751,817,838,751,597928]
[20161108,804,757,814,736,718120]
[20161107,742,803,800,741,542696]
[20161104,711,755,741,708,585264]
[20161103,688,710,705,681,445520]
[20161102,693,689,711,685,495574]
[20161101,689,697,707,653,703832]
[20161031,690,675,697,668,485040]
[20161028,660,682,690,648,505568]
[20161027,675,660,681,643,635168]
[20161026,686,676,703,665,607856]
[20161025,655,689,693,652,546800]
[20161024,651,657,664,641,554338]
[20161021,642,653,652,628,521286]
[20161020,646,647,659,631,659740]
[20161019,625,644,656,624,729640]
[20161018,610,631,630,601,460700]
[20161017,585,608,611,584,384566]
[20161014,560,590,595,554,379618]
[20161013,561,556,570,554,304746]
[20161012,548,561,562,544,242648]
[20161011,541,546,550,536,237324]
[20161010,544,539,544,525,170488]
[20160930,527,530,536,521,269418]
[20160929,510,528,538,510,392472]
[20160928,506,520,512,496,269766]
[20160927,508,499,511,498,279660]
[20160926,497,506,513,495,338074]
[20160923,486,496,498,479,372894]
[20160922,491,488,509,483,399110]
[20160921,489,495,498,482,293322]
[20160920,469,490,495,468,330566]
[20160919,454,470,471,449,126886]
[20160914,451,467,459,448,183718]
[20160913,458,451,465,446,259272]
[20160912,476,456,477,454,277612]
[20160909,480,474,482,466,291220]
[20160908,475,475,485,466,341978]
[20160907,499,476,500,472,391114]
[20160906,496,493,499,490,182106]
[20160905,476,492,497,476,280624]
[20160902,463,479,481,460,328386]
[20160901,453,463,463,443,253514]
[20160831,467,454,472,451,277594]
[20160830,461,469,468,458,191472]
[20160829,453,462,462,443,171754]
[20160826,453,451,459,446,110246]
[20160825,458,453,463,443,157236]
[20160824,460,461,464,455,72310]
[20160823,451,462,467,447,107466]
[20160822,447,449,459,447,102370]
[20160819,444,452,452,442,103988]
[20160818,457,447,465,437,184184]
[20160817,465,457,470,456,112060]
[20160816,456,465,474,449,158708]
[20160815,482,459,482,453,84012]
[20160812,483,480,487,479,53016]
[20160811,485,485,489,473,59274]
[20160810,481,481,496,475,91000]
[20160809,490,480,500,473,92576]
[20160808,467,495,495,464,93872]
[20160805,455,466,470,455,46238]
[20160804,465,459,465,452,58094]
[20160803,467,458,472,463,45246]
[20160802,460,466,474,460,62280]
[20160801,453,464,467,450,91764]
[20160729,453,454,462,447,63966]
[20160728,449,454,459,444,67238]
[20160727,441,448,454,440,70596]
[20160726,442,445,448,437,37324]
[20160725,435,442,451,430,100760]
[20160722,441,437,442,432,56658]
[20160721,427,440,446,424,74130]
[20160720,431,427,435,428,45164]
[20160719,424,430,434,422,88102]
[20160718,445,427,447,420,107532]
[20160715,442,444,449,437,47634]
[20160714,453,445,453,434,113592]
[20160713,460,450,462,448,128232]
[20160712,441,454,463,437,196920]
[20160711,438,440,441,428,72574]
[20160708,432,433,437,422,98458]
[20160707,426,423,438,423,139748]
[20160706,426,432,434,417,123056]
[20160705,434,428,437,415,106858]
[20160704,427,435,441,424,141680]
[20160701,427,433,430,422,86764]
[20160630,425,428,432,423,108194]
[20160629,433,425,434,419,149436]
[20160628,434,430,437,426,111852]
[20160627,419,436,438,419,194450]
[20160624,420,423,429,413,165298]
[20160623,419,423,422,414,90036]
[20160622,403,418,422,402,120922]
[20160621,398,406,409,395,82782]
[20160620,399,399,405,396,64686]
[20160617,391,400,401,389,101244]
[20160616,391,394,399,389,124372]
[20160615,383,391,394,380,145016]
[20160614,394,385,400,375,259786]
[20160613,407,397,413,394,168432]
[20160608,414,407,416,404,112768]
[20160607,420,413,423,411,115720]
[20160606,417,420,421,402,214106]
[20160603,408,413,420,407,127780]
[20160602,408,412,415,402,102744]
[20160601,408,404,409,398,103266]
[20160531,411,404,419,405,162886]
[20160530,407,412,411,395,160920]
[20160527,407,407,410,394,257876]
[20160526,393,409,408,391,221398]
[20160525,396,400,399,385,267860]
[20160524,413,396,413,388,350408]
[20160523,433,408,438,399,453792]
[20160520,422,429,436,419,296952]
[20160519,418,425,430,408,287982]
[20160518,427,411,433,414,236600]
[20160517,408,429,432,408,303670]
[20160516,396,410,415,396,274546]
[20160513,409,398,415,384,403364]
[20160512,409,410,418,405,217262]
[20160511,410,406,418,402,301446]
[20160510,393,411,414,390,416052]
[20160509,413,399,429,387,523522]
[20160506,419,416,428,402,315282]
[20160505,435,423,442,417,282476]
[20160504,428,437,437,423,244212]
[20160503,458,433,461,421,271370]
[20160429,434,447,462,434,447456]
[20160428,448,444,448,434,497926]
[20160427,473,437,476,453,657408]
[20160426,487,472,498,460,1384730]
[20160425,455,487,487,455,1171618]
[20160422,462,470,476,448,1095266]
[20160421,446,462,464,437,1026948]
[20160420,431,442,452,425,1368734]
[20160419,434,428,439,418,1198976]
[20160418,407,434,441,405,770502]
[20160415,424,410,427,409,694194]
[20160414,422,422,434,419,908180]
[20160413,416,420,431,410,1062526]
[20160412,402,413,414,400,641084]
[20160411,391,402,404,391,804038]
[20160408,388,396,391,384,482934]
[20160407,390,386,394,383,575236]
[20160406,388,392,398,388,482592]
[20160405,390,395,394,384,257188]
[20160401,383,389,391,382,567908]
[20160331,367,382,382,367,332472]
[20160330,368,369,371,364,103662]
[20160329,369,369,371,366,81750]
[20160328,373,370,377,367,159154]
[20160325,367,374,372,366,90900]
[20160324,374,369,376,367,162480]
[20160323,378,374,387,374,227858]
[20160322,377,377,381,375,134796]
[20160321,381,378,388,376,257866]
[20160318,375,381,386,374,275602]
[20160317,369,376,378,363,305700]
[20160316,369,370,374,369,162880]
[20160315,370,373,373,368,185786]
[20160314,368,371,382,365,588080]
[20160311,362,369,373,361,320026]
[20160310,365,366,375,358,488620]
[20160309,368,373,372,361,384176]
[20160308,388,367,388,361,761524]
[20160307,359,388,371,359,279668]
[20160304,363,362,363,351,426050]
[20160303,365,359,369,362,246562]
[20160302,369,367,369,363,277300]
[20160301,370,367,373,365,269008]
[20160229,365,369,369,359,301522]
[20160226,367,364,367,357,343956]
[20160225,369,365,370,363,373028]
[20160224,362,368,370,360,562936]
[20160223,358,362,365,356,253440]
[20160222,344,357,358,343,289146]
[20160219,342,343,349,340,192346]
[20160218,340,343,343,338,67332]
[20160217,341,340,344,338,138378]
[20160216,337,342,344,336,171956]
[20160215,335,339,341,333,56876]
[20160205,340,336,340,335,64774]
[20160204,342,338,342,338,81120]
[20160203,337,340,338,334,80766]
[20160202,336,336,337,333,95286]
[20160201,334,334,339,334,139714]
[20160129,333,335,336,331,131308]
[20160128,338,334,338,333,136026]
[20160127,333,336,339,332,204214]
[20160126,327,333,333,325,167978]
[20160125,329,326,332,327,198248]
[20160122,320,329,330,320,231604]
[20160121,323,322,324,319,183990]
[20160120,326,323,327,321,155130]
[20160119,327,326,329,321,248460]
[20160118,317,326,328,316,246362]
[20160115,319,316,323,318,174788]
[20160114,318,321,320,313,242696]
[20160113,321,318,326,316,292686]
[20160112,331,324,332,321,194018]
[20160111,332,331,334,328,151116]
[20160108,331,333,333,327,166732]
[20160107,331,330,334,329,118684]
[20160106,337,330,338,331,154372]
[20160105,334,337,338,334,101998]
[20160104,342,335,343,334,127106]
[20151231,336,340,343,335,225834]
[20151230,334,336,342,334,272750]
[20151229,326,334,334,324,210246]
[20151228,326,326,328,323,148478]
[20151225,328,325,329,325,87798]
[20151224,327,328,330,326,155664]
[20151223,328,329,329,324,129508]
[20151222,327,328,329,323,146498]
[20151221,323,327,330,322,255252]
[20151218,314,324,323,314,198380]
[20151217,313,315,317,313,129278]
[20151216,311,314,313,311,51488]
[20151215,312,311,316,311,136518]
[20151214,309,314,315,307,177620]
[20151211,307,308,310,304,138890]
[20151210,306,307,309,305,138478]
[20151209,314,306,314,304,252264]
[20151208,315,308,316,311,149984]
[20151207,312,314,317,310,124832]
[20151204,311,311,315,304,210636]
[20151203,314,313,315,310,87178]
[20151202,311,315,318,309,181008]
[20151201,306,312,313,305,126132]
[20151130,309,307,312,302,144144]
[20151127,310,310,317,306,188026]
[20151126,305,311,314,302,210728]
[20151125,297,303,307,293,243768]
[20151124,294,297,301,292,204064]
[20151123,299,297,302,293,157618]
[20151120,296,298,303,294,165686]
[20151119,309,298,309,297,157104]
[20151118,312,308,312,307,72200]
[20151117,310,311,313,308,63946]
[20151116,312,310,312,308,62094]
[20151113,307,311,313,307,65826]
[20151112,307,308,308,306,53658]
[20151111,308,307,308,307,32534]
[20151110,306,308,308,305,46602]
[20151109,308,306,309,306,61520]
[20151106,308,307,311,307,95200]
[20151105,308,308,309,307,81856]
[20151104,305,307,308,304,94082]
[20151103,304,305,307,303,93280]
[20151102,304,304,305,302,59644]
[20151030,304,304,306,304,40306]
[20151029,304,304,306,304,53592]
[20151028,308,304,308,304,140704]
[20151027,309,306,311,308,58104]
[20151026,313,310,313,309,48176]
[20151023,313,311,315,309,87446]
[20151022,311,313,315,308,85480]
[20151021,313,311,314,311,61608]
[20151020,310,312,313,309,57038]
[20151019,310,310,314,309,91876]
[20151016,308,310,310,308,50632]
[20151015,310,309,311,308,43700]
[20151014,310,309,311,307,76330]
[20151013,311,310,312,309,80138]
[20151012,319,309,320,310,101232]
[20151009,313,318,321,313,91420]
[20151008,314,314,315,312,26916]
[20150930,313,314,314,310,41854]
[20150929,313,312,316,313,40476]
[20150928,320,314,320,314,41466]
[20150925,318,316,321,318,55318]
[20150924,320,319,322,318,44572]
[20150923,323,321,323,318,100144]
[20150922,327,322,328,323,77572]
[20150921,320,326,328,320,120080]
[20150918,318,322,325,318,91688]
[20150917,323,320,323,320,68934]
[20150916,314,322,323,314,118296]
[20150915,314,316,316,313,40754]
[20150914,319,314,320,312,107506]
[20150911,322,320,325,319,63882]
[20150910,322,324,323,319,62134]
[20150909,321,321,327,320,123634]
[20150908,316,321,322,316,103032]
[20150907,313,317,318,312,42896]
[20150902,314,314,315,309,63616]
[20150901,310,315,316,310,59450]
[20150831,313,311,316,310,87882]
[20150828,313,312,321,312,111174]
[20150827,308,314,314,308,59936]
[20150826,317,310,319,307,102456]
[20150825,314,316,317,313,52644]
[20150824,328,316,329,316,82218]
[20150821,329,328,331,327,34760]
[20150820,333,327,333,327,44352]
[20150819,331,332,333,330,38054]
[20150818,335,331,336,332,39032]
[20150817,341,335,342,334,53320]
[20150814,341,342,341,337,54440]
[20150813,340,341,343,336,91390]
[20150812,329,342,342,329,52868]
[20150811,325,330,332,324,71006]
[20150810,325,325,328,323,44188]
[20150807,329,326,331,324,30190]
[20150806,335,331,336,329,20380]
[20150805,336,334,337,333,22006]
[20150804,332,336,337,330,31732]
[20150803,335,333,336,332,39692]
[20150430,362,335,365,361,192466]
[20150429,370,363,371,360,312510]
[20150428,371,369,375,367,220916]
[20150427,367,372,376,365,467788]
[20150424,360,366,368,359,301812]
[20150423,361,360,363,358,143006]
[20150422,358,360,364,357,198684]
[20150421,356,359,359,356,124892]
[20150420,365,357,365,354,357908]
[20150417,367,364,369,364,77234]
[20150416,363,368,369,363,67328]
[20150415,367,365,367,363,73196]
[20150414,366,366,368,365,68954]
[20150413,360,366,368,358,159920]
[20150410,364,361,365,359,115040]
[20150409,367,365,367,364,55002]
[20150408,367,367,369,363,127198]
[20150407,368,368,369,366,41574]
[20150403,368,369,372,368,92214]
[20150402,373,369,375,369,86560]
[20150401,371,374,375,370,70432]
