[20210830,2815,2817,2838,2784,900630]
[20210827,2787,2827,2822,2774,716590]
[20210826,2859,2786,2859,2785,940162]
[20210825,2838,2847,2879,2838,827080]
[20210824,2921,2846,2929,2823,1229709]
[20210823,2810,2916,2925,2766,1423758]
[20210820,2813,2797,2813,2774,885556]
[20210819,2855,2778,2859,2797,1004023]
[20210818,2859,2850,2894,2842,901956]
[20210817,2847,2861,2872,2823,753309]
[20210816,2841,2838,2876,2810,782214]
[20210813,2829,2852,2846,2813,373556]
[20210812,2811,2831,2852,2798,588976]
[20210811,2778,2802,2816,2768,605892]
[20210810,2733,2782,2789,2723,676765]
[20210809,2778,2744,2787,2697,933702]
[20210806,2762,2772,2792,2723,979905]
[20210805,2775,2756,2807,2756,927194]
[20210804,2769,2778,2791,2747,696026]
[20210803,2830,2772,2832,2756,1027468]
[20210802,2920,2817,2924,2827,1104700]
[20210730,2824,2898,2938,2817,1288843]
[20210729,2796,2838,2835,2786,791928]
[20210728,2807,2793,2814,2762,933252]
[20210727,2819,2803,2842,2804,717364]
[20210726,2850,2829,2856,2796,1050244]
[20210723,2877,2829,2914,2834,1114939]
[20210722,2851,2892,2930,2851,1194630]
[20210721,2866,2860,2876,2808,1094405]
[20210720,2899,2868,2899,2832,1033033]
[20210719,2847,2876,2906,2831,1058866]
[20210716,2780,2864,2878,2776,1290275]
[20210715,2813,2786,2822,2746,1014187]
[20210714,2782,2813,2821,2762,1029904]
[20210713,2759,2778,2793,2751,742209]
[20210712,2736,2766,2782,2736,980079]
[20210709,2680,2756,2737,2667,992962]
[20210708,2702,2674,2711,2658,992612]
[20210707,2776,2699,2776,2670,1322768]
[20210706,2761,2743,2803,2756,1095522]
[20210705,2737,2768,2795,2721,1268521]
[20210702,2707,2737,2741,2699,999213]
[20210701,2707,2740,2737,2696,953182]
[20210630,2687,2704,2774,2687,1506145]
[20210629,2684,2710,2711,2674,966354]
[20210628,2733,2700,2738,2652,1329697]
[20210625,2703,2727,2740,2673,1191923]
[20210624,2697,2696,2733,2691,909199]
[20210623,2664,2706,2730,2653,1277811]
[20210622,2568,2666,2671,2561,1348849]
[20210621,2586,2565,2610,2565,962402]
[20210618,2634,2584,2649,2574,1260078]
[20210617,2649,2632,2662,2623,1030009]
[20210616,2651,2649,2673,2641,999127]
[20210615,2593,2645,2654,2567,1154453]
[20210611,2590,2608,2606,2556,1090417]
[20210610,2594,2592,2608,2561,1052473]
[20210609,2574,2585,2601,2558,928572]
[20210608,2579,2576,2594,2544,1058353]
[20210607,2643,2583,2661,2570,1461832]
[20210604,2681,2649,2699,2632,1319434]
[20210603,2643,2668,2703,2624,1277115]
[20210602,2707,2637,2736,2631,1590507]
[20210601,2690,2729,2716,2668,1113775]
[20210531,2706,2670,2747,2682,1393954]
[20210528,2709,2724,2780,2693,1525248]
[20210527,2829,2735,2829,2706,1752511]
[20210526,2727,2780,2843,2683,1638529]
[20210525,2717,2702,2766,2701,1340544]
[20210524,2650,2742,2737,2629,1413251]
[20210521,2690,2666,2705,2622,1364372]
[20210520,2800,2691,2800,2632,1626827]
[20210519,2837,2728,2838,2763,1300689]
[20210518,2824,2819,2872,2798,1393158]
[20210517,2883,2806,2943,2804,1853732]
[20210514,2906,2917,2977,2784,3000285]
[20210513,2855,2892,3008,2830,2358331]
[20210512,2699,2915,2855,2690,1433801]
[20210511,2705,2703,2729,2656,1255684]
[20210510,2716,2702,2755,2679,1297510]
[20210507,2669,2696,2721,2659,946043]
[20210506,2574,2668,2682,2574,721060]
[20210430,2586,2628,2631,2564,1134654]
[20210429,2567,2614,2604,2553,1142051]
[20210428,2590,2576,2592,2529,1342386]
[20210427,2566,2575,2614,2560,1103976]
[20210426,2505,2574,2594,2502,1412733]
[20210423,2543,2522,2552,2491,1159150]
[20210422,2526,2549,2568,2512,1171736]
[20210421,2577,2518,2589,2522,1111237]
[20210420,2607,2586,2620,2572,902180]
[20210419,2601,2608,2610,2568,797588]
[20210416,2549,2595,2605,2536,1045095]
[20210415,2480,2547,2548,2476,734291]
[20210414,2459,2491,2491,2450,484458]
[20210413,2431,2485,2471,2431,548898]
[20210412,2549,2441,2549,2419,1031116]
[20210409,2542,2535,2564,2498,893672]
[20210408,2541,2533,2551,2508,701403]
[20210407,2539,2546,2564,2532,671122]
[20210406,2533,2548,2545,2502,556694]
[20210402,2457,2528,2533,2428,1154165]
[20210401,2465,2463,2473,2436,681901]
[20210331,2489,2443,2508,2451,947295]
[20210330,2465,2502,2521,2463,1000186]
[20210329,2446,2473,2475,2437,837802]
[20210326,2411,2451,2442,2409,834924]
[20210325,2443,2421,2446,2393,998166]
[20210324,2411,2432,2444,2405,828964]
[20210323,2417,2412,2441,2400,817573]
[20210322,2395,2416,2421,2377,865797]
[20210319,2479,2402,2488,2361,1447689]
[20210318,2508,2486,2510,2452,1194763]
[20210317,2526,2506,2532,2483,910995]
[20210316,2519,2505,2554,2512,867616]
[20210315,2562,2520,2568,2489,1225826]
[20210312,2543,2550,2564,2511,1159927]
[20210311,2566,2553,2571,2498,1180089]
[20210310,2668,2552,2673,2538,1522977]
[20210309,2683,2642,2716,2657,1262257]
[20210308,2673,2679,2767,2668,1273142]
[20210305,2591,2685,2664,2566,1549652]
[20210304,2637,2580,2639,2585,1317278]
[20210303,2622,2624,2676,2585,1438950]
[20210302,2611,2649,2621,2549,1431154]
[20210301,2533,2588,2667,2532,1812220]
[20210226,2609,2553,2619,2521,1592312]
[20210225,2555,2604,2644,2541,1477611]
[20210224,2524,2562,2550,2505,1072232]
[20210223,2513,2518,2564,2485,1542480]
[20210222,2463,2511,2541,2446,1165513]
[20210219,2436,2450,2490,2418,1226447]
[20210218,2388,2455,2436,2387,532851]
[20210210,2396,2416,2406,2320,1023180]
[20210209,2394,2385,2413,2375,699919]
[20210208,2405,2398,2433,2386,883730]
[20210205,2395,2395,2413,2380,861717]
[20210204,2350,2401,2395,2343,1132421]
[20210203,2353,2359,2354,2301,1092422]
[20210202,2367,2340,2384,2325,1101224]
[20210201,2389,2377,2404,2363,872879]
[20210129,2332,2386,2394,2325,1534820]
[20210128,2324,2329,2342,2299,1083594]
[20210127,2311,2323,2331,2308,768685]
[20210126,2353,2319,2366,2308,1250444]
[20210125,2401,2358,2415,2346,1492393]
[20210122,2393,2397,2419,2386,1298231]
[20210121,2337,2401,2402,2329,1321209]
[20210120,2383,2340,2390,2333,1325765]
[20210119,2416,2368,2425,2376,1151565]
[20210118,2377,2411,2420,2360,1139408]
[20210115,2387,2388,2419,2353,1536421]
[20210114,2437,2395,2443,2380,1181373]
[20210113,2428,2423,2460,2397,1382089]
[20210112,2404,2417,2427,2339,1541096]
[20210111,2401,2412,2445,2392,1492817]
[20210108,2452,2401,2461,2366,1408607]
[20210107,2462,2440,2469,2410,1366907]
[20210106,2504,2462,2514,2447,1176684]
[20210105,2469,2502,2503,2464,1096026]
[20210104,2463,2486,2495,2443,794491]
[20201231,2442,2456,2490,2428,1249284]
[20201230,2411,2448,2450,2396,1232087]
[20201229,2446,2412,2460,2390,1512883]
[20201228,2528,2431,2551,2419,1838603]
[20201225,2583,2538,2594,2529,1346980]
[20201224,2526,2591,2622,2516,2093728]
[20201223,2557,2540,2558,2461,1546413]
[20201222,2578,2536,2640,2542,1693391]
[20201221,2604,2558,2631,2575,1311577]
[20201218,2583,2607,2644,2569,1527797]
[20201217,2574,2598,2591,2544,1345344]
[20201216,2601,2565,2606,2564,1116127]
[20201215,2560,2593,2605,2533,1291111]
[20201214,2548,2572,2572,2524,1116772]
[20201211,2427,2549,2561,2417,1095459]
[20201210,2380,2420,2445,2379,857419]
[20201209,2348,2412,2388,2339,872158]
[20201208,2360,2341,2392,2334,1107300]
[20201207,2350,2360,2394,2343,816339]
[20201204,2363,2369,2372,2315,1112387]
[20201203,2419,2362,2424,2344,1244900]
[20201202,2414,2415,2433,2392,911636]
[20201201,2394,2406,2435,2371,1465635]
[20201130,2370,2384,2398,2352,1206853]
[20201127,2338,2364,2376,2327,982853]
[20201126,2421,2335,2427,2328,1597103]
[20201125,2412,2392,2456,2410,1509862]
[20201124,2396,2429,2420,2378,1194596]
[20201123,2403,2390,2466,2374,1757236]
[20201120,2392,2412,2409,2377,1056926]
[20201119,2376,2404,2437,2354,1970980]
[20201118,2342,2365,2366,2312,1523454]
[20201117,2346,2326,2371,2323,1459868]
[20201116,2361,2346,2416,2333,2087538]
[20201113,2285,2359,2366,2278,1768310]
[20201112,2266,2282,2293,2248,1139853]
[20201111,2237,2267,2309,2232,2240883]
[20201110,2238,2236,2241,2198,1491401]
[20201109,2182,2224,2207,2161,1094488]
[20201106,2155,2194,2193,2145,1522753]
[20201105,2171,2162,2184,2142,1081417]
[20201104,2152,2177,2189,2145,1540159]
[20201103,2127,2155,2169,2121,1745842]
[20201102,2120,2142,2129,2082,1382092]
[20201030,2108,2122,2166,2079,1949887]
[20201029,2136,2101,2164,2114,1771892]
[20201028,2122,2129,2164,2122,1361042]
[20201027,2099,2140,2131,2095,1025188]
[20201026,2159,2111,2167,2101,1534963]
[20201023,2185,2162,2195,2146,1282048]
[20201022,2208,2186,2209,2175,1150089]
[20201021,2135,2198,2251,2128,2489171]
[20201020,2144,2139,2144,2120,689106]
[20201019,2170,2136,2190,2130,1336533]
[20201016,2142,2165,2178,2128,1318613]
[20201015,2143,2134,2165,2123,1004280]
[20201014,2139,2137,2156,2129,830052]
[20201013,2127,2147,2143,2109,808029]
[20201012,2077,2123,2137,2077,906583]
[20201009,2074,2107,2091,2067,346590]
[20200930,2073,2076,2079,2011,1154647]
[20200929,2087,2066,2102,2049,1033258]
[20200928,2111,2097,2134,2087,991342]
[20200925,2094,2104,2122,2093,740290]
[20200924,2114,2103,2126,2075,1136681]
[20200923,2118,2117,2131,2094,936125]
[20200922,2170,2126,2170,2092,1366085]
[20200921,2173,2156,2189,2146,1267490]
[20200918,2198,2167,2198,2153,1281456]
[20200917,2185,2186,2217,2177,1410495]
[20200916,2186,2186,2203,2169,1116197]
[20200915,2129,2196,2219,2129,1831791]
[20200914,2094,2143,2136,2089,851934]
[20200911,2080,2097,2103,2074,861249]
[20200910,2098,2085,2109,2071,1016525]
[20200909,2106,2104,2113,2036,1432527]
[20200908,2153,2107,2163,2120,1026050]
[20200907,2160,2150,2181,2140,1273887]
[20200904,2119,2167,2159,2089,1155453]
[20200903,2139,2124,2140,2122,868530]
[20200902,2127,2132,2150,2127,1116469]
[20200901,2081,2136,2143,2075,1331248]
[20200831,2045,2083,2088,2043,952671]
[20200828,2056,2051,2064,2030,861451]
[20200827,2062,2062,2066,2051,561067]
[20200826,2045,2062,2063,2035,851363]
[20200825,2039,2044,2049,2033,612631]
[20200824,2018,2039,2043,2014,1011390]
[20200821,2000,2016,2022,1991,842501]
[20200820,2015,1996,2030,1991,882972]
[20200819,2019,2014,2027,2012,609509]
[20200818,1994,2021,2028,1994,771489]
[20200817,2003,2001,2012,1983,386666]
[20200814,2006,2007,2013,1983,501889]
[20200813,2002,2000,2015,1991,496302]
[20200812,1991,1998,2013,1958,929340]
[20200811,1979,1976,1989,1971,520684]
[20200810,1951,1981,1994,1937,1065527]
[20200807,1936,1950,1958,1930,754632]
[20200806,1953,1938,1960,1921,706972]
[20200805,1935,1954,1953,1913,799271]
[20200804,1945,1943,1958,1932,629451]
[20200803,1970,1951,1971,1924,841198]
[20200731,1993,1960,1995,1928,1233023]
[20200730,2017,1991,2023,1995,736928]
[20200729,1974,2013,2021,1973,1209808]
[20200728,1993,1978,2008,1976,1040042]
[20200727,1975,1987,1998,1970,1006065]
[20200724,2021,1982,2038,1963,1655367]
[20200723,2013,2032,2037,1989,1378565]
[20200722,2035,2002,2041,2014,1279672]
[20200721,2030,2034,2039,2010,1337818]
[20200720,2056,2033,2068,2018,1307319]
[20200717,2087,2060,2097,2041,1722069]
[20200716,2108,2092,2116,2085,1322976]
[20200715,2072,2102,2133,2071,1699126]
[20200714,2073,2102,2084,2050,1335913]
[20200713,2037,2070,2084,2034,1260748]
[20200710,2065,2040,2073,2018,1544953]
[20200709,2065,2066,2077,2047,1164244]
[20200708,2043,2068,2072,2037,1158626]
[20200707,2072,2043,2081,2030,1481907]
[20200706,2061,2078,2090,2047,1445814]
[20200703,2048,2057,2076,2041,1538291]
[20200702,2005,2045,2058,2003,1665202]
[20200701,1995,2016,2017,1990,1044375]
[20200630,2003,1999,2024,1993,1148656]
[20200629,2005,1997,2006,1968,748979]
[20200624,2032,1995,2032,1986,1026743]
[20200623,1992,2019,2029,1990,1550603]
[20200622,2003,1998,2007,1977,1169309]
[20200619,1967,1998,2002,1958,1389548]
[20200618,1954,1962,1967,1939,1001262]
[20200617,1982,1951,1984,1938,1148986]
[20200616,1927,1971,1973,1923,1190329]
[20200615,1970,1931,1977,1918,1418512]
[20200612,1960,1966,1968,1926,1456193]
[20200611,1992,1962,2006,1960,1329937]
[20200610,1998,2001,2010,1985,1050425]
[20200609,2013,2000,2023,1989,1278466]
[20200608,2031,2018,2037,2006,1266730]
[20200605,1997,2019,2019,1994,1244965]
[20200604,1993,2003,2016,1984,1429629]
[20200603,1961,2000,2009,1952,1734082]
[20200602,1959,1958,1969,1943,1353132]
[20200601,1936,1950,1971,1934,1385209]
[20200529,1961,1937,1963,1924,1528965]
[20200528,1963,1954,1970,1942,1312782]
[20200527,1928,1962,1977,1910,2126269]
[20200526,1931,1924,1942,1919,1317609]
[20200525,1929,1938,1947,1907,1542748]
[20200522,2002,1929,2011,1913,2150353]
[20200521,2000,2006,2021,1990,1534760]
[20200520,1946,1993,2008,1938,1923252]
[20200519,1967,1960,1990,1945,1858813]
[20200518,2016,1970,2019,1954,1818222]
[20200515,1999,2008,2035,1991,1211347]
[20200514,2005,1998,2007,1968,1168777]
[20200513,1983,1994,2001,1944,1500996]
[20200512,2010,1985,2017,1966,1091150]
[20200511,2014,2009,2035,1993,1421928]
[20200508,2035,2011,2035,1982,1391752]
[20200507,2024,2026,2068,2003,1205837]
[20200506,2106,2041,2117,2029,704391]
[20200430,1971,2072,2046,1966,993583]
[20200429,1969,1971,1991,1914,1268570]
[20200428,1893,1985,1963,1890,1157805]
[20200427,1931,1904,1931,1873,1010587]
[20200424,1973,1908,1993,1935,968551]
[20200423,1930,1975,1998,1922,1132710]
[20200422,1898,1951,1918,1867,970961]
[20200421,1975,1876,2014,1884,1442349]
[20200420,1959,1964,2014,1948,848948]
[20200417,1999,1963,2032,1951,1146744]
[20200416,2047,2018,2048,1973,960290]
[20200415,1992,2021,2068,1989,1076757]
[20200414,2088,2022,2093,2015,855321]
[20200413,2173,2062,2206,2068,855075]
[20200410,2135,2164,2184,2132,617539]
[20200409,2088,2145,2177,2077,759091]
[20200408,2050,2113,2081,2043,506182]
[20200407,2033,2058,2076,2028,623408]
[20200403,1994,2059,2026,1973,692066]
[20200402,1903,1981,2034,1878,1107106]
[20200401,1938,1921,1941,1901,551212]
[20200331,1929,1936,1995,1921,827938]
[20200330,1927,1943,1961,1892,663702]
[20200327,2063,1943,2065,1914,1099491]
[20200326,2049,2032,2079,2042,570843]
[20200325,2135,2047,2147,2030,1077234]
[20200324,2142,2143,2150,2090,695625]
[20200323,2086,2143,2161,2085,766973]
[20200320,2152,2117,2175,2110,588452]
[20200319,2168,2150,2178,2094,896073]
[20200318,2211,2130,2248,2142,850765]
[20200317,2229,2213,2250,2185,618678]
[20200316,2254,2216,2282,2223,536038]
[20200313,2233,2257,2309,2201,941842]
[20200312,2295,2233,2303,2218,784264]
[20200311,2362,2283,2373,2288,746804]
[20200310,2267,2354,2374,2256,801668]
[20200309,2349,2279,2349,2180,322951]
[20200306,2476,2349,2495,2455,724706]
[20200305,2502,2467,2511,2469,892129]
[20200304,2510,2498,2515,2487,512911]
[20200303,2537,2501,2565,2476,901789]
[20200302,2499,2553,2528,2472,761117]
[20200228,2521,2494,2547,2451,1072266]
[20200227,2537,2513,2565,2531,451681]
[20200226,2597,2554,2623,2536,1102796]
[20200225,2523,2589,2610,2522,756078]
[20200224,2576,2527,2587,2511,697135]
[20200221,2613,2537,2619,2575,643231]
[20200220,2609,2608,2632,2591,662381]
[20200219,2574,2629,2602,2567,494779]
[20200218,2588,2580,2603,2558,730039]
[20200217,2581,2580,2593,2574,412642]
[20200214,2556,2580,2592,2528,741506]
[20200213,2570,2555,2580,2538,449176]
[20200212,2585,2566,2604,2526,1057833]
[20200211,2602,2594,2626,2581,543346]
[20200210,2594,2615,2629,2578,697327]
[20200207,2567,2621,2615,2565,546437]
[20200206,2571,2571,2593,2551,621635]
[20200205,2548,2574,2586,2538,527814]
[20200204,2482,2555,2553,2458,600666]
[20200203,2599,2516,2602,2571,95783]
[20200123,2761,2586,2798,2571,718749]
[20200122,2799,2790,2814,2735,883416]
[20200121,2868,2808,2868,2800,878802]
[20200120,2804,2860,2872,2799,844717]
[20200117,2834,2809,2865,2788,1046486]
[20200116,2879,2843,2886,2825,1074575]
[20200115,2909,2871,2921,2841,1197037]
[20200114,2928,2870,2929,2853,1295923]
[20200113,2762,2890,2881,2755,1343263]
[20200110,2750,2770,2759,2724,815357]
[20200109,2848,2750,2870,2729,1533578]
[20200108,2799,2849,2920,2789,1410743]
[20200107,2804,2799,2823,2766,1005295]
[20200106,2760,2811,2817,2724,1125400]
[20200103,2697,2746,2750,2684,1042780]
[20200102,2694,2692,2702,2678,322437]
[20191231,2728,2695,2734,2662,2013616]
[20191230,2695,2725,2741,2686,1613100]
[20191227,2645,2690,2694,2645,1568198]
[20191226,2663,2656,2665,2641,895094]
[20191225,2624,2660,2675,2607,1941104]
[20191224,2643,2616,2649,2607,1533578]
[20191223,2631,2632,2668,2624,1789702]
[20191220,2609,2627,2642,2597,1812078]
[20191219,2582,2602,2609,2576,1538346]
[20191218,2643,2585,2648,2580,1938428]
[20191217,2603,2636,2648,2599,1677602]
[20191216,2591,2614,2623,2587,1983840]
[20191213,2607,2592,2613,2581,1186760]
[20191212,2550,2596,2604,2550,1218434]
[20191211,2582,2567,2582,2529,1157972]
[20191210,2583,2560,2605,2574,1114024]
[20191209,2569,2586,2622,2567,1818264]
[20191206,2609,2582,2614,2562,1759620]
[20191205,2569,2604,2618,2564,1943974]
[20191204,2549,2585,2582,2532,1906176]
[20191203,2484,2571,2544,2484,2029732]
[20191202,2509,2492,2511,2462,1758570]
[20191129,2505,2498,2535,2500,1654986]
[20191128,2542,2509,2551,2493,2018652]
[20191127,2549,2535,2563,2527,1647224]
[20191126,2587,2541,2591,2524,2439384]
[20191125,2507,2576,2586,2497,2518358]
[20191122,2504,2504,2550,2489,2382586]
[20191121,2460,2510,2507,2457,1999796]
[20191120,2475,2465,2482,2440,1748280]
[20191119,2529,2471,2547,2435,3158558]
[20191118,2514,2533,2541,2509,1565628]
[20191115,2509,2519,2545,2492,2333538]
[20191114,2516,2506,2531,2479,2251158]
[20191113,2524,2507,2547,2506,1571404]
[20191112,2529,2541,2546,2495,1964160]
[20191111,2583,2533,2605,2516,1993248]
[20191108,2648,2590,2658,2583,1714054]
[20191107,2672,2648,2687,2631,1804774]
[20191106,2739,2678,2741,2667,1818460]
[20191105,2694,2738,2742,2692,1634104]
[20191104,2680,2702,2702,2670,1189300]
[20191101,2693,2681,2699,2658,1558592]
[20191031,2711,2687,2720,2688,1285218]
[20191030,2694,2714,2725,2670,1745106]
[20191029,2697,2696,2719,2692,1503716]
[20191028,2679,2703,2696,2653,1790288]
[20191025,2744,2688,2752,2675,2034468]
[20191024,2728,2750,2764,2721,1691764]
[20191023,2775,2741,2793,2721,1755882]
[20191022,2769,2777,2788,2746,1076606]
[20191021,2842,2755,2842,2755,1503772]
[20191018,2840,2824,2853,2814,1274040]
[20191017,2842,2841,2849,2809,1589842]
[20191016,2931,2846,2942,2830,2295282]
[20191015,2943,2921,2976,2915,1533378]
[20191014,2994,2945,3010,2945,1780908]
[20191011,3045,2982,3048,2971,2031076]
[20191010,3091,3041,3119,3030,1923990]
[20191009,3079,3104,3113,3048,1706166]
[20191008,3091,3078,3097,3070,466044]
[20190930,3001,3079,3124,2993,2001640]
[20190927,3046,3003,3061,2992,1786944]
[20190926,3096,3050,3119,3021,2506032]
[20190925,3060,3086,3109,3032,2092130]
[20190924,3058,3042,3077,3018,1708118]
[20190923,2988,3047,3068,2988,1682764]
[20190920,2979,3014,3001,2945,1665118]
[20190919,2943,2962,2978,2933,1611686]
[20190918,3077,2956,3081,2948,2427448]
[20190917,3039,3052,3135,3023,2449226]
[20190916,2952,3059,3032,2952,1253480]
[20190912,2891,2970,3011,2877,1492880]
[20190911,2895,2890,2915,2876,1146646]
[20190910,2916,2896,2918,2884,1154466]
[20190909,2844,2903,2915,2841,1757124]
[20190906,2811,2860,2844,2801,1399158]
[20190905,2866,2813,2896,2809,2435548]
[20190904,2836,2849,2868,2831,1175848]
[20190903,2846,2840,2875,2828,1554990]
[20190902,2763,2844,2849,2759,2026678]
[20190830,2763,2766,2778,2738,1492374]
[20190829,2787,2766,2800,2741,1516892]
[20190828,2734,2790,2790,2726,1539860]
[20190827,2764,2735,2786,2716,1710110]
[20190826,2772,2777,2808,2751,1628346]
[20190823,2765,2781,2792,2747,1207160]
[20190822,2754,2751,2774,2738,1237366]
[20190821,2820,2752,2826,2733,1912408]
[20190820,2842,2793,2858,2802,1493742]
[20190819,2818,2848,2855,2817,1087364]
[20190816,2868,2830,2872,2820,1162398]
[20190815,2879,2864,2906,2839,1080068]
[20190814,2921,2895,2960,2889,1424982]
[20190813,2904,2915,2933,2879,950862]
[20190812,2906,2906,2927,2872,1231786]
[20190809,2914,2911,2927,2873,1489748]
[20190808,2883,2922,2937,2851,1887236]
[20190807,2831,2877,2895,2808,1736226]
[20190806,2790,2836,2834,2782,1471364]
[20190805,2900,2798,2906,2774,2225848]
[20190802,2869,2903,2919,2834,2351346]
[20190801,2876,2870,2900,2850,1826014]
[20190731,2831,2881,2893,2825,2103050]
[20190730,2798,2835,2851,2797,2055582]
[20190729,2782,2801,2815,2781,1429456]
[20190726,2835,2790,2836,2771,2102980]
[20190725,2873,2825,2873,2823,1603548]
[20190724,2853,2854,2891,2836,1774156]
[20190723,2936,2842,2947,2855,2251770]
[20190722,2970,2927,2994,2922,1916804]
[20190719,2938,2964,3010,2899,2359668]
[20190718,2975,2940,2981,2907,1657704]
[20190717,2960,2961,2985,2941,1344902]
[20190716,3038,2966,3046,2948,1946674]
[20190715,3032,3040,3055,3017,1406654]
[20190712,3059,3039,3080,3006,2026290]
[20190711,3111,3069,3122,3068,1578750]
[20190710,3084,3099,3117,3034,1958710]
[20190709,3159,3066,3201,3072,2990648]
[20190708,3155,3149,3209,3138,1903462]
[20190705,3151,3163,3187,3144,1726532]
[20190704,3178,3151,3198,3104,2248310]
[20190703,3182,3168,3199,3133,2301838]
[20190702,3134,3191,3206,3102,2571924]
[20190701,3083,3123,3146,3081,1826476]
[20190628,3152,3087,3168,3062,2497842]
[20190627,3224,3164,3257,3153,2610728]
[20190626,3220,3219,3236,3198,1628246]
[20190625,3266,3201,3270,3193,1686658]
[20190624,3243,3258,3293,3240,1539520]
[20190621,3274,3253,3301,3227,2002140]
[20190620,3208,3267,3269,3191,1752284]
[20190619,3212,3209,3259,3197,1857068]
[20190618,3182,3199,3219,3168,1469952]
[20190617,3183,3185,3204,3136,1549508]
[20190614,3221,3180,3228,3165,1574232]
[20190613,3111,3202,3214,3108,2457528]
[20190612,3176,3141,3183,3115,1569434]
[20190611,3145,3167,3194,3102,2107424]
[20190610,3161,3141,3185,3145,792112]
[20190606,3107,3159,3187,3046,2569680]
[20190605,3152,3123,3183,3111,1769478]
[20190604,3149,3175,3165,3102,1666194]
[20190603,3248,3144,3259,3136,2066734]
[20190531,3314,3221,3327,3236,1801238]
[20190530,3372,3321,3402,3299,1889390]
[20190529,3323,3375,3393,3308,1660978]
[20190528,3323,3314,3341,3278,1412090]
[20190527,3303,3323,3334,3274,1275976]
[20190524,3345,3326,3369,3263,2047832]
[20190523,3451,3359,3457,3344,1866180]
[20190522,3447,3435,3470,3401,1851400]
[20190521,3399,3457,3466,3398,1565020]
[20190520,3327,3403,3462,3325,2670306]
[20190517,3327,3356,3341,3308,1288806]
[20190516,3254,3319,3322,3254,1426596]
[20190515,3236,3262,3261,3225,854058]
[20190514,3293,3243,3318,3213,1861634]
[20190513,3340,3314,3345,3278,1272588]
[20190510,3330,3340,3376,3329,1306332]
[20190509,3345,3345,3350,3314,1130234]
[20190508,3323,3341,3360,3314,1196658]
[20190507,3296,3330,3338,3291,1106394]
[20190506,3277,3311,3299,3258,764492]
[20190430,3277,3273,3285,3214,1367766]
[20190429,3240,3266,3288,3239,1137846]
[20190426,3345,3257,3348,3240,1955890]
[20190425,3331,3338,3361,3322,1474996]
[20190424,3340,3338,3342,3295,1368138]
[20190423,3333,3323,3357,3322,1162690]
[20190422,3322,3327,3384,3310,1819972]
[20190419,3289,3316,3321,3285,1107106]
[20190418,3363,3293,3375,3282,1802170]
[20190417,3361,3365,3391,3355,1183050]
[20190416,3386,3374,3401,3349,1379322]
[20190415,3462,3395,3471,3386,1219050]
[20190412,3470,3454,3478,3409,993698]
[20190411,3481,3470,3504,3440,775708]
[20190410,3506,3497,3516,3465,1015830]
[20190409,3553,3513,3567,3493,1227886]
[20190408,3500,3565,3569,3500,961760]
[20190404,3444,3531,3513,3440,1586172]
[20190403,3438,3460,3468,3427,1447522]
[20190402,3445,3447,3471,3416,1758874]
[20190401,3372,3447,3444,3360,1951798]
[20190329,3355,3369,3417,3326,2499032]
[20190328,3436,3340,3453,3351,2229394]
[20190327,3489,3422,3495,3426,1658528]
[20190326,3506,3492,3519,3475,1342908]
[20190325,3499,3503,3526,3453,1924148]
[20190322,3510,3512,3545,3478,1905632]
[20190321,3502,3502,3527,3502,1335928]
[20190320,3472,3522,3524,3461,1829674]
[20190319,3467,3486,3500,3433,1548594]
[20190318,3548,3481,3569,3461,1993686]
[20190315,3640,3554,3647,3543,2145262]
[20190314,3689,3631,3696,3622,1792766]
[20190313,3703,3634,3709,3676,1511860]
[20190312,3627,3691,3706,3606,2211804]
[20190311,3613,3631,3653,3603,1540100]
[20190308,3648,3634,3655,3593,2096918]
[20190307,3737,3653,3761,3627,2489956]
[20190306,3740,3750,3768,3693,2160256]
[20190305,3757,3748,3760,3700,1876398]
[20190304,3714,3744,3792,3674,2810722]
[20190301,3571,3702,3729,3565,2415204]
[20190228,3560,3574,3588,3547,1361314]
[20190227,3607,3569,3610,3541,1648414]
[20190226,3519,3586,3600,3475,2315534]
[20190225,3581,3495,3593,3534,1897150]
[20190222,3544,3574,3569,3527,1482536]
[20190221,3485,3533,3575,3485,2129166]
[20190220,3493,3514,3510,3467,1752712]
[20190219,3445,3502,3486,3431,2043492]
[20190218,3512,3460,3543,3429,3156062]
[20190215,3630,3486,3630,3488,3148024]
[20190214,3561,3609,3630,3516,1909210]
[20190213,3619,3540,3638,3536,2001934]
[20190212,3565,3623,3658,3565,2157758]
[20190211,3551,3600,3609,3530,751848]
[20190201,3548,3579,3592,3509,1498902]
[20190131,3492,3562,3555,3486,1726100]
[20190130,3448,3520,3513,3424,2289980]
[20190129,3437,3437,3469,3382,2598922]
[20190128,3507,3448,3555,3438,1938876]
[20190125,3488,3522,3579,3485,2124350]
[20190124,3522,3495,3531,3481,1630090]
[20190123,3510,3529,3526,3472,1866112]
[20190122,3605,3516,3638,3517,2493448]
[20190121,3500,3613,3640,3500,2999136]
[20190118,3472,3531,3517,3448,1968412]
[20190117,3534,3457,3558,3489,1588784]
[20190116,3530,3531,3584,3526,1632696]
[20190115,3517,3544,3543,3484,1498872]
[20190114,3531,3506,3569,3507,1575636]
[20190111,3513,3516,3533,3489,1248016]
[20190110,3527,3503,3547,3481,1769162]
[20190109,3472,3514,3538,3462,1751836]
[20190108,3478,3478,3503,3441,1587800]
[20190107,3510,3499,3510,3464,1485098]
[20190104,3454,3479,3507,3433,1913722]
[20190103,3379,3475,3458,3360,1769968]
[20190102,3399,3371,3410,3355,886930]
[20181228,3341,3400,3405,3329,1906318]
[20181227,3320,3347,3451,3299,2547532]
[20181226,3262,3302,3315,3262,1389422]
[20181225,3388,3278,3403,3247,2361366]
[20181224,3431,3378,3454,3371,2114716]
[20181221,3492,3437,3526,3413,2682710]
[20181220,3493,3498,3523,3454,2170376]
[20181219,3474,3498,3512,3426,2283340]
[20181218,3531,3482,3555,3438,2147272]
[20181217,3506,3530,3540,3465,1809590]
[20181214,3448,3493,3531,3443,1980360]
[20181213,3447,3468,3496,3417,2287170]
[20181212,3437,3451,3485,3398,2151364]
[20181211,3529,3443,3551,3419,1367354]
[20181210,3613,3500,3703,3514,2234390]
[20181207,3498,3624,3640,3481,2635060]
[20181206,3577,3521,3594,3497,2082584]
[20181205,3561,3558,3584,3467,2959446]
[20181204,3306,3548,3550,3298,3261268]
[20181203,3345,3346,3548,3303,2835296]
[20181130,3483,3338,3507,3316,2201452]
[20181129,3481,3470,3520,3444,1773074]
[20181128,3438,3461,3533,3427,1870276]
[20181127,3407,3442,3478,3382,1686970]
[20181126,3507,3404,3507,3430,1130004]
[20181123,3667,3461,3685,3536,2278482]
[20181122,3685,3644,3700,3590,2881358]
[20181121,3831,3686,3835,3662,2359544]
[20181120,3905,3795,3914,3809,1716566]
[20181119,3993,3884,3994,3889,1413080]
[20181116,3931,3973,4001,3877,1863660]
[20181115,3918,3928,3937,3891,1241122]
[20181114,4008,3911,4060,3831,2678916]
[20181113,4006,4030,4033,3971,1187134]
[20181112,4049,4017,4100,3963,2265432]
[20181109,4089,4064,4094,4026,1509018]
[20181108,4076,4074,4112,4021,1625868]
[20181107,4147,4076,4165,4014,2079334]
[20181106,4283,4153,4289,4116,2125222]
[20181105,4219,4265,4294,4209,1136900]
[20181102,4193,4235,4242,4167,1355008]
[20181101,4316,4200,4322,4162,1750544]
[20181031,4319,4321,4344,4249,1647672]
[20181030,4369,4326,4415,4312,1103450]
[20181029,4617,4379,4650,4401,1936560]
[20181026,4656,4610,4670,4600,1324094]
[20181025,4819,4656,4844,4635,1848668]
[20181024,4745,4828,4825,4709,1340816]
[20181023,4758,4741,4796,4746,930584]
[20181022,4806,4778,4818,4732,1501236]
[20181019,4816,4761,4868,4794,1655232]
[20181018,4838,4844,4864,4775,1686240]
[20181017,4822,4809,4881,4814,1006424]
[20181016,4960,4838,4964,4779,1810706]
[20181015,5003,4927,5047,4951,1532200]
[20181012,4871,4991,5024,4848,1855876]
[20181011,4935,4890,4940,4815,1315764]
[20181010,4934,4918,4968,4891,1153338]
[20181009,4756,4953,4902,4748,1556818]
[20181008,4649,4796,4768,4607,575076]
[20180928,4659,4643,4676,4574,1176170]
[20180927,4646,4653,4696,4630,744318]
[20180926,4775,4657,4778,4645,1190564]
[20180925,4761,4763,4794,4736,575156]
[20180921,4784,4766,4822,4745,1003844]
[20180920,4781,4756,4812,4762,951656]
[20180919,4672,4765,4785,4665,1370066]
[20180918,4676,4683,4693,4622,1306808]
[20180917,4675,4663,4692,4587,1838758]
[20180914,4656,4667,4702,4647,814754]
[20180913,4688,4663,4709,4632,987744]
[20180912,4789,4700,4824,4627,1718126]
[20180911,4871,4785,4875,4775,1296248]
[20180910,4814,4842,4882,4785,1311470]
[20180907,4693,4794,4822,4675,1657962]
[20180906,4706,4677,4709,4659,1048886]
[20180905,4656,4700,4726,4624,1407826]
[20180904,4606,4663,4659,4573,1347728]
[20180903,4677,4604,4688,4536,1725310]
[20180831,4720,4679,4769,4655,1964258]
[20180830,4689,4715,4726,4627,1684492]
[20180829,4725,4682,4792,4659,1878766]
[20180828,4739,4723,4832,4695,1632084]
[20180827,4739,4769,4775,4666,1347796]
[20180824,4742,4752,4755,4679,1384338]
[20180823,4857,4708,4935,4729,2279984]
[20180822,4779,4890,5043,4751,3360542]
[20180821,4819,4778,4862,4735,1506794]
[20180820,4692,4828,4907,4602,2045974]
[20180817,4782,4702,4806,4657,1587760]
[20180816,4779,4735,4875,4649,2336106]
[20180815,4824,4826,4841,4735,1217966]
[20180814,4667,4802,4881,4655,2003198]
[20180813,4656,4719,4690,4617,697512]
[20180810,4715,4650,4763,4617,1137498]
[20180809,4746,4719,4769,4686,851414]
[20180808,4763,4735,4825,4683,756482]
[20180807,4727,4804,4781,4677,932192]
[20180806,4652,4693,4840,4639,1405902]
[20180803,4436,4749,4586,4415,819860]
[20180802,4318,4427,4437,4308,794794]
[20180801,4349,4329,4385,4301,618234]
[20180731,4373,4358,4387,4329,486136]
[20180730,4304,4358,4396,4292,741282]
[20180727,4274,4315,4312,4271,509712]
[20180726,4295,4289,4299,4248,637278]
[20180725,4355,4279,4362,4292,636720]
[20180724,4304,4351,4382,4295,684546]
[20180723,4295,4301,4318,4276,514134]
[20180720,4243,4301,4302,4224,661020]
[20180719,4220,4243,4285,4220,698130]
[20180718,4207,4230,4224,4192,348844]
[20180717,4198,4195,4223,4176,506604]
[20180716,4220,4201,4248,4202,566608]
[20180713,4286,4240,4320,4226,676900]
[20180712,4261,4288,4295,4214,897256]
[20180711,4285,4258,4305,4243,702872]
[20180710,4260,4282,4298,4226,665968]
[20180709,4267,4240,4273,4232,538756]
[20180706,4246,4242,4286,4216,841954]
[20180705,4226,4245,4264,4196,1013190]
[20180704,4170,4216,4249,4133,925428]
[20180703,4152,4170,4176,4138,428948]
[20180702,4163,4168,4213,4130,610320]
[20180629,4116,4164,4179,4095,711032]
[20180628,4048,4110,4129,4048,680542]
[20180627,4014,4063,4052,4013,507696]
[20180626,4032,4027,4036,3950,861278]
[20180625,4032,4016,4069,4026,498092]
[20180622,4023,4039,4039,3995,556544]
[20180621,4098,4023,4110,4027,615658]
[20180620,4088,4095,4110,4049,471416]
[20180619,4099,4076,4126,4067,370860]
[20180615,4141,4110,4164,4060,669292]
[20180614,4154,4136,4170,4119,622302]
[20180613,4182,4155,4186,4138,511078]
[20180612,4144,4173,4195,4132,554768]
[20180611,4117,4164,4170,4088,838242]
[20180608,4129,4163,4144,4104,649634]
[20180607,4033,4121,4142,4030,959840]
[20180606,4013,4044,4048,4013,405996]
[20180605,4064,4027,4070,4007,553536]
[20180604,4101,4054,4110,4058,548334]
[20180601,4045,4091,4102,4017,800126]
[20180531,3992,4067,4073,3992,752354]
[20180530,4030,4005,4055,3992,618066]
[20180529,4020,4052,4038,4005,350510]
[20180528,3991,4011,4023,3985,457396]
[20180525,4069,3997,4117,4002,790772]
[20180524,4083,4107,4095,4049,516122]
[20180523,4094,4092,4107,4060,530974]
[20180522,4129,4080,4177,4079,730446]
[20180521,4148,4167,4158,4116,609164]
[20180518,4186,4132,4195,4141,680428]
[20180517,4177,4173,4204,4160,592832]
[20180516,4130,4168,4242,4130,1209372]
[20180515,4073,4176,4141,4066,707742]
[20180514,4108,4080,4138,4064,729308]
[20180511,4066,4102,4111,4041,703722]
[20180510,4079,4060,4108,4067,534862]
[20180509,4058,4094,4095,4013,965266]
[20180508,4063,4051,4074,4032,497472]
[20180507,4054,4061,4082,4023,683618]
[20180504,3969,4041,4066,3967,966988]
[20180503,3985,3991,3994,3954,542456]
[20180502,3977,3967,3992,3923,607288]
[20180427,3908,3982,3988,3905,670510]
[20180426,3944,3929,3952,3908,658378]
[20180425,4004,3945,4004,3926,802668]
[20180424,3923,3994,4023,3923,802996]
[20180423,3883,3942,3945,3873,659638]
[20180420,3982,3894,3986,3876,894302]
[20180419,4008,3969,4014,3954,716142]
[20180418,3927,3998,4008,3927,805896]
[20180417,3900,3967,3938,3885,533194]
[20180416,3905,3900,3941,3888,659186]
[20180413,3866,3919,3916,3851,627760]
[20180412,3820,3873,3894,3801,743666]
[20180411,3823,3808,3853,3800,380940]
[20180410,3818,3820,3819,3778,396798]
[20180409,3789,3803,3846,3774,409588]
[20180404,3693,3779,3810,3658,638546]
[20180403,3724,3694,3757,3669,678724]
[20180402,3774,3725,3799,3704,599968]
[20180330,3736,3771,3783,3715,637694]
[20180329,3739,3736,3747,3678,819724]
[20180328,3740,3724,3757,3715,622800]
[20180327,3749,3743,3768,3697,945016]
[20180326,3768,3760,3850,3737,932974]
[20180323,3906,3765,3918,3715,1370686]
[20180322,3869,3910,3928,3850,710804]
[20180321,3890,3856,3892,3844,577046]
[20180320,3878,3875,3882,3839,690114]
[20180319,3765,3867,3888,3758,983368]
[20180316,3800,3762,3808,3755,719716]
[20180315,3832,3789,3839,3779,622076]
[20180314,3800,3824,3835,3790,665802]
[20180313,3774,3804,3800,3767,657588]
[20180312,3749,3787,3790,3717,1056876]
[20180309,3682,3743,3772,3675,1233802]
[20180308,3717,3696,3747,3667,1148072]
[20180307,3714,3722,3730,3668,854600]
[20180306,3707,3711,3744,3697,728166]
[20180305,3712,3705,3740,3689,715720]
[20180302,3692,3726,3739,3676,777048]
[20180301,3705,3701,3730,3647,849964]
[20180228,3724,3714,3743,3703,674546]
[20180227,3751,3726,3751,3697,754374]
[20180226,3839,3714,3865,3751,873020]
[20180223,3790,3833,3843,3785,579362]
[20180222,3794,3797,3817,3776,206750]
[20180214,3776,3799,3807,3743,516032]
[20180213,3785,3774,3792,3750,444686]
[20180212,3839,3769,3860,3761,774594]
[20180209,3871,3833,3903,3843,764644]
[20180208,3883,3871,3883,3839,753988]
[20180207,3911,3864,3935,3886,759828]
[20180206,3894,3906,3935,3879,977056]
[20180205,3846,3888,3906,3821,937746]
[20180202,3857,3850,3899,3844,678032]
[20180201,3865,3861,3888,3837,610236]
[20180131,3911,3865,3915,3832,904656]
[20180130,3953,3901,3954,3883,915434]
[20180129,3928,3953,3999,3928,767796]
[20180126,3950,3951,3985,3894,911230]
[20180125,3918,3972,3968,3913,995692]
[20180124,3946,3924,3960,3911,731002]
[20180123,3904,3949,3975,3893,965690]
[20180122,3892,3921,3943,3881,746086]
[20180119,3926,3901,3932,3843,1152034]
[20180118,3929,3926,3951,3901,805264]
[20180117,3919,3931,3953,3904,603858]
[20180116,4082,3929,4088,3921,1396012]
[20180115,4100,4085,4118,4068,599054]
[20180112,4136,4083,4145,4088,659512]
[20180111,4147,4127,4147,4106,637404]
[20180110,4140,4125,4174,4120,750610]
[20180109,4157,4143,4195,4129,564138]
[20180108,4051,4161,4168,4051,1128978]
[20180105,4076,4063,4093,4024,873860]
[20180104,4047,4075,4096,4033,951552]
[20180103,4061,4061,4070,4018,718458]
[20180102,4004,4053,4083,3989,640460]
[20171229,3943,4010,4015,3939,900978]
[20171228,3974,3946,3986,3917,873174]
[20171227,4022,3974,4043,3954,1084758]
[20171226,3978,4031,4036,3974,737708]
[20171225,4057,3992,4075,3965,1338090]
[20171222,4064,4056,4092,4025,1105234]
[20171221,4120,4072,4138,4043,1179100]
[20171220,4099,4118,4172,4085,1487644]
[20171219,4097,4108,4101,4036,1098280]
[20171218,4026,4081,4107,4014,1270778]
[20171215,4036,4029,4068,3995,1142752]
[20171214,4095,4042,4133,4011,1500500]
[20171213,4113,4086,4118,4046,1235290]
[20171212,4004,4103,4111,3975,1368264]
[20171211,3988,4008,4075,3951,1350732]
[20171208,3936,3996,4018,3924,682172]
[20171207,4086,3952,4119,3880,1169398]
[20171206,4022,4100,4105,4020,1023622]
[20171205,3975,4079,4149,3956,1357040]
[20171204,3785,3962,3919,3766,744828]
[20171201,3711,3796,3802,3678,857774]
[20171130,3725,3700,3830,3665,1385214]
[20171129,3684,3711,3720,3631,724202]
[20171128,3662,3668,3681,3646,510344]
[20171127,3783,3664,3857,3651,1327802]
[20171124,3783,3775,3800,3749,541326]
[20171123,3809,3772,3820,3762,707542]
[20171122,3792,3796,3825,3771,965134]
[20171121,3711,3795,3802,3701,934370]
[20171120,3705,3744,3716,3669,702386]
[20171117,3623,3689,3714,3601,1114874]
[20171116,3626,3626,3649,3590,802342]
[20171115,3684,3626,3701,3587,1055754]
[20171114,3700,3688,3700,3667,636256]
[20171113,3597,3686,3707,3571,1146774]
[20171110,3626,3598,3644,3576,1044542]
[20171109,3616,3625,3669,3598,907824]
[20171108,3603,3603,3635,3583,813168]
[20171107,3601,3596,3631,3579,677484]
[20171106,3542,3606,3618,3521,1055444]
[20171103,3495,3529,3537,3485,1013026]
[20171102,3422,3488,3500,3392,1158460]
[20171101,3381,3428,3447,3375,905940]
[20171031,3371,3392,3409,3354,848886]
[20171030,3390,3378,3432,3372,848804]
[20171027,3496,3383,3510,3391,1249050]
[20171026,3493,3489,3519,3463,898964]
[20171025,3519,3498,3535,3470,891550]
[20171024,3491,3512,3551,3466,1278378]
[20171023,3484,3475,3508,3402,1307384]
[20171020,3333,3469,3490,3307,1178816]
[20171019,3428,3324,3429,3326,1143052]
[20171018,3397,3406,3452,3373,1096356]
[20171017,3385,3394,3427,3295,1317918]
[20171016,3368,3363,3401,3321,1073734]
[20171013,3282,3358,3367,3256,1159628]
[20171012,3291,3291,3317,3213,1372566]
[20171011,3395,3265,3409,3283,1241402]
[20171010,3477,3356,3477,3357,1285580]
[20171009,3491,3448,3495,3410,428380]
[20170929,3368,3463,3504,3339,939492]
[20170928,3425,3364,3457,3305,1114306]
[20170927,3411,3439,3444,3375,857776]
[20170926,3413,3404,3453,3396,860540]
[20170925,3415,3419,3433,3330,1172458]
[20170922,3401,3414,3444,3377,929630]
[20170921,3564,3395,3588,3402,1337286]
[20170920,3523,3579,3578,3496,900494]
[20170919,3549,3527,3564,3510,802438]
[20170918,3561,3555,3578,3476,1081418]
[20170915,3625,3559,3639,3543,1213650]
[20170914,3674,3608,3700,3615,1185526]
[20170913,3752,3672,3791,3664,1030096]
[20170912,3636,3758,3786,3629,1430200]
[20170911,3655,3640,3669,3580,1008078]
[20170908,3678,3660,3721,3629,1041926]
[20170907,3730,3667,3754,3655,1128130]
[20170906,3776,3712,3820,3710,1226348]
[20170905,3735,3786,3749,3665,890070]
[20170904,3695,3712,3839,3695,1067876]
[20170901,3645,3726,3715,3641,546072]
[20170831,3635,3646,3662,3606,745332]
[20170830,3617,3627,3646,3597,731822]
[20170829,3507,3623,3639,3504,1147138]
[20170828,3503,3527,3549,3467,635512]
[20170825,3481,3541,3512,3444,567126]
[20170824,3495,3477,3518,3462,596532]
[20170823,3485,3470,3524,3462,961520]
[20170822,3460,3475,3495,3414,658230]
[20170821,3419,3456,3481,3387,754820]
[20170818,3420,3463,3430,3399,475094]
[20170817,3300,3413,3437,3298,790998]
[20170816,3289,3335,3312,3273,476362]
[20170815,3306,3286,3321,3265,569018]
[20170814,3345,3312,3363,3297,480026]
[20170811,3415,3344,3423,3307,757494]
[20170810,3422,3404,3428,3369,658878]
[20170809,3383,3410,3423,3367,649488]
[20170808,3302,3392,3394,3286,789010]
[20170807,3303,3302,3357,3239,814972]
[20170804,3240,3291,3324,3236,483988]
[20170803,3265,3243,3275,3216,368000]
[20170802,3215,3256,3261,3207,633704]
[20170801,3202,3236,3249,3194,624104]
[20170731,3159,3230,3202,3143,668628]
[20170728,3184,3167,3211,3126,764532]
[20170727,3166,3191,3200,3156,645216]
[20170726,3319,3179,3319,3143,1421806]
[20170725,3281,3313,3312,3267,704768]
[20170724,3313,3288,3359,3260,945226]
[20170721,3380,3356,3389,3275,1115822]
[20170720,3365,3384,3482,3352,1696652]
[20170719,3360,3363,3373,3337,800994]
[20170718,3311,3364,3392,3305,1114074]
[20170717,3307,3332,3348,3243,971744]
[20170714,3284,3285,3332,3264,1096394]
[20170713,3308,3295,3315,3241,976290]
[20170712,3300,3313,3356,3288,1057976]
[20170711,3257,3315,3339,3252,1091690]
[20170710,3297,3269,3312,3249,870108]
[20170707,3284,3308,3305,3252,972998]
[20170706,3186,3276,3291,3178,1461784]
[20170705,3152,3204,3239,3140,1213132]
[20170704,3198,3162,3212,3130,797524]
[20170703,3150,3203,3208,3127,821686]
[20170630,3134,3147,3163,3103,1119328]
[20170629,3047,3147,3144,3035,1508250]
[20170628,3079,3037,3102,3029,1096570]
[20170627,3074,3075,3079,3019,909696]
[20170626,3086,3071,3092,3038,791702]
[20170623,3079,3071,3103,3055,800890]
[20170622,3163,3083,3174,3069,1120642]
[20170621,3128,3156,3194,3110,1133452]
[20170620,3160,3131,3168,3127,752702]
[20170619,3110,3159,3190,3094,1346330]
[20170616,3043,3138,3122,3009,1248408]
[20170615,3118,3033,3118,3030,1231592]
[20170614,3046,3103,3118,3021,1191176]
[20170613,3118,3033,3130,3049,1008608]
[20170612,3107,3115,3151,3081,1028302]
[20170609,3098,3100,3124,3083,726558]
[20170608,3069,3102,3126,3023,1435846]
[20170607,3061,3063,3082,3034,1053408]
[20170606,2982,3069,3087,2961,1484232]
[20170605,2946,2970,3017,2942,889814]
[20170602,3025,2965,3043,2947,1263880]
[20170601,2981,3021,3038,2975,753174]
[20170531,3160,2990,3162,2975,787800]
[20170526,3200,3134,3223,3116,1297152]
[20170525,3135,3210,3236,3123,1356770]
[20170524,3167,3139,3190,3099,934548]
[20170523,3195,3171,3227,3148,1021618]
[20170522,3203,3199,3252,3168,1004424]
[20170519,3001,3222,3195,2995,1560616]
[20170518,3078,3027,3106,3011,944562]
[20170517,3047,3071,3086,3046,824798]
[20170516,3017,3057,3045,2986,731712]
[20170515,2936,3009,3010,2922,796206]
[20170512,2997,2945,2998,2929,719802]
[20170511,2953,2977,2994,2916,1060184]
[20170510,2989,2955,3013,2934,959630]
[20170509,2986,2987,3006,2965,519072]
[20170508,2978,2987,3022,2974,755816]
[20170505,3019,2991,3042,2958,865280]
[20170504,3152,3025,3154,3029,1201782]
[20170503,3192,3127,3215,3159,762074]
[20170502,3162,3204,3195,3155,390870]
[20170428,3176,3176,3218,3130,916782]
[20170427,3150,3175,3187,3139,658032]
[20170426,3119,3155,3175,3094,862880]
[20170425,3136,3107,3156,3111,716138]
[20170424,3164,3146,3166,3096,996608]
[20170421,3184,3150,3226,3146,1107790]
[20170420,3192,3194,3216,3110,1067658]
[20170419,3128,3207,3210,3103,668868]
[20170418,3183,3124,3199,3115,876618]
[20170417,3175,3171,3235,3148,834272]
[20170414,3281,3199,3309,3156,1081358]
[20170413,3280,3284,3316,3208,949848]
[20170412,3297,3264,3320,3237,783210]
[20170411,3372,3301,3389,3279,845110]
[20170410,3440,3360,3452,3327,915980]
[20170407,3435,3384,3501,3391,578508]
[20170406,3422,3416,3440,3378,327488]
[20170405,3326,3413,3413,3287,347088]
[20170331,3283,3311,3360,3283,588556]
[20170330,3286,3308,3324,3264,476684]
[20170329,3254,3290,3311,3224,512208]
[20170328,3184,3246,3272,3183,527330]
[20170327,3274,3205,3290,3165,654362]
[20170324,3242,3284,3295,3233,643714]
[20170323,3257,3257,3286,3214,628744]
[20170322,3310,3218,3322,3246,622676]
[20170321,3382,3315,3404,3295,821078]
[20170320,3448,3389,3468,3371,806842]
[20170317,3448,3463,3485,3417,688476]
[20170316,3501,3444,3521,3425,919780]
[20170315,3403,3511,3517,3400,857052]
[20170314,3471,3425,3498,3408,838888]
[20170313,3519,3493,3538,3350,1312236]
[20170310,3488,3512,3542,3470,682588]
[20170309,3571,3477,3587,3465,824404]
[20170308,3667,3582,3679,3553,860470]
[20170307,3642,3670,3682,3640,583394]
[20170306,3679,3649,3705,3628,811932]
[20170303,3669,3687,3699,3638,830420]
[20170302,3704,3651,3728,3641,1021116]
[20170301,3703,3722,3759,3667,984366]
[20170228,3829,3710,3831,3700,1031952]
[20170227,3768,3804,3853,3744,954966]
[20170224,3723,3761,3777,3708,812772]
[20170223,3802,3723,3822,3686,1076088]
[20170222,3825,3804,3831,3767,897368]
[20170221,3934,3821,3959,3797,1449956]
[20170220,3920,3943,3981,3898,1022478]
[20170217,3898,3919,3988,3874,1271304]
[20170216,3937,3933,4013,3889,1077154]
[20170215,3996,3941,4023,3937,1387816]
[20170214,3914,3999,3997,3885,803848]
[20170213,3804,3915,3933,3793,1099610]
[20170210,3757,3800,3804,3718,1016464]
[20170209,3786,3754,3836,3748,1095064]
[20170208,3789,3790,3812,3755,734366]
[20170207,3786,3780,3820,3770,602076]
[20170206,3749,3815,3791,3726,522898]
[20170203,3771,3749,3789,3708,283404]
[20170126,3768,3775,3849,3735,446556]
[20170125,3679,3761,3789,3638,637338]
[20170124,3661,3673,3704,3655,568776]
[20170123,3611,3665,3699,3578,970456]
[20170120,3589,3628,3658,3588,759526]
[20170119,3633,3616,3640,3557,752750]
[20170118,3660,3633,3676,3613,660392]
[20170117,3701,3665,3710,3606,814740]
[20170116,3539,3703,3715,3535,1207804]
[20170113,3544,3580,3566,3515,886236]
[20170112,3450,3539,3553,3435,1242166]
[20170111,3486,3453,3540,3445,1021216]
[20170110,3480,3498,3530,3409,1034158]
[20170109,3409,3472,3497,3396,737030]
[20170106,3425,3418,3480,3391,997818]
[20170105,3432,3400,3458,3409,649658]
[20170104,3458,3438,3479,3386,895282]
[20170103,3544,3431,3546,3417,492476]
[20161230,3660,3488,3672,3498,1278228]
[20161229,3667,3660,3726,3623,931550]
[20161228,3679,3631,3745,3647,1183898]
[20161227,3537,3664,3673,3502,1054600]
[20161226,3512,3530,3560,3452,970226]
[20161223,3589,3533,3595,3507,1200756]
[20161222,3618,3531,3649,3573,1182706]
[20161221,3645,3604,3660,3575,857426]
[20161220,3634,3631,3658,3561,1009944]
[20161219,3798,3631,3811,3631,1182498]
[20161216,3825,3782,3871,3791,1085442]
[20161215,3834,3824,3851,3758,1209026]
[20161214,3744,3797,3833,3676,1498940]
[20161213,3695,3759,3722,3664,655404]
[20161212,3682,3697,3793,3647,843228]
[20161209,3631,3686,3721,3582,1495938]
[20161208,3705,3618,3705,3579,1018056]
[20161207,3538,3681,3664,3513,883014]
[20161206,3474,3521,3543,3441,853580]
[20161205,3309,3465,3422,3308,629412]
[20161202,3234,3335,3320,3206,583114]
[20161201,3263,3255,3300,3176,503090]
[20161130,3245,3265,3277,3173,420160]
[20161129,3315,3228,3323,3241,363546]
[20161128,3264,3301,3328,3247,553394]
[20161125,3276,3272,3297,3234,493182]
[20161124,3345,3275,3379,3245,994094]
[20161123,3350,3364,3385,3317,702124]
[20161122,3345,3349,3399,3310,896156]
[20161121,3204,3323,3351,3182,1003840]
[20161118,3251,3197,3251,3151,685740]
[20161117,3078,3233,3208,3065,1143832]
[20161116,3004,3079,3099,2996,598688]
[20161115,3038,3027,3118,2968,701756]
[20161114,3213,3069,3276,3038,1042480]
[20161111,3116,3236,3278,3081,1300924]
[20161110,3165,3096,3216,3076,893634]
[20161109,3094,3184,3229,3076,953074]
[20161108,3146,3096,3154,3065,1219284]
[20161107,3055,3141,3176,3029,1104492]
[20161104,3150,3037,3200,3047,1225262]
[20161103,3113,3180,3150,3069,765416]
[20161102,3193,3098,3224,3098,990574]
[20161101,3204,3212,3238,3165,1010632]
[20161031,3108,3217,3243,3078,1182732]
[20161028,3034,3094,3107,3031,872886]
[20161027,3034,3044,3060,3007,917986]
[20161026,2994,3044,3068,2975,1619668]
[20161025,2929,2991,3033,2929,1285532]
[20161024,2913,2977,2930,2890,854284]
[20161021,2923,2910,2939,2895,979694]
[20161020,2974,2935,2999,2930,1230902]
[20161019,2965,2961,3025,2926,1649966]
[20161018,2946,2979,2977,2913,1028220]
[20161017,2922,2952,2975,2901,1192870]
[20161014,2913,2909,2959,2896,1433910]
[20161013,2927,2917,2939,2875,871710]
[20161012,2913,2923,2935,2886,804452]
[20161011,2861,2903,2956,2861,1706242]
[20161010,2806,2897,2880,2801,529094]
[20160930,2730,2825,2852,2704,783028]
[20160929,2676,2737,2760,2665,1084748]
[20160928,2637,2674,2680,2627,710288]
[20160927,2640,2650,2650,2622,545736]
[20160926,2639,2635,2663,2629,558276]
[20160923,2665,2645,2675,2619,851310]
[20160922,2674,2663,2693,2653,935782]
[20160921,2704,2678,2728,2661,1010906]
[20160920,2709,2698,2728,2692,724386]
[20160919,2657,2706,2724,2655,740156]
[20160914,2639,2667,2678,2628,847482]
[20160913,2640,2645,2663,2620,855698]
[20160912,2626,2640,2687,2623,1207464]
[20160909,2648,2637,2650,2626,430588]
[20160908,2627,2642,2662,2607,713862]
[20160907,2633,2623,2641,2614,509850]
[20160906,2623,2631,2645,2606,584656]
[20160905,2561,2627,2618,2548,519388]
[20160902,2538,2558,2574,2536,360132]
[20160901,2510,2538,2551,2508,462880]
[20160831,2503,2515,2534,2499,572166]
[20160830,2493,2510,2516,2493,324874]
[20160829,2534,2506,2544,2494,580406]
[20160826,2574,2523,2574,2527,443926]
[20160825,2541,2562,2581,2514,673930]
[20160824,2546,2544,2563,2538,306678]
[20160823,2533,2553,2570,2533,309890]
[20160822,2629,2549,2641,2538,623768]
[20160819,2644,2632,2654,2622,350106]
[20160818,2662,2648,2667,2622,441600]
[20160817,2675,2658,2692,2650,409514]
[20160816,2685,2680,2696,2667,407234]
[20160815,2649,2693,2693,2649,537058]
[20160812,2661,2663,2685,2646,545496]
[20160811,2642,2659,2676,2619,589262]
[20160810,2661,2646,2679,2627,480040]
[20160809,2627,2668,2665,2610,441532]
[20160808,2634,2635,2666,2616,437110]
[20160805,2625,2649,2655,2611,355336]
[20160804,2643,2619,2662,2605,436206]
[20160803,2672,2633,2677,2625,428856]
[20160802,2654,2665,2669,2636,406506]
[20160801,2604,2659,2667,2602,655266]
[20160729,2578,2626,2614,2544,706724]
[20160728,2560,2578,2589,2540,417426]
[20160727,2561,2562,2597,2544,393158]
[20160726,2546,2566,2583,2533,419696]
[20160725,2568,2548,2583,2537,482756]
[20160722,2629,2582,2636,2553,576712]
[20160721,2591,2623,2640,2578,474758]
[20160720,2602,2584,2614,2575,444082]
[20160719,2591,2607,2623,2584,465770]
[20160718,2677,2596,2679,2598,633252]
[20160715,2727,2667,2734,2656,739190]
[20160714,2709,2717,2727,2677,752192]
[20160713,2705,2720,2752,2674,776930]
[20160712,2638,2687,2697,2637,528736]
[20160711,2629,2649,2665,2615,448822]
[20160708,2701,2619,2719,2614,837030]
[20160707,2673,2703,2724,2647,603672]
[20160706,2719,2699,2744,2647,895882]
[20160705,2822,2741,2825,2673,983128]
[20160704,2730,2807,2853,2730,1392792]
[20160701,2751,2753,2780,2715,668346]
[20160630,2739,2770,2785,2727,1008712]
[20160629,2745,2731,2780,2706,964582]
[20160628,2643,2741,2738,2633,1013102]
[20160627,2572,2654,2651,2568,644196]
[20160624,2633,2583,2648,2562,920242]
[20160623,2640,2638,2665,2616,549636]
[20160622,2615,2648,2649,2609,488706]
[20160621,2656,2625,2656,2615,425712]
[20160620,2615,2649,2649,2605,491880]
[20160617,2571,2612,2616,2564,621506]
[20160616,2580,2582,2600,2557,534674]
[20160615,2560,2579,2582,2548,486734]
[20160614,2576,2565,2607,2553,655944]
[20160613,2607,2583,2609,2575,394460]
[20160608,2648,2594,2659,2562,546008]
[20160607,2670,2643,2679,2627,490680]
[20160606,2651,2665,2672,2622,562278]
[20160603,2644,2659,2665,2634,583792]
[20160602,2594,2643,2658,2591,614008]
[20160601,2611,2601,2626,2582,504808]
[20160531,2627,2614,2651,2608,638342]
[20160530,2568,2626,2627,2558,556030]
[20160527,2625,2573,2633,2575,620068]
[20160526,2558,2618,2625,2547,663192]
[20160525,2529,2554,2558,2518,575862]
[20160524,2524,2526,2551,2506,592312]
[20160523,2573,2540,2582,2501,862824]
[20160520,2554,2565,2596,2544,597152]
[20160519,2630,2569,2637,2542,1135144]
[20160518,2649,2609,2679,2614,821414]
[20160517,2647,2656,2666,2629,769156]
[20160516,2622,2652,2651,2594,797310]
[20160513,2701,2618,2712,2605,1213068]
[20160512,2712,2709,2715,2667,851540]
[20160511,2687,2687,2715,2679,715674]
[20160510,2633,2688,2692,2627,757358]
[20160509,2659,2648,2703,2636,831736]
[20160506,2759,2677,2767,2670,942436]
[20160505,2773,2749,2788,2731,818862]
[20160504,2746,2773,2777,2739,630374]
[20160503,2809,2766,2816,2753,520248]
[20160429,2817,2807,2850,2799,976424]
[20160428,2858,2825,2881,2789,1347704]
[20160427,2835,2868,2890,2809,1710878]
[20160426,2824,2861,2867,2786,1346116]
[20160425,2778,2824,2903,2744,2032370]
[20160422,2846,2796,2857,2702,1615632]
[20160421,2746,2849,2868,2715,2297916]
[20160420,2721,2721,2760,2692,1494922]
[20160419,2712,2739,2775,2683,1394266]
[20160418,2691,2723,2737,2663,1021526]
[20160415,2763,2697,2770,2691,1187766]
[20160414,2669,2752,2752,2662,1536460]
[20160413,2612,2681,2727,2608,1936970]
[20160412,2587,2631,2615,2582,995186]
[20160411,2649,2591,2695,2566,1741358]
[20160408,2633,2656,2641,2612,539794]
[20160407,2638,2622,2676,2634,511386]
[20160406,2618,2647,2664,2618,337602]
[20160405,2654,2637,2663,2611,304414]
[20160401,2670,2643,2695,2658,533570]
[20160331,2698,2670,2731,2660,726510]
[20160330,2683,2698,2718,2663,591492]
[20160329,2711,2673,2721,2685,646974]
[20160328,2744,2701,2775,2704,842174]
[20160325,2740,2760,2781,2714,914284]
[20160324,2827,2767,2838,2737,1027238]
[20160323,2861,2824,2898,2827,986932]
[20160322,2902,2850,2959,2848,1683314]
[20160321,2862,2934,2918,2835,1268972]
[20160318,2781,2868,2904,2775,1750916]
[20160317,2751,2784,2795,2743,1136716]
[20160316,2711,2750,2758,2704,939388]
[20160315,2725,2723,2750,2711,911190]
[20160314,2727,2738,2778,2690,1367658]
[20160311,2741,2724,2757,2720,1321168]
[20160310,2804,2741,2834,2721,2310680]
[20160309,2710,2828,2831,2655,4167774]
[20160308,2703,2690,2773,2614,2581380]
[20160307,2608,2761,2697,2607,2060298]
[20160304,2537,2624,2611,2533,1932870]
[20160303,2586,2550,2623,2536,2072528]
[20160302,2604,2601,2627,2571,1433880]
[20160301,2546,2598,2603,2533,1387748]
[20160229,2533,2541,2561,2514,1268948]
[20160226,2588,2546,2598,2521,1554132]
[20160225,2583,2591,2614,2571,1394850]
[20160224,2654,2583,2655,2596,1046954]
[20160223,2647,2643,2661,2627,862806]
[20160222,2647,2638,2705,2630,1406276]
[20160219,2613,2658,2660,2613,1088928]
[20160218,2610,2630,2620,2596,773110]
[20160217,2607,2604,2628,2590,1017666]
[20160216,2603,2600,2621,2597,723538]
[20160215,2573,2607,2617,2561,636508]
[20160205,2556,2577,2597,2538,742154]
[20160204,2516,2554,2571,2511,1308206]
[20160203,2504,2520,2526,2489,884944]
[20160202,2494,2500,2508,2461,1271856]
[20160201,2507,2493,2517,2493,642154]
[20160129,2501,2513,2521,2487,1130728]
[20160128,2524,2504,2530,2497,962974]
[20160127,2503,2527,2534,2487,1448478]
[20160126,2486,2503,2511,2473,1183690]
[20160125,2508,2481,2520,2484,1311262]
[20160122,2507,2511,2548,2494,1814398]
[20160121,2511,2518,2537,2496,1408498]
[20160120,2538,2506,2538,2493,1067312]
[20160119,2494,2533,2541,2487,1577482]
[20160118,2426,2494,2497,2406,1837148]
[20160115,2451,2413,2466,2437,1085606]
[20160114,2434,2459,2459,2417,1413012]
[20160113,2451,2431,2470,2414,1592036]
[20160112,2459,2463,2467,2431,1609506]
[20160111,2517,2464,2524,2447,2032672]
[20160108,2481,2520,2530,2457,2323672]
[20160107,2466,2466,2493,2453,1584542]
[20160106,2483,2471,2507,2474,1520820]
[20160105,2456,2494,2491,2453,1269332]
[20160104,2496,2454,2496,2437,872370]
[20151231,2471,2491,2518,2463,1307696]
[20151230,2464,2474,2494,2460,1520194]
[20151229,2387,2477,2470,2386,1655804]
[20151228,2441,2397,2449,2396,1069864]
[20151225,2441,2439,2454,2434,870546]
[20151224,2440,2451,2463,2431,1730996]
[20151223,2407,2440,2446,2390,2361100]
[20151222,2416,2413,2423,2387,1620246]
[20151221,2377,2417,2421,2371,1873846]
[20151218,2356,2380,2389,2340,1312346]
[20151217,2379,2356,2406,2349,1497752]
[20151216,2387,2399,2393,2369,1156818]
[20151215,2356,2383,2409,2353,1792032]
[20151214,2350,2367,2380,2316,1567752]
[20151211,2319,2350,2360,2316,1561724]
[20151210,2323,2339,2326,2290,1159276]
[20151209,2279,2320,2330,2269,1630174]
[20151208,2349,2277,2359,2273,2318460]
[20151207,2356,2352,2373,2309,1722198]
[20151204,2361,2363,2363,2306,1438932]
[20151203,2376,2353,2376,2330,1714384]
[20151202,2403,2363,2430,2377,1520624]
[20151201,2367,2396,2419,2342,1912152]
[20151130,2383,2370,2387,2314,1680518]
[20151127,2394,2366,2434,2367,1231128]
[20151126,2357,2413,2476,2310,1726340]
[20151125,2335,2323,2384,2327,1639420]
[20151124,2253,2346,2349,2243,1957868]
[20151123,2339,2269,2353,2239,2235942]
[20151120,2368,2340,2394,2319,1950250]
[20151119,2380,2363,2402,2362,1158722]
[20151118,2453,2375,2469,2333,3099718]
[20151117,2456,2455,2464,2429,1214882]
[20151116,2481,2445,2489,2441,1365660]
[20151113,2431,2471,2484,2427,1638798]
[20151112,2424,2437,2449,2419,991732]
[20151111,2458,2425,2463,2414,1394010]
[20151110,2468,2451,2474,2434,1097474]
[20151109,2472,2468,2491,2451,1536790]
[20151106,2442,2474,2477,2427,1890648]
[20151105,2471,2453,2486,2440,1417160]
[20151104,2423,2481,2476,2418,1741976]
[20151103,2429,2427,2438,2411,1152822]
[20151102,2401,2427,2443,2393,1535010]
[20151030,2434,2398,2440,2389,1770576]
[20151029,2431,2436,2473,2425,1708264]
[20151028,2425,2433,2438,2411,1268276]
[20151027,2432,2418,2441,2394,1743980]
[20151026,2441,2423,2450,2418,1585536]
[20151023,2494,2431,2506,2414,2530728]
[20151022,2480,2499,2508,2476,1288816]
[20151021,2507,2478,2517,2480,1107032]
[20151020,2509,2508,2517,2493,1099244]
[20151019,2544,2509,2560,2518,1293658]
[20151016,2579,2553,2583,2538,1694624]
[20151015,2600,2575,2613,2582,1451878]
[20151014,2613,2597,2632,2594,1353298]
[20151013,2630,2614,2630,2592,1355552]
[20151012,2627,2623,2645,2600,1803002]
[20151009,2559,2632,2666,2550,2091250]
[20151008,2553,2556,2568,2544,600424]
[20150930,2494,2552,2625,2469,1306396]
[20150929,2518,2487,2518,2453,1913258]
[20150928,2539,2509,2543,2520,916076]
[20150925,2548,2538,2583,2524,2887876]
[20150924,2579,2555,2599,2552,2890566]
[20150923,2525,2592,2591,2518,3998032]
[20150922,2529,2526,2566,2515,2647442]
[20150921,2493,2543,2524,2480,2133952]
[20150918,2509,2500,2535,2502,2721048]
[20150917,2506,2515,2535,2499,3164234]
[20150916,2469,2511,2507,2469,2941978]
[20150915,2468,2477,2493,2460,2506172]
[20150914,2509,2465,2525,2468,2660310]
[20150911,2512,2513,2555,2511,3790178]
[20150910,2500,2533,2517,2480,2801602]
[20150909,2500,2502,2552,2493,3997772]
[20150908,2471,2498,2493,2459,2122566]
[20150907,2477,2469,2512,2456,1439822]
[20150902,2465,2481,2495,2434,3138028]
[20150901,2473,2482,2540,2454,3420132]
[20150831,2555,2477,2570,2456,3383786]
[20150828,2508,2522,2561,2494,1586548]
[20150827,2428,2498,2504,2419,3194084]
[20150826,2535,2425,2538,2406,3722432]
[20150825,2496,2508,2528,2410,3328178]
[20150824,2619,2473,2639,2531,1613178]
[20150821,2639,2631,2663,2621,2193312]
[20150820,2658,2636,2674,2608,2211358]
[20150819,2648,2665,2666,2632,2150240]
[20150818,2700,2656,2725,2635,2481008]
[20150817,2737,2715,2769,2688,2424650]
[20150814,2782,2749,2786,2715,3026262]
[20150813,2728,2760,2794,2689,2383324]
[20150812,2665,2738,2718,2658,2186884]
[20150811,2657,2675,2728,2647,2495030]
[20150810,2608,2653,2657,2595,1694916]
[20150807,2587,2603,2626,2566,1893196]
[20150806,2678,2604,2683,2597,2101414]
[20150805,2665,2665,2689,2647,1410834]
[20150804,2641,2665,2671,2595,1687472]
[20150803,2813,2640,2826,2692,835214]
[20150430,2768,2815,2815,2760,2445138]
[20150429,2809,2763,2826,2740,2671484]
[20150428,2811,2811,2878,2796,3174582]
[20150427,2792,2852,2830,2770,2411550]
[20150424,2762,2793,2801,2760,2613322]
[20150423,2769,2764,2781,2735,2582882]
[20150422,2774,2776,2783,2730,2613344]
[20150421,2781,2782,2819,2752,2987548]
[20150420,2762,2782,2832,2747,3063756]
[20150417,2738,2760,2800,2713,2894314]
[20150416,2632,2754,2734,2627,2374122]
[20150415,2608,2637,2653,2608,1890594]
[20150414,2629,2619,2632,2584,1733302]
[20150413,2571,2612,2629,2555,1828680]
[20150410,2608,2574,2613,2562,1424942]
[20150409,2625,2609,2630,2570,1762612]
[20150408,2621,2623,2647,2604,2253838]
[20150407,2633,2629,2642,2620,677104]
[20150403,2646,2625,2653,2575,2752346]
[20150402,2611,2635,2687,2601,4734688]
[20150401,2598,2610,2613,2567,2717510]
