[20210830,141680,147230,147850,141640,558435]
[20210827,141550,142130,142160,139510,376691]
[20210826,144138,141380,144516,141470,301730]
[20210825,142127,144227,143978,142037,357846]
[20210824,141470,142157,143003,140405,406186]
[20210823,139160,141410,142296,138016,554581]
[20210820,138583,139101,140703,137667,564425]
[20210819,141659,139031,142097,139897,507615]
[20210818,143978,141729,144715,141629,578824]
[20210817,145551,144586,146955,144735,498835]
[20210816,146656,145979,147233,145004,587642]
[20210813,145830,146228,146855,144834,564952]
[20210812,140305,145710,146776,140305,630328]
[20210811,138772,141082,140952,138553,431478]
[20210810,138583,138932,139708,137418,423243]
[20210809,144048,138643,144347,138971,567456]
[20210806,142475,143341,144874,142425,461729]
[20210805,142435,143998,143600,141151,541813]
[20210804,141550,143331,143530,141241,511204]
[20210803,145601,142077,145740,141171,546985]
[20210802,146487,145034,147144,143033,604560]
[20210730,147144,146706,148089,144685,616073]
[20210729,145860,146975,147074,144536,443023]
[20210728,144635,145681,147870,143341,492130]
[20210727,145034,144227,147343,143461,326158]
[20210726,142705,145780,146158,142526,281234]
[20210723,139679,142695,143252,139062,338020]
[20210722,136285,139162,138793,136285,296267]
[20210721,138037,137141,139172,135698,329262]
[20210720,140455,138097,140455,136723,422752]
[20210719,140784,138893,143083,140505,402032]
[20210716,138415,140873,143023,137987,531563]
[20210715,139410,138505,139580,136475,459048]
[20210714,139271,138853,139789,137370,422534]
[20210713,138356,137719,140406,138196,393708]
[20210712,139629,138764,140426,137241,411156]
[20210709,135897,138953,139629,135201,554897]
[20210708,134832,135877,136823,134713,454698]
[20210707,137350,135549,137350,132533,498544]
[20210706,135947,135937,138117,135320,408106]
[20210705,134713,135977,136982,134514,433562]
[20210702,133857,136027,135449,132912,392359]
[20210701,136644,135231,136903,133220,423356]
[20210630,135330,136365,137440,134564,383235]
[20210629,136435,135728,137012,134066,354682]
[20210628,137400,136903,138147,135977,359079]
[20210625,134871,137789,138466,134732,429759]
[20210624,133547,136634,135558,133079,429459]
[20210623,132173,133806,133687,131516,376967]
[20210622,128340,131755,132203,127225,442338]
[20210621,127354,127354,129296,126299,437832]
[20210618,126826,127742,128778,125771,535423]
[20210617,127742,126996,129116,126020,466366]
[20210616,131217,127513,132382,127255,471046]
[20210615,135061,131745,135369,130799,235765]
[20210611,130729,134125,134762,130550,486973]
[20210610,132412,131108,132940,129973,469290]
[20210609,129435,132452,132810,129286,453608]
[20210608,129037,129883,131377,128758,380995]
[20210607,131546,129803,132691,128877,391142]
[20210604,131227,132372,131685,129584,468256]
[20210603,132830,131347,135090,132193,686696]
[20210602,133229,132551,133866,131187,555251]
[20210601,131815,132850,134393,131108,633908]
[20210531,130809,131675,132950,130441,648552]
[20210528,126329,131237,132551,125990,820957]
[20210527,124984,126528,126906,124258,554281]
[20210526,124676,124686,126388,123999,450465]
[20210525,123342,124287,125960,123342,364062]
[20210524,125423,124357,125532,122097,390080]
[20210521,127434,124975,127663,123620,338330]
[20210520,131145,127364,131145,126469,412032]
[20210519,133713,128319,133713,131533,428631]
[20210518,130150,133145,134131,129782,429781]
[20210517,128130,130548,131315,127912,508937]
[20210514,126966,128658,128698,125523,529593]
[20210513,130897,127991,131653,127265,619787]
[20210512,131543,130180,133295,130608,573568]
[20210511,132578,131185,132986,128946,658488]
[20210510,133315,131723,134887,131494,727417]
[20210507,132598,132588,133653,131295,621542]
[20210506,132339,132608,133454,129394,296125]
[20210430,129653,131762,130917,127454,681941]
[20210429,127971,129374,130479,127285,650321]
[20210428,125673,127961,126837,124688,571160]
[20210427,122698,125504,126548,122698,653329]
[20210426,120100,123732,122757,119752,686711]
[20210423,119195,120210,120429,118160,669586]
[20210422,119981,119494,121046,118469,625717]
[20210421,120309,119782,121046,118688,623398]
[20210420,120648,120071,121464,119722,512627]
[20210419,123155,120449,123354,119732,560478]
[20210416,120628,123125,123474,120528,534347]
[20210415,121593,121324,122419,120081,460154]
[20210414,121702,121882,121832,120240,580315]
[20210413,121742,121494,122200,120489,620351]
[20210412,125802,121683,126150,121324,794330]
[20210409,126459,126071,127116,125115,578190]
[20210408,125125,126668,126379,123404,739457]
[20210407,124877,125135,125931,124429,533186]
[20210406,122847,124727,125832,122837,308868]
[20210402,120698,125752,123314,120698,648089]
[20210401,120847,121593,121155,119931,601701]
[20210331,123135,120558,123245,119334,912233]
[20210330,122688,122339,123722,121643,718725]
[20210329,122439,123076,123583,121931,672204]
[20210326,119105,122260,123106,119105,717027]
[20210325,120588,119812,121235,118946,663491]
[20210324,123643,120668,123822,119603,747916]
[20210323,122867,123275,124140,121414,782542]
[20210322,120399,122678,122747,120319,808413]
[20210319,119693,121165,120648,117722,849985]
[20210318,119812,119832,121583,118946,732732]
[20210317,120499,119712,121334,119145,680682]
[20210316,121225,120777,121951,119563,710931]
[20210315,120698,121314,121573,118160,1007445]
[20210312,122459,120867,122797,119802,835330]
[20210311,119951,122678,122757,119772,829096]
[20210310,119006,120309,121006,118270,718531]
[20210309,120847,118887,123235,118190,668082]
[20210308,122091,121802,124648,120588,689508]
[20210305,124150,122499,124150,119593,667835]
[20210304,132339,120956,133344,129862,350194]
[20210303,138081,132797,139165,136548,453101]
[20210302,137782,138429,138897,135414,433749]
[20210301,138121,138608,140976,137534,327727]
[20210226,142633,138598,143026,137029,502016]
[20210225,141237,142545,145170,139831,514342]
[20210224,140746,140765,141621,138917,446686]
[20210223,143538,140578,144973,140893,558982]
[20210222,141866,142918,146831,141031,670639]
[20210219,137531,141394,142417,137403,513291]
[20210218,134975,138416,137305,134975,201391]
[20210210,133264,136262,134168,131602,494973]
[20210209,131268,132684,133470,131072,491921]
[20210208,131130,131219,132182,130531,543963]
[20210205,128142,131101,131032,127729,719282]
[20210204,127807,128220,128623,126991,664352]
[20210203,128928,128024,129469,126667,748706]
[20210202,130511,129204,130511,128545,698859]
[20210201,128987,130177,131003,128820,776153]
[20210129,128840,129656,130816,128063,616006]
[20210128,130069,129322,130344,128397,569505]
[20210127,132232,130147,132645,130885,465789]
[20210126,132959,131927,133687,131465,416626]
[20210125,130462,133185,134552,129695,422600]
[20210122,133549,130246,133844,130462,414138]
[20210121,131251,133726,134383,130623,464191]
[20210120,131261,130947,134079,130829,538491]
[20210119,132096,131968,132272,130260,408283]
[20210118,130240,131781,132714,129307,571237]
[20210115,130240,130417,133941,129602,841803]
[20210114,128414,131536,129837,126706,914970]
[20210113,127668,128758,129248,126951,871872]
[20210112,124742,127737,127845,123407,856552]
[20210111,129985,124536,130417,124526,1009249]
[20210108,129936,130220,132027,128571,862912]
[20210107,127854,130103,131497,126823,930662]
[20210106,127118,128463,128316,125920,728942]
[20210105,125920,127049,127864,125685,789945]
[20210104,121247,126715,126578,121061,459092]
[20201231,122523,123152,122965,121257,750160]
[20201230,124183,122700,124938,122268,793873]
[20201229,125753,123692,127049,124006,717768]
[20201228,125380,126558,126500,124045,743726]
[20201225,123034,124673,125812,123034,686079]
[20201224,121748,124261,123554,121738,590766]
[20201223,123996,122622,124310,118989,780616]
[20201222,129082,123849,129082,122847,648040]
[20201221,129082,126627,131114,127059,697328]
[20201218,128610,129170,129857,126804,547106]
[20201217,126941,128041,128424,126490,349086]
[20201216,129091,127324,131673,125920,586463]
[20201215,129582,130485,129651,127462,409503]
[20201214,126342,128973,130711,125302,776798]
[20201211,122092,126234,128483,121915,1194156]
[20201210,119471,124517,122632,119471,904244]
[20201209,119265,119883,120227,118332,672673]
[20201208,118302,119049,119765,117920,695268]
[20201207,115838,118783,118882,115593,768452]
[20201204,115838,116084,116103,114287,636829]
[20201203,116673,115878,116938,115004,633894]
[20201202,117321,116143,118568,117085,678996]
[20201201,120119,117547,120482,116526,763551]
[20201130,120354,120158,121336,118234,818250]
[20201127,117900,120187,120865,117772,834067]
[20201126,117046,118410,118587,116408,653320]
[20201125,118391,116673,119412,117350,687278]
[20201124,116908,118263,119196,116408,639225]
[20201123,115063,116800,117841,115063,690065]
[20201120,114248,115249,115799,114199,540889]
[20201119,114248,114543,114886,113041,544431]
[20201118,114317,114032,114778,113581,498238]
[20201117,118165,114062,118214,113865,756063]
[20201116,116427,117920,118725,116339,710870]
[20201113,116771,116771,117929,115946,556942]
[20201112,116231,116899,118165,115348,640060]
[20201111,115593,116015,117193,115279,606582]
[20201110,117144,115564,117203,114857,572126]
[20201109,114700,116467,116094,111951,722598]
[20201106,114719,114651,115622,113679,503268]
[20201105,114857,114552,115318,113394,453238]
[20201104,114729,115230,115495,112668,451701]
[20201103,113571,115308,114670,113502,287576]
[20201102,114759,114042,115564,113384,293962]
[20201030,116977,115171,118518,114405,369472]
[20201029,120747,116045,120747,118145,327546]
[20201028,117242,118440,122612,116614,395172]
[20201027,115544,117134,117242,115357,197169]
[20201026,117968,116143,118547,115397,286248]
[20201023,117615,118194,118076,116928,290057]
[20201022,119470,117566,119480,117085,412629]
[20201021,118331,119107,119911,118194,616241]
[20201020,117811,118724,118155,116712,461664]
[20201019,117526,117448,118704,117036,647887]
[20201016,115711,117389,117458,115191,582713]
[20201015,115465,115299,116889,115073,566108]
[20201014,114886,115819,115181,113944,588629]
[20201013,115220,114975,115426,114160,466080]
[20201012,114042,115004,115485,113483,494297]
[20201009,111383,113807,114023,111383,196556]
[20200930,111608,113061,112531,109596,600581]
[20200929,111726,111304,111962,110686,496264]
[20200928,111098,111589,111687,109675,580232]
[20200925,109430,110421,111608,109331,546435]
[20200924,110234,109695,111265,109037,494868]
[20200923,111589,110882,111962,109096,504675]
[20200922,112099,111618,112423,108605,513300]
[20200921,113993,112315,114356,111864,431014]
[20200918,113375,113218,115338,113287,345858]
[20200917,115536,113581,116067,113247,330695]
[20200916,116813,115536,116833,114809,359215]
[20200915,116715,116273,117364,116361,302428]
[20200914,114564,116489,116902,114200,454922]
[20200911,114180,114465,114917,112717,666713]
[20200910,114446,114298,115065,113414,570526]
[20200909,116273,114770,116303,113601,688923]
[20200908,117167,114259,117924,116548,597554]
[20200907,117432,116882,118376,116607,694711]
[20200904,117010,117521,118130,115792,803489]
[20200903,120056,117757,121745,117560,942422]
[20200902,120743,120134,120871,118926,640990]
[20200901,119171,120576,121205,118189,666406]
[20200831,118886,118985,119397,117924,628285]
[20200828,117383,118769,118287,116479,699840]
[20200827,117442,117747,118621,116912,655444]
[20200826,115517,117334,117835,114907,681684]
[20200825,115477,115232,116136,114505,499188]
[20200824,113080,115241,115399,112884,508420]
[20200821,114652,113394,114996,112825,439901]
[20200820,115045,114338,115399,112569,504716]
[20200819,114652,115281,115477,113699,429994]
[20200818,114298,115291,114849,113444,321466]
[20200817,112520,114642,114112,111960,313827]
[20200814,110515,112825,112864,109905,486236]
[20200813,110416,110338,111301,109944,711154]
[20200812,110583,110652,111626,108666,906633]
[20200811,111793,110387,112619,110003,745920]
[20200810,113218,112039,113720,110210,947347]
[20200807,112904,113041,114546,111724,1010225]
[20200806,111105,113130,115234,110780,1573855]
[20200805,108961,111999,111144,108528,955846]
[20200804,107722,108784,109698,107722,727303]
[20200803,108597,108145,108804,106424,816456]
[20200731,108646,108696,109443,107103,917526]
[20200730,107712,109236,110072,107545,886688]
[20200729,106582,107840,108666,106513,601661]
[20200728,108155,107063,110269,106621,796889]
[20200727,105815,107604,108951,105716,992128]
[20200724,105195,105933,107349,104507,955641]
[20200723,104124,106120,104340,102914,614731]
[20200722,104468,103671,106601,104468,729960]
[20200721,103917,105146,104920,103543,592449]
[20200720,104605,104183,104802,102590,700661]
[20200717,104743,104281,105539,104350,624770]
[20200716,106857,104871,107004,103445,890114]
[20200715,107172,106513,107614,105913,637522]
[20200714,106483,107152,108332,105913,793238]
[20200713,104025,106818,107408,103888,898988]
[20200710,106090,104271,106788,103317,847645]
[20200709,105697,106277,106002,104261,678025]
[20200708,105490,105500,106601,104930,626926]
[20200707,105628,105382,106257,104743,605882]
[20200706,104251,105510,105697,102865,657735]
[20200703,101518,103750,104183,101213,499748]
[20200702,99847,101665,101508,99847,314896]
[20200701,101626,100427,101724,100053,265538]
[20200630,101174,100997,101705,100663,223052]
[20200629,100289,100879,101489,99247,168386]
[20200624,100545,100800,100751,100073,161576]
[20200623,100495,100505,101351,99965,199702]
[20200622,102747,101144,102747,100417,202224]
[20200619,101646,102432,103003,101194,200121]
[20200618,101911,101459,102590,101194,176876]
[20200617,102335,101724,102414,101083,230893]
[20200616,99170,101812,102177,99131,291059]
[20200615,100491,99722,100905,98825,302493]
[20200612,99949,100412,100738,99289,268404]
[20200611,102394,100274,102907,99989,684587]
[20200610,102828,102650,102828,101172,565613]
[20200609,102729,101477,104001,102710,583483]
[20200608,102532,103469,103005,101773,571458]
[20200605,101024,102207,102591,100876,550444]
[20200604,102384,101339,102404,100353,608235]
[20200603,102226,102128,103055,101556,560691]
[20200602,101398,102779,101822,100649,411944]
[20200601,98983,101024,102542,98549,580196]
[20200530,98707,98835,99082,98707,0]
[20200529,100660,98983,101290,99860,513152]
[20200528,99800,100580,101100,99390,500378]
[20200527,101480,100020,101520,99720,515750]
[20200526,101030,101220,101860,100720,256852]
[20200525,100460,100920,101610,100260,359424]
[20200522,105810,100890,106180,96090,563654]
[20200521,102660,105570,105760,102370,394867]
[20200520,102500,102590,103110,102090,199102]
[20200519,100068,102490,102280,100068,414338]
[20200518,98877,100398,100418,98227,621493]
[20200515,100839,99177,100839,99147,588752]
[20200514,101489,99918,101619,100278,523519]
[20200513,101519,101219,101729,99798,682714]
[20200512,101479,101559,103090,100779,694808]
[20200511,101639,101739,103480,101429,719663]
[20200508,102350,102230,102820,100478,656967]
[20200507,101169,102410,102850,100799,624176]
[20200506,99027,100999,101729,97947,312535]
[20200430,101069,98527,101359,99998,195238]
[20200429,101349,100829,101789,100048,223345]
[20200428,101069,101359,101569,99668,223358]
[20200427,102069,100148,103811,100678,288379]
[20200424,99468,101299,101459,98997,255767]
[20200423,98317,100829,99908,98317,276373]
[20200422,100588,99087,100739,96806,224217]
[20200421,101695,98467,102163,99691,235728]
[20200420,98645,100798,101964,97678,299460]
[20200417,96233,97907,98744,96223,204202]
[20200416,96781,96442,96861,95435,157373]
[20200415,96861,96442,98376,96313,287575]
[20200414,96283,97329,97090,95744,342613]
[20200413,96781,96761,97249,95724,291612]
[20200410,95087,97150,97509,94927,413912]
[20200409,95286,96043,95525,94339,318414]
[20200408,92655,95116,95077,92146,443222]
[20200407,93492,92744,94060,92575,302841]
[20200403,92595,93841,92924,91658,336347]
[20200402,92047,92266,92924,89266,555961]
[20200401,92296,89804,92973,91947,380726]
[20200331,93342,92754,93631,91508,355701]
[20200330,92674,93003,93781,91239,455902]
[20200327,91897,91787,93143,91548,472628]
[20200326,92196,92296,93023,91249,443501]
[20200325,93193,91728,93442,90940,414923]
[20200324,92286,92595,93472,90741,480556]
[20200323,92694,93123,94010,90930,412179]
[20200320,94698,93342,96342,94110,414962]
[20200319,94738,94419,95425,90342,582263]
[20200318,97967,92356,99462,94648,573580]
[20200317,99123,99143,99921,98715,330561]
[20200316,99671,98764,101167,98495,348442]
[20200313,96881,100459,99941,95894,466388]
[20200312,100668,97130,100947,99542,367745]
[20200311,103000,100519,104067,101834,376976]
[20200310,100349,103240,104256,100329,439091]
[20200309,101834,101057,101884,98994,353599]
[20200306,103359,100339,103449,102592,329747]
[20200305,102363,102921,103818,101924,351245]
[20200304,102582,102662,102911,102034,241600]
[20200303,102971,102412,104057,102213,260453]
[20200302,98894,103240,102263,98824,282904]
[20200228,100618,100260,100618,98615,282766]
[20200227,100668,99841,101565,100618,219754]
[20200226,102034,100937,102502,100688,251723]
[20200225,101408,102343,102292,100702,154648]
[20200224,101368,100722,102332,100394,185568]
[20200221,103037,101080,103276,101706,175127]
[20200220,103355,102461,103902,102700,198240]
[20200219,103783,103664,104150,103008,164703]
[20200218,104548,103733,104906,102809,250073]
[20200217,104121,104031,104965,103664,169246]
[20200214,105462,104329,106377,103952,275947]
[20200213,104747,106327,105641,104150,442627]
[20200212,105293,104995,105800,103018,469677]
[20200211,103664,105442,106009,103664,392345]
[20200210,102859,104677,104558,102859,289585]
[20200207,104111,103405,105045,103534,345091]
[20200206,104747,103634,105472,104121,437312]
[20200205,103167,105313,105273,103167,405778]
[20200204,101388,103862,104111,101090,337495]
[20200203,100374,102213,101815,100046,194195]
[20200123,107629,101070,107649,104856,398539]
[20200122,106963,107162,108394,105502,444356]
[20200121,107569,107708,109545,106268,362608]
[20200120,107757,107886,108055,107003,284229]
[20200117,111114,107966,111114,106993,379141]
[20200116,109247,110727,111412,108999,351150]
[20200115,107877,109664,109178,107807,326093]
[20200114,112326,108671,112485,108135,794171]
[20200113,111164,112425,112614,110657,647771]
[20200110,111015,111154,111511,110330,642101]
[20200109,108254,110916,111124,108125,767973]
[20200108,108314,108562,108979,107082,719110]
[20200107,107330,108641,108691,106367,689516]
[20200106,107320,107579,107906,106079,648823]
[20200103,110886,107390,111124,106953,790496]
[20200102,110727,110439,111273,109118,413194]
[20191231,111045,110816,112207,109972,1255712]
[20191230,109376,111452,111462,109247,1168944]
[20191227,111730,109903,111889,109207,1103696]
[20191226,111313,111353,112157,110965,621618]
[20191225,111948,111154,112425,110578,981550]
[20191224,113071,111591,113398,110985,1042372]
[20191223,111214,112654,113240,111124,1057348]
[20191220,110240,111492,111670,110121,772150]
[20191219,108254,110568,110121,107539,741950]
[20191218,110310,108244,110528,107817,664030]
[20191217,110240,110449,111502,109893,448892]
[20191216,110678,110647,111383,108929,1134470]
[20191213,109167,110449,110310,108183,1116516]
[20191212,107816,108939,109863,107716,1989730]
[20191211,104050,108501,107468,103891,2088350]
[20191210,104139,104457,105769,103831,1684484]
[20191209,105729,104089,106991,103583,1999388]
[20191206,103394,106226,106236,103364,1940574]
[20191205,103742,104606,103990,103135,1177142]
[20191204,107061,103503,107319,102728,2072036]
[20191203,107766,107150,108094,107170,1145876]
[20191202,108829,107577,109535,106902,1755972]
[20191129,110459,109376,110787,108571,1437464]
[20191128,113172,110459,113371,110717,1511162]
[20191127,113162,113013,113718,111850,1272902]
[20191126,113818,113003,114175,112387,1247322]
[20191125,112248,113738,115060,112228,1455592]
[20191122,113261,113003,114354,112158,1181576]
[20191121,112576,113788,114006,111612,1295854]
[20191120,113947,113390,115328,112685,1311852]
[20191119,116451,113440,116620,114295,1191238]
[20191118,117484,116252,118458,114315,1276446]
[20191115,120545,117057,120893,117027,1182200]
[20191114,120297,120058,121658,119571,900026]
[20191113,120416,120774,122334,119621,915920]
[20191112,123268,121350,123268,119810,817098]
[20191111,125374,121847,125911,123178,570922]
[20191108,126398,124520,126656,125106,358898]
[20191107,125553,125931,128683,124520,421106]
[20191106,125901,125990,126507,125166,339192]
[20191105,128435,126090,128445,125414,370384]
[20191104,129210,128177,129369,128177,228076]
[20191101,129160,128972,129528,127551,310654]
[20191031,130035,128982,130432,128813,305294]
[20191030,128654,129478,130134,128256,312742]
[20191029,128793,128862,131694,127332,381396]
[20191028,129035,127918,129954,126927,876690]
[20191025,129393,128532,130224,127797,728272]
[20191024,125554,129103,129673,124964,1219870]
[20191023,121415,125225,127845,121086,1114828]
[20191022,122459,121656,122904,121221,664644]
[20191021,125737,122449,125844,121202,973938]
[20191018,124509,124799,126385,123939,1145594]
[20191017,128426,124161,129054,123175,1725924]
[20191016,128165,128310,128919,127410,1011562]
[20191015,130660,127778,132342,127101,1465174]
[20191014,132758,130843,134286,130621,859082]
[20191011,132836,132516,132836,130679,522508]
[20191010,132681,132468,133126,130118,591062]
[20191009,132768,132439,132855,131762,286066]
[20191008,134422,132449,134422,130012,290624]
[20190930,134744,133454,134813,133287,919158]
[20190927,133757,134265,134969,132926,1091800]
[20190926,133043,133708,135165,133014,1291224]
[20190925,134441,133532,134490,132143,1486878]
[20190924,135859,133639,136328,133141,1620050]
[20190923,136064,135771,136846,134441,1607644]
[20190920,133620,135566,135878,131860,1753880]
[20190919,132740,134314,134187,132446,1447214]
[20190918,131439,132662,134265,130941,1572984]
[20190917,134099,131263,135859,131322,1654048]
[20190916,139701,134519,139926,133952,732186]
[20190912,140992,136876,141598,138890,1342208]
[20190911,140239,140572,141061,138704,1580092]
[20190910,138792,140542,141813,138313,1613194]
[20190909,136299,139242,139066,135086,1666714]
[20190906,139154,137501,139408,135047,1431108]
[20190905,143221,138186,144463,138372,1843282]
[20190904,142146,144365,144678,140542,1479566]
[20190903,136348,142762,145793,136348,1674892]
[20190902,133913,140093,133913,133913,8224]
[20190830,124536,133913,127968,124116,1306968]
[20190829,123647,125309,124918,122933,886892]
[20190828,123314,123480,123608,121046,625846]
[20190827,121496,123158,123461,121496,535712]
[20190826,120635,122464,122600,119775,589520]
[20190823,120361,120762,121192,119462,398990]
[20190822,120459,120400,122121,119071,415100]
[20190821,120831,120674,123598,119794,501238]
[20190820,122464,120586,122757,120361,386800]
[20190819,122317,121808,123784,122268,354684]
[20190816,121185,122698,124564,120843,1189256]
[20190815,120755,121283,121322,118636,974866]
[20190814,121459,119955,121673,119613,1044896]
[20190813,119847,121136,121761,119379,1101082]
[20190812,122894,120277,124798,115736,2155888]
[20190809,121244,122269,124193,120648,1493132]
[20190808,113793,121068,121957,111713,1861634]
[20190807,115863,112758,116752,113656,1208092]
[20190806,115814,115316,116752,114711,921108]
[20190805,112006,115219,116537,111098,1454230]
[20190802,109818,112172,113324,109643,1386682]
[20190801,109887,110219,111674,109193,968612]
[20190731,109535,109750,110932,108891,782518]
[20190730,107221,109594,110805,107084,830096]
[20190729,108529,107465,108842,106371,979288]
[20190726,107221,108276,109154,106703,1199812]
[20190725,110443,107612,111195,107153,1451712]
[20190724,110609,110268,110609,108168,1117008]
[20190723,110932,110111,111391,109438,1069996]
[20190722,113275,110219,114398,110219,1038612]
[20190719,114183,114310,116429,113549,1034358]
[20190718,109369,114017,114398,108510,667934]
[20190717,108393,108998,108959,106713,380366]
[20190716,103920,108022,107416,103256,277494]
[20190715,102045,103539,104526,101577,217468]
[20190712,101733,101733,102104,100903,115002]
[20190711,100288,101665,101625,99907,138634]
[20190710,98061,100219,101069,97846,135818]
[20190709,98325,98071,98852,97632,96504]
[20190708,95903,97954,98452,95903,108624]
[20190705,96186,96186,96850,95346,81040]
[20190704,95825,96577,96606,95581,75066]
[20190703,94888,96157,95483,94438,68802]
[20190702,97133,95044,97143,94819,89494]
[20190701,98862,96772,99604,97212,89852]
[20190628,99232,98950,99700,98502,702688]
[20190627,97917,99037,99183,97781,748928]
[20190626,97469,97810,98092,97147,610882]
[20190625,96193,97674,97245,95589,697636]
[20190624,95852,96271,96436,95530,593190]
[20190621,97703,95910,97781,95501,709012]
[20190620,96768,97527,97693,96583,653164]
[20190619,95823,96690,97712,95638,586134]
[20190618,95998,95871,96115,95180,355188]
[20190617,96602,95375,97235,96222,337838]
[20190614,96787,96660,97927,95949,397210]
[20190613,94186,96972,96914,94186,363316]
[20190612,94615,94702,95599,94235,305782]
[20190611,93095,95199,94927,92589,303708]
[20190610,92774,92998,94089,92764,112048]
[20190606,93514,93124,93991,91663,264218]
[20190605,93845,93767,94215,93280,176096]
[20190604,94293,93738,94790,93680,156262]
[20190603,95638,94245,96271,94303,199624]
[20190531,95453,95599,96544,95287,115758]
[20190530,95852,95345,96154,95199,99378]
[20190529,97284,95988,97284,95725,122854]
[20190528,98190,96992,98872,97488,107658]
[20190527,96701,98657,98413,96652,799374]
[20190524,94074,97645,98355,93491,1031382]
[20190523,94746,93870,94999,93938,674342]
[20190522,95417,94697,95572,94259,813182]
[20190521,94580,95281,96146,94425,709614]
[20190520,95144,94687,96001,94522,691536]
[20190517,95582,95213,95816,95047,559536]
[20190516,94337,95495,95572,94249,638890]
[20190515,93150,94415,94707,93101,417572]
[20190514,93500,93461,94726,92596,465232]
[20190513,93714,93539,94425,92994,369296]
[20190510,92129,93666,94074,91973,389036]
[20190509,93384,92294,93442,92197,289102]
[20190508,93208,93354,93821,93004,207228]
[20190507,92878,93393,93870,92878,139844]
[20190506,93160,92994,93889,92313,100288]
[20190430,95242,93695,95495,94658,113062]
[20190429,94483,95076,95670,94240,128872]
[20190426,94532,94473,95553,94327,134858]
[20190425,94804,94551,95269,94183,863436]
[20190424,95172,94969,95182,94309,785574]
[20190423,95822,94746,96084,95143,836984]
[20190422,96307,95667,97500,95521,926672]
[20190419,95919,96326,96394,95667,644616]
[20190418,98431,95880,98868,95725,1037926]
[20190417,98926,98664,99158,97548,741598]
[20190416,97985,98868,99430,97219,725398]
[20190415,98431,97587,98577,97306,598898]
[20190412,99314,98082,99527,97364,790370]
[20190411,100002,99479,100817,99129,666824]
[20190410,100187,100235,100604,99527,614792]
[20190409,99925,100138,100439,98703,414000]
[20190408,99100,100138,100051,98945,167370]
[20190404,100448,99420,100962,99420,280246]
[20190403,98547,100419,100720,98218,300118]
[20190402,99721,98480,99721,98324,197208]
[20190401,97946,99420,99925,97287,206096]
[20190329,96676,97568,97607,96132,169996]
[20190328,97898,96472,98130,96520,211418]
[20190327,96705,97801,98441,96676,170090]
[20190326,96414,98063,96850,96094,131444]
[20190325,97384,96268,97636,96171,137608]
[20190322,99081,97296,99411,96996,134030]
[20190321,99731,99265,100080,98848,116786]
[20190320,99100,99517,99799,98935,102400]
[20190319,97190,99440,99323,96986,107102]
[20190318,97481,97093,97791,96637,115286]
[20190315,97927,97131,98383,96763,136864]
[20190314,97995,97742,99207,97665,97038]
[20190313,99508,98024,100070,97403,93006]
[20190312,98800,99711,99352,97704,98614]
[20190311,98683,99023,99469,98421,86906]
[20190308,100953,99061,101021,98606,115774]
[20190307,102495,100953,103096,100720,112792]
[20190306,102049,102728,102737,101758,100318]
[20190305,101205,101893,102204,100022,113808]
[20190304,101282,100788,102078,100545,105912]
[20190301,99440,101302,101428,98965,92386]
[20190228,98189,99566,99382,98101,73022]
[20190227,98586,98547,98868,97684,66262]
[20190226,99411,98480,99411,97839,74486]
[20190225,99411,98683,99993,98838,87188]
[20190222,97529,99217,99333,97364,62164]
[20190221,97568,97713,98392,97219,71548]
[20190220,96210,97393,97510,95909,72824]
[20190219,95618,96491,96579,95357,64632]
[20190218,93718,96307,95890,93718,68036]
[20190215,95822,94076,96055,93582,64598]
[20190214,95201,95832,96132,94716,47622]
[20190213,96065,94794,96608,94115,48336]
[20190212,97219,96365,97519,95715,43642]
[20190211,96423,97131,98703,96423,28650]
[20190201,94639,97064,96317,94581,27046]
[20190131,94484,95017,95337,94299,27260]
[20190130,92214,94794,94843,92214,29344]
[20190129,92078,92525,92457,91138,22408]
[20190128,91865,92146,92932,91584,19364]
[20190125,90542,91778,92290,90542,47432]
[20190124,90861,90571,91344,90639,45206]
[20190123,91131,91228,91604,90475,40608]
[20190122,91797,91450,92686,91112,48476]
[20190121,90919,91894,92512,90755,67060]
[20190118,89799,90870,91102,89499,57312]
[20190117,90426,89741,90446,89760,51568]
[20190116,88997,90359,90532,88775,80334]
[20190115,88620,89084,89045,88031,57090]
[20190114,88591,88514,89238,88244,47594]
[20190111,88389,88611,88543,87404,52288]
[20190110,88408,88427,88669,87935,46362]
[20190109,87877,88369,88842,87626,55812]
[20190108,87655,87935,87906,87153,58494]
[20190107,86930,87684,88070,86786,79410]
[20190104,85550,86805,86901,84912,78546]
[20190103,83348,85714,85559,83338,70496]
[20190102,84584,83580,85318,83396,53910]
[20181228,84980,85067,85347,84680,56202]
[20181227,85067,84960,86003,84777,60038]
[20181226,85974,84989,86303,84671,66526]
[20181225,87133,85994,87230,85424,58982]
[20181224,86612,86998,87664,86438,58456]
[20181221,87008,86699,87365,86274,46554]
[20181220,86254,87133,87037,86071,54010]
[20181219,87201,86332,88051,85820,60942]
[20181218,87346,87384,88031,87133,45198]
[20181217,85945,87452,87732,85868,60382]
[20181214,86235,86090,86535,85839,50742]
[20181213,85849,86187,86438,85057,71010]
[20181212,85916,85907,86718,85578,51798]
[20181211,85897,86081,86399,85327,60712]
[20181210,86332,86254,86911,85550,65650]
[20181207,86747,86168,86930,85298,89774]
[20181206,87616,86641,88282,86969,53878]
[20181205,88707,87520,88814,87027,73086]
[20181204,88389,88447,88746,87751,59510]
[20181203,87751,88456,90310,86776,74494]
[20181130,86525,87230,88012,86448,62514]
[20181129,86071,86728,86486,85163,46666]
[20181128,85540,85810,86525,84922,64816]
[20181127,85656,85105,86419,84700,77448]
[20181126,85318,85559,87172,84980,104432]
[20181123,87548,85492,87674,84941,101708]
[20181122,89045,87249,89229,87259,62100]
[20181121,90059,88949,90629,88524,58936]
[20181120,89885,90001,90349,89518,43874]
[20181119,90687,89992,91537,89634,51990]
[20181116,91788,90745,91962,90397,46968]
[20181115,90590,91440,91836,90165,56102]
[20181114,91894,90716,92174,90252,67362]
[20181113,91247,92020,91933,90861,59264]
[20181112,92609,91295,92754,90755,73372]
[20181109,93613,92338,94048,92725,54622]
[20181108,93545,93207,93787,92145,55316]
[20181107,94839,93555,95033,92956,51842]
[20181106,93806,94733,94839,93314,36476]
[20181105,95396,93854,95695,93440,605440]
[20181102,93382,95435,95512,93238,743040]
[20181101,94105,93575,94278,92524,620578]
[20181031,94635,94028,95300,93893,676800]
[20181030,94828,94972,95647,94375,540504]
[20181029,95579,95261,95984,94587,642900]
[20181026,98114,94895,98355,95618,751464]
[20181025,99174,97940,99733,96543,795026]
[20181024,98721,99492,99955,98654,506232]
[20181023,100176,98972,100263,98721,465782]
[20181022,99983,100051,100831,99078,553152]
[20181019,97333,99424,100012,97179,614198]
[20181018,99126,97545,99569,96745,710382]
[20181017,98837,99039,99685,98451,462250]
[20181016,100986,98866,101660,98172,582186]
[20181015,101300,101150,101790,100263,278636]
[20181012,99534,101396,101915,99534,373830]
[20181011,101876,99879,102145,99131,450198]
[20181010,101147,101656,102846,100628,443796]
[20181009,98939,100984,101435,98747,406456]
[20181008,100504,99361,100504,98372,191634]
[20180928,99755,99495,100408,98583,427198]
[20180927,101704,99803,101848,99783,456420]
[20180926,101272,101435,102347,100984,492560]
[20180925,101310,101502,101627,100369,236134]
[20180921,99092,100686,101022,98987,664796]
[20180920,99217,99332,99620,98564,554504]
[20180919,98410,98939,99543,97470,633474]
[20180918,97969,98401,98535,96846,576870]
[20180917,99495,98295,100619,97614,672180]
[20180914,99851,99591,100215,99188,438314]
[20180913,98209,99918,100177,98122,687366]
[20180912,97719,98554,98046,95953,736092]
[20180911,98218,97642,98958,97393,532698]
[20180910,97220,97729,98593,96903,583668]
[20180907,98747,97383,99294,96500,686252]
[20180906,98516,98660,99467,97777,591390]
[20180905,99131,98631,99409,97758,694072]
[20180904,100897,99227,101291,99025,590524]
[20180903,103096,101166,103691,100052,936702]
[20180831,105544,103259,105784,103192,779124]
[20180830,105534,105650,106264,104824,469332]
[20180829,105448,105621,106821,105266,544512]
[20180828,104517,105342,105102,103921,472450]
[20180827,105842,104334,106091,103605,649970]
[20180824,105026,105832,106005,104421,551050]
[20180823,106936,104786,107397,104987,552078]
[20180822,108223,107080,108492,106514,594870]
[20180821,107637,108079,108472,107282,482842]
[20180820,105794,107531,108117,105794,598494]
[20180817,105160,106293,107003,104882,641410]
[20180816,105074,104987,105438,102837,776364]
[20180815,107128,105170,107608,105150,616050]
[20180814,109586,107359,109980,106888,603674]
[20180813,108568,109336,109932,108357,420094]
[20180810,110172,108866,110508,108511,450548]
[20180809,109663,110143,110412,109298,451226]
[20180808,108444,109644,110114,108108,642322]
[20180807,105707,108924,108712,105352,700994]
[20180806,105054,105995,106831,104171,583562]
[20180803,105717,104939,106043,104392,394852]
[20180802,108386,105813,108386,104670,659830]
[20180801,108328,108079,109490,108021,431512]
[20180731,107387,108165,108549,107253,336590]
[20180730,107685,107416,108367,106888,309958]
[20180727,106437,107791,108280,106197,349162]
[20180726,106840,106562,107109,106034,290684]
[20180725,105794,106975,107061,105534,321468]
[20180724,105611,105669,106360,104718,290652]
[20180723,105275,105602,105899,104373,295444]
[20180720,103979,105179,105563,103336,343850]
[20180719,103989,104133,105813,103921,377770]
[20180718,104411,104565,104930,103653,343386]
[20180717,105678,103873,106283,104066,312942]
[20180716,107628,105967,108261,105506,359264]
[20180713,109317,108012,109385,107877,267804]
[20180712,104786,108924,110220,104478,392782]
[20180711,107051,105141,108031,103777,310400]
[20180710,106850,107493,107676,105525,236520]
[20180709,106533,107522,107445,105746,198172]
[20180706,107397,105909,108482,105611,319416]
[20180705,107551,108127,107714,106034,260240]
[20180704,110853,107157,111554,107704,258528]
[20180703,110393,111228,111257,109893,197148]
[20180702,112390,110642,112620,110028,215634]
[20180629,110700,112505,112860,110421,207822]
[20180628,109740,110978,112188,109701,212112]
[20180627,109058,110959,110805,108876,165040]
[20180626,111391,109221,111535,108972,174054]
[20180625,112025,111026,113225,111449,150638]
[20180622,110552,112082,112062,109997,756424]
[20180621,108783,110466,111125,108563,740600]
[20180620,107645,109414,108984,107310,495678]
[20180619,109404,107970,109854,107492,427664]
[20180615,108579,109290,109954,107754,161904]
[20180614,108693,108446,111263,108484,182516]
[20180613,109613,110182,109613,107811,130300]
[20180612,109537,108949,109888,108181,129344]
[20180611,109025,109698,110362,108902,116140]
[20180608,111955,109328,112524,108598,163878]
[20180607,111908,112316,112164,110694,120034]
[20180606,109698,111586,112468,109698,140454]
[20180605,109679,110542,110504,108238,112372]
[20180604,108001,109423,110628,107811,140218]
[20180601,106726,108826,111609,106280,1114396]
[20180531,104365,106484,106859,104337,94602]
[20180530,105215,104762,105272,103997,66578]
[20180529,103402,105225,105470,103071,68804]
[20180528,103081,103269,103562,102193,61686]
[20180525,101494,103090,104497,101409,98598]
[20180524,101711,101957,101711,100852,57950]
[20180523,101843,101532,102457,100880,64922]
[20180522,102098,102023,102788,101343,50544]
[20180521,103288,102221,103487,101447,62372]
[20180518,101173,102939,103383,101059,70642]
[20180517,100861,101522,101513,100512,52758]
[20180516,100379,100833,101843,99548,68694]
[20180515,99832,100134,100861,99548,62038]
[20180514,97621,99690,99879,97574,60992]
[20180511,97565,97952,97810,97149,43222]
[20180510,97376,97697,97971,97083,44962]
[20180509,98150,97631,98311,96800,55272]
[20180508,98113,98198,98878,97291,53612]
[20180507,97924,98037,98528,97319,55192]
[20180504,98235,97603,98273,97234,54986]
[20180503,98065,97971,98641,97536,43724]
[20180502,97291,98198,98566,96743,29982]
[20180427,97565,97055,98896,97215,58818]
[20180426,98235,97706,98651,97555,60592]
[20180425,98339,98283,99284,97905,49350]
[20180424,98028,99067,99208,97102,45214]
[20180423,99242,98207,100307,98691,742714]
[20180420,101382,99461,101639,98729,879762]
[20180419,102209,100935,104416,101049,2020850]
[20180418,97958,103084,100051,97559,1616948]
[20180417,99385,98358,99851,98177,1299434]
[20180416,98985,99318,99546,97825,1294858]
[20180413,96532,98643,99280,96332,1587950]
[20180412,96636,96532,97806,95771,1659832]
[20180411,96950,96418,97226,96009,1149396]
[20180410,94677,96817,96560,94401,1265992]
[20180409,94848,94924,95409,93155,672230]
[20180404,95932,94278,96294,95181,1016348]
[20180403,95581,95619,96161,94829,1148908]
[20180402,94829,95495,96960,94649,1279754]
[20180330,93964,94810,94991,93374,1102040]
[20180329,92242,93755,94011,91824,1216856]
[20180328,92727,92537,93174,91472,996768]
[20180327,91491,93108,93621,91491,844698]
[20180326,93678,92271,94896,91605,1190160]
[20180323,96151,93935,96684,92585,1462740]
[20180322,96246,96275,98034,95067,1004004]
[20180321,97720,95219,97825,96341,913154]
[20180320,97017,97254,97939,96123,896186]
[20180319,98672,97007,98928,96855,830096]
[20180316,98538,98434,98729,97264,711900]
[20180315,100070,98519,100070,98091,654768]
[20180314,99556,99794,100032,98928,631806]
[20180313,99195,99527,99870,98462,672126]
[20180312,96570,99147,100336,96408,757676]
[20180309,96199,96769,96532,95314,716290]
[20180308,97178,96465,98186,96018,521762]
[20180307,98443,97264,98909,97511,430490]
[20180306,97036,98396,98129,96189,423464]
[20180305,97625,97340,98234,96893,373438]
[20180302,98972,97920,99201,97129,548356]
[20180301,100233,98829,100586,98838,474692]
[20180228,100889,99889,101060,99311,262704]
[20180227,100841,100594,101696,99644,209718]
[20180226,100356,100575,100832,99121,189026]
[20180223,98427,100366,100546,98284,175224]
[20180222,98959,99491,99149,97229,55150]
[20180214,96640,98693,98864,96155,129902]
[20180213,95176,96346,96564,94872,119288]
[20180212,94545,95329,95777,93371,551196]
[20180209,95940,94679,96608,93992,1124328]
[20180208,97496,95902,97840,94765,1373456]
[20180207,96818,97592,98576,96322,1155626]
[20180206,97869,96962,99540,96016,1433244]
[20180205,99702,97506,99788,95500,1530372]
[20180202,97659,99578,101011,97659,992436]
[20180201,98127,98184,98509,97095,781260]
[20180131,99222,97917,99878,97146,39100]
[20180130,101126,99307,101392,98803,34978]
[20180129,100069,101069,102344,99203,48992]
[20180126,100040,99859,100059,98669,35414]
[20180125,94319,99679,100516,94319,25286]
[20180124,95166,95309,95413,93995,15684]
[20180123,94214,94861,95423,92986,15998]
[20180122,92652,94233,94509,92652,13458]
[20180119,92567,93090,93547,91577,14532]
[20180118,92776,92967,93195,92338,9362]
[20180117,92957,92767,93709,92243,13140]
[20180116,95832,92890,96070,93481,19204]
[20180115,95175,95680,96213,94214,13416]
[20180112,96946,95023,97022,94347,15136]
[20180111,97308,96737,97784,96289,15040]
[20180110,95023,97041,96442,94566,13452]
[20180109,94252,95899,95347,93871,15796]
[20180108,94261,94176,94423,92919,16226]
[20180105,94890,94138,95347,93652,17260]
[20180104,94442,95261,94899,93052,20192]
[20180103,95553,94042,95697,94069,570044]
[20180102,94768,95285,95199,93954,326200]
[20171229,94680,94318,95401,94106,14878]
[20171228,92956,94300,95304,92469,11912]
[20171227,93599,92761,94086,91943,11046]
[20171226,92985,93891,93726,91894,8502]
[20171225,93745,92557,95372,92839,5236]
[20171222,93375,95187,93950,92381,7292]
[20171221,92742,93550,94515,92742,7138]
[20171220,92459,93619,93112,92089,5928]
[20171219,91534,92167,93453,91183,4552]
[20171218,88115,91544,92216,88115,7760]
[20171215,87277,88427,88397,87277,4456]
[20171214,87952,87647,88970,86739,730414]
[20171213,87903,88168,88500,86504,662460]
[20171212,86250,88236,88422,86054,780186]
[20171211,87268,86279,87581,85702,766968]
[20171208,85653,86827,87561,85653,777482]
[20171207,86094,85957,86661,85017,679482]
[20171206,88442,86084,88549,85516,1005488]
[20171205,90369,88187,90838,88197,827308]
[20171204,87718,90212,90594,87718,1014136]
[20171201,89322,88442,89606,87649,787928]
[20171130,89606,89263,90467,88168,835906]
[20171129,90056,89479,90829,88960,696852]
[20171128,91944,90251,92316,89361,813702]
[20171127,94713,92081,95290,91347,755416]
[20171124,92326,94595,94977,91484,704054]
[20171123,92746,92071,94497,92032,693758]
[20171122,92355,92854,93773,92189,616284]
[20171121,91748,93186,92981,90780,698122]
[20171120,90966,91768,92159,90741,523848]
[20171117,92237,91142,93138,90545,688658]
[20171116,92022,92570,92873,91778,487560]
[20171115,97442,92560,98049,92599,976988]
[20171114,98127,97755,99829,97178,676292]
[20171113,98000,97785,98499,95926,526174]
[20171110,96934,97853,98303,96327,359380]
[20171109,99311,97247,100176,96695,494950]
[20171108,100923,99350,100923,98553,451238]
[20171107,101504,100569,101543,100166,359940]
[20171106,99468,101395,101690,98642,503626]
[20171103,99311,99320,100166,97383,563362]
[20171102,99419,99517,100943,98219,585636]
[20171101,93518,99419,97688,93194,240300]
[20171031,91286,93873,93774,91090,403064]
[20171030,90411,91739,91837,90234,342884]
[20171027,94089,90627,94305,90716,526650]
[20171026,94148,94010,94659,93489,323670]
[20171025,94846,94168,95662,93302,421450]
[20171024,93420,94826,94974,92732,436838]
[20171023,95829,93076,96095,92132,641722]
[20171020,92535,95318,96046,91876,534362]
[20171019,93037,92034,93981,91385,678550]
[20171018,92142,93125,93204,91227,445652]
[20171017,92437,91837,93755,91385,609114]
[20171016,91473,92506,92388,90332,477388]
[20171013,88729,91365,90834,88533,379060]
[20171012,86586,89015,89221,85661,501318]
[20171011,86192,86015,86940,85091,416066]
[20171010,85858,86468,86979,85258,432836]
[20171009,84078,85455,86074,83980,239646]
[20170929,82111,84275,83852,81905,393704]
[20170928,83626,82505,83773,81128,548468]
[20170927,82701,83498,84078,82426,415336]
[20170926,82406,82878,84039,82397,419634]
[20170925,82613,83095,83478,81669,556228]
[20170922,86114,82810,87402,82416,1071426]
[20170921,88700,86212,89280,86035,965952]
[20170920,85897,88985,89024,84963,1010742]
[20170919,87058,85661,87677,85671,852158]
[20170918,86074,87176,87382,84235,1162840]
[20170915,87933,86586,87992,85937,835572]
[20170914,89713,87549,90323,86851,1227038]
[20170913,89969,90254,92289,89683,888518]
[20170912,89870,90293,91227,89565,775692]
[20170911,90962,90391,91021,87717,1030524]
[20170908,93823,89821,94866,90696,1030640]
[20170907,93518,93361,95416,92909,755712]
[20170906,94876,93518,95092,92437,732678]
[20170905,94777,94689,95298,94325,412278]
[20170904,93627,94433,95987,92751,715564]
[20170901,92142,93823,93538,91768,592146]
[20170831,91453,91916,92220,90903,578718]
[20170830,93027,91306,93459,91168,697948]
[20170829,91935,92781,93804,91335,807452]
[20170828,92565,93105,92683,90106,748930]
[20170825,92555,92427,93282,91975,583854]
[20170824,91237,92732,93400,90627,881974]
[20170823,91650,90765,91837,89260,781416]
[20170822,89880,91217,90962,89516,593910]
[20170821,86881,89742,90037,86566,952808]
[20170818,86133,88395,86832,85081,512040]
[20170817,84747,86232,86979,84668,664478]
[20170816,83685,85455,84373,83164,428118]
[20170815,84599,83390,84668,82928,449810]
[20170814,85307,84324,85878,84383,399452]
[20170811,86458,85583,87835,84737,690118]
[20170810,86635,86143,86881,85947,396866]
[20170809,83105,86674,87225,82810,766062]
[20170808,83527,83095,84068,82633,398010]
[20170807,83768,83547,84319,82314,331540]
[20170804,83267,83226,84069,82956,244698]
[20170803,82565,83096,84540,82444,360568]
[20170802,82555,82946,83267,81933,310144]
[20170801,83016,82505,83507,81743,356284]
[20170731,83066,83176,84099,82495,398848]
[20170728,82264,83076,83056,81331,459046]
[20170727,81512,82515,82184,80930,373412]
[20170726,81512,81311,82705,80770,543474]
[20170725,79146,81392,81472,79136,519722]
[20170724,79156,79507,79697,77752,392520]
[20170721,79136,79597,79296,77712,384328]
[20170720,80259,79136,80279,78745,368428]
[20170719,79356,79968,80319,79236,390266]
[20170718,79427,79547,80199,78705,412082]
[20170717,77221,79637,79727,77131,560114]
[20170714,76308,77502,77050,75506,380372]
[20170713,75998,76389,76619,75647,285310]
[20170712,74464,76459,76278,74403,402226]
[20170711,73571,74584,74744,73250,285110]
[20170710,74494,73411,74724,73531,324978]
[20170707,75276,74684,75566,74223,274662]
[20170706,75125,75506,75587,74714,233822]
[20170705,75316,75195,76048,75175,234214]
[20170704,77532,75597,77582,75105,398352]
[20170703,76770,77381,77872,76529,318558]
[20170630,76900,76910,77201,76008,282584]
[20170629,75907,76930,77151,75667,367732]
[20170628,75466,75677,76409,75406,297618]
[20170627,75546,76048,75667,74654,290074]
[20170626,75797,75496,75827,75115,239760]
[20170623,74343,75446,75887,74183,431116]
[20170622,74444,74393,74855,73822,284716]
[20170621,74554,74584,74754,73321,339166]
[20170620,74243,74554,75496,74093,383672]
[20170619,73982,74975,74353,72990,310240]
[20170616,73441,74042,74293,73060,295118]
[20170615,73281,73230,73882,72709,337960]
[20170614,72619,73270,73561,71706,376738]
[20170613,74073,72629,74073,72418,335420]
[20170612,73391,73992,74574,73270,358284]
[20170609,73200,73381,73531,72809,254704]
[20170608,73672,73321,73962,72278,421576]
[20170607,73090,73591,74293,72990,354760]
[20170606,73200,73130,73641,72889,235190]
[20170605,72208,73030,73852,72208,333360]
[20170602,73361,72759,73641,72168,333196]
[20170601,73120,73321,74042,72809,285716]
[20170531,75396,73110,76178,72950,311012]
[20170526,75988,75897,76399,75185,378476]
[20170525,76539,76048,76740,75767,337082]
[20170524,77953,76469,78153,75998,386288]
[20170523,78354,77882,78755,77712,314034]
[20170522,76750,78594,78695,76609,550008]
[20170519,75426,76970,76800,75386,372494]
[20170518,76950,75617,77381,74915,354862]
[20170517,76409,77070,77471,76409,388100]
[20170516,77672,76509,77953,76038,439312]
[20170515,77662,77622,77963,76840,361560]
[20170512,77782,77161,77903,76760,318580]
[20170511,77000,77441,77451,75627,431296]
[20170510,77000,77090,77652,76218,355314]
[20170509,76288,77080,76850,76008,283234]
[20170508,75286,76028,77070,75286,473838]
[20170505,76218,75767,76449,74925,417094]
[20170504,79005,75927,79005,75697,534018]
[20170503,80219,78454,80519,79336,265618]
[20170502,79808,80239,80680,79627,163802]
[20170428,78003,80199,79888,77602,478828]
[20170427,78253,78063,78695,77582,382074]
[20170426,78063,78484,78695,77802,333586]
[20170425,78775,78063,79166,77702,453676]
[20170424,79908,79056,79908,78334,396522]
[20170421,79557,79537,80590,79366,417572]
[20170420,79557,79818,80168,78284,450230]
[20170419,80389,79858,80439,78193,520696]
[20170418,81011,79978,81692,80229,365456]
[20170417,80910,81061,82103,80479,403614]
[20170414,81923,81773,82565,80720,412914]
[20170413,81813,82254,82795,81161,410938]
[20170412,85352,82414,85823,81763,667730]
[20170411,85522,85563,85803,84490,412688]
[20170410,84219,84871,86224,83678,385882]
[20170407,86976,84049,87137,83587,488410]
[20170406,86475,86224,87016,86124,257628]
[20170405,84821,86766,86695,84720,135926]
[20170331,84147,85242,85362,84065,284454]
[20170330,84136,84494,85066,83636,249484]
[20170329,82605,84177,84494,82299,297538]
[20170328,82196,82799,83463,81686,277222]
[20170327,84136,82237,84647,81237,433194]
[20170324,84555,83953,85015,83779,223498]
[20170323,84239,84279,85464,83646,287020]
[20170322,85964,84412,86750,84075,352072]
[20170321,86230,86587,86965,85443,308848]
[20170320,86607,85831,87332,86087,324708]
[20170317,87281,86556,87302,85913,363642]
[20170316,86873,87292,87751,86597,381120]
[20170315,85974,87047,87353,85178,405278]
[20170314,85934,86056,87149,85270,430668]
[20170313,85617,86638,86577,83830,615668]
[20170310,85678,85791,86883,85423,372618]
[20170309,89834,86168,90110,84953,684636]
[20170308,92918,89855,93010,89497,623858]
[20170307,92969,92816,93581,92428,323646]
[20170306,92765,92734,93806,92264,477204]
[20170303,92795,92918,92948,91335,376376]
[20170302,93193,92377,93837,92530,352588]
[20170301,92714,93530,93347,91059,448654]
[20170228,92856,92765,93418,92213,398416]
[20170227,90876,92867,93408,90426,527180]
[20170224,90671,90916,91110,89252,433364]
[20170223,91529,90702,92407,89977,399492]
[20170222,93592,91519,93765,90906,470002]
[20170221,93765,93684,94500,93081,353594]
[20170220,92805,93724,93796,91958,444178]
[20170217,92407,92530,93632,91590,515076]
[20170216,91652,92897,93939,90722,574594]
[20170215,92387,91110,92703,90324,529442]
[20170214,91264,92101,92162,90620,376774]
[20170213,88813,91437,91417,88803,522358]
[20170210,88680,88854,88793,87577,365676]
[20170209,88884,88476,89170,88241,254798]
[20170208,88139,88987,88946,87567,329078]
[20170207,88119,88037,88548,87506,287514]
[20170206,86699,88231,88292,86628,459630]
[20170203,87608,86995,87659,85331,250754]
[20170126,82932,86791,84923,82932,379920]
[20170125,84392,83422,84545,83126,378572]
[20170124,84157,84412,84729,83585,398954]
[20170123,83728,84310,85127,83524,431062]
[20170120,86281,83922,86648,83473,680544]
[20170119,87016,86556,87261,86393,289246]
[20170118,87200,86863,88006,86342,368940]
[20170117,88190,87465,89027,85903,477250]
[20170116,86944,88690,89487,86944,525336]
[20170113,85352,87455,88088,85352,518320]
[20170112,89150,86863,90008,86995,502638]
[20170111,89405,89334,90222,89068,366690]
[20170110,87996,89640,89660,87761,431366]
[20170109,86842,88108,88456,86750,334362]
[20170106,87098,86955,87639,86291,330632]
[20170105,86495,86904,87904,86434,390050]
[20170104,88068,86505,88282,85209,509536]
[20170103,87363,88068,88884,87312,234340]
[20161230,87659,88098,88160,86710,366630]
[20161229,87659,87802,88354,86618,428004]
[20161228,87302,86853,89181,87047,532684]
[20161227,86097,87128,87659,85648,429604]
[20161226,91835,86025,92326,85964,890304]
[20161223,91692,92203,93275,91509,423292]
[20161222,94439,91927,94745,91641,472814]
[20161221,94460,94480,95358,94092,353678]
[20161220,94960,94878,95082,92744,548564]
[20161219,96492,94899,97431,95317,473676]
[20161216,97206,96900,98595,96726,504568]
[20161215,98421,97492,99187,96634,696166]
[20161214,98258,97319,98789,95573,755580]
[20161213,96645,97962,98084,96277,422376]
[20161212,97155,96624,99861,96267,704652]
[20161209,97359,97257,97717,94827,546740]
[20161208,98697,97656,99330,96349,535032]
[20161207,97359,98983,99208,96828,574064]
[20161206,98227,97155,98769,96614,430568]
[20161205,94449,98513,98197,94174,726420]
[20161202,94919,94449,95419,93428,382672]
[20161201,93827,95358,96073,93459,443360]
[20161130,97012,94511,97114,92070,456918]
[20161129,100281,96236,100933,96005,468204]
[20161128,98355,100157,101223,97454,477924]
[20161125,98044,98013,99660,97071,489666]
[20161124,96067,98469,100074,95621,795798]
[20161123,96408,96129,96678,95383,365480]
[20161122,94845,96595,97796,93996,617368]
[20161121,93934,94938,95052,91221,624142]
[20161118,94731,94037,95104,92981,462710]
[20161117,95083,94803,95518,94089,531980]
[20161116,94110,94741,96077,93809,637140]
[20161115,94576,94524,97485,92681,828406]
[20161114,99504,94721,103335,92194,1436232]
[20161111,99194,99887,100674,96305,989496]
[20161110,95259,97661,98987,94762,939738]
[20161109,92619,95870,94917,91687,1057582]
[20161108,91045,93064,94079,90144,1037006]
[20161107,85919,90703,91563,85599,1020726]
[20161104,86458,86033,87069,85733,499008]
[20161103,85630,86541,86427,85122,343986]
[20161102,86365,85567,87452,84698,643984]
[20161101,86882,86727,87328,85837,504894]
[20161031,85578,86644,86986,85008,570398]
[20161028,84491,85112,85619,84304,568808]
[20161027,83818,84542,84801,83300,472906]
[20161026,84594,84180,85215,83445,503166]
[20161025,83041,84604,84863,83041,545454]
[20161024,82088,83693,83559,81881,408570]
[20161021,83248,82192,83476,82171,473192]
[20161020,83507,83445,84149,82627,469918]
[20161019,84594,83497,85267,83279,600458]
[20161018,84853,84708,84915,83714,390050]
[20161017,84594,84449,85464,84335,627692]
[20161014,83963,84636,85153,83590,453482]
[20161013,85692,83880,85992,83766,582972]
[20161012,85412,85723,86085,84801,464988]
[20161011,84356,85133,85909,84356,521362]
[20161010,83579,84760,84760,83041,232726]
[20160930,84698,83548,84894,83279,493894]
[20160929,84822,84791,86572,84460,647952]
[20160928,85816,85039,85919,84408,631954]
[20160927,84439,85215,85661,83041,680986]
[20160926,85588,84615,85775,84284,499758]
[20160923,85174,85371,85578,84698,400304]
[20160922,83714,85246,85485,83383,592604]
[20160921,83548,83600,83849,82948,358930]
[20160920,81902,83466,83559,81871,475510]
[20160919,80753,82358,82171,80753,192658]
[20160914,81995,81736,82316,80784,461048]
[20160913,81612,82037,82575,81467,384854]
[20160912,84284,81622,84346,81281,588750]
[20160909,84284,84180,84439,83714,380704]
[20160908,84025,84097,84304,83445,404752]
[20160907,83776,84201,84170,83207,492668]
[20160906,83217,83548,83983,82316,534710]
[20160905,82855,83227,83704,82855,522436]
[20160902,81312,83165,83321,81157,687928]
[20160901,80763,81498,82006,80763,486362]
[20160831,80742,81136,81498,80660,392454]
[20160830,81395,81001,81767,80763,335404]
[20160829,81084,81281,82088,80753,576114]
[20160826,80660,81239,81581,80660,413818]
[20160825,83994,81012,84159,80297,1024164]
[20160824,84149,84004,84460,83528,396026]
[20160823,83372,84180,84366,83207,379376]
[20160822,84284,83662,85019,83352,574312]
[20160819,84418,84180,84625,83766,456218]
[20160818,83921,84491,84656,83103,683686]
[20160817,84263,83921,84594,83528,641606]
[20160816,84190,84315,84946,84004,561980]
[20160815,84988,84366,85422,83372,899358]
[20160812,86251,85360,86872,85526,698606]
[20160811,87493,86561,88270,86033,857582]
[20160810,86406,87876,87700,86075,694812]
[20160809,87390,86572,87794,86261,665150]
[20160808,85630,87317,87897,85029,728416]
[20160805,84491,85402,86147,84491,642104]
[20160804,86986,84998,87493,84491,748196]
[20160803,88311,86137,88684,86406,645622]
[20160802,86939,88270,88250,86336,521152]
[20160801,85331,87172,87341,84559,650262]
[20160729,86198,85151,86727,84908,668234]
[20160728,84527,85934,86198,84242,726652]
[20160727,83882,84982,85342,83713,718402]
[20160726,85352,84083,85543,83195,814420]
[20160725,86304,85268,86611,84369,938682]
[20160722,87658,86516,88917,85828,1179900]
[20160721,85754,87785,87542,85162,943964]
[20160720,86463,85479,87097,85331,995230]
[20160719,85670,85818,88578,84972,1570932]
[20160718,86315,85902,86727,84115,1095830]
[20160715,86294,86452,86907,84728,889822]
[20160714,85458,86484,86727,84305,1019154]
[20160713,86093,85564,88377,84570,1528136]
[20160712,84030,86093,86082,83364,1025164]
[20160711,81978,84369,84443,81333,1083806]
[20160708,81947,81703,82920,79451,1240412]
[20160707,81873,82401,85553,81111,1505308]
[20160706,85310,82497,86854,80371,1894690]
[20160705,85617,86495,88229,81651,1653060]
[20160704,80064,87193,83808,79853,959372]
[20160701,79038,80339,80360,77843,790852]
[20160630,77843,78816,79683,77610,691562]
[20160629,76923,77843,78203,76838,648508]
[20160628,75707,77409,77060,75135,494660]
[20160627,74681,75855,75992,74617,501756]
[20160624,76341,74913,76680,74046,631294]
[20160623,76944,76436,77187,75812,396856]
[20160622,76627,77029,77081,75696,430096]
[20160621,76997,76172,77631,76161,460738]
[20160620,75728,76891,77071,75199,559456]
[20160617,74300,75654,75569,73930,448368]
[20160616,76024,74448,76108,74215,426290]
[20160615,74268,75643,75410,74131,533242]
[20160614,74490,74247,74765,74035,359918]
[20160613,73612,74585,74956,73559,260792]
[20160608,72449,74046,73295,72259,361718]
[20160607,73105,72512,73507,72438,405518]
[20160606,72026,73380,73253,71571,542436]
[20160603,71201,71761,71761,71190,454720]
[20160602,70852,71423,71899,70598,467988]
[20160601,72089,70788,72195,70810,469420]
[20160531,71286,71814,72333,71085,612320]
[20160530,71275,71286,71582,70619,510106]
[20160527,71159,71486,71709,70207,772404]
[20160526,70947,71360,71613,70683,632882]
[20160525,71063,71085,71730,70598,596952]
[20160524,70746,70926,71296,70260,515906]
[20160523,72481,70968,72745,70566,796844]
[20160520,72121,72534,72787,71677,501582]
[20160519,72534,72174,73158,72132,567094]
[20160518,73073,72354,73909,72385,742414]
[20160517,72851,73062,73655,72629,638040]
[20160516,72005,73221,73094,71888,639792]
[20160513,74035,72375,74416,71656,1070158]
[20160512,73729,74289,74681,73115,903448]
[20160511,73031,73316,73718,72988,719466]
[20160510,72893,73295,73485,72079,880962]
[20160509,74871,73306,76225,72904,1237716]
[20160506,77695,75125,77832,73983,1351736]
[20160505,78837,77452,79239,77335,902102]
[20160504,80053,78964,80794,77980,1311412]
[20160503,77515,80635,80593,76891,784312]
[20160429,76299,77251,77610,76056,898028]
[20160428,76257,76457,76902,75495,978806]
[20160427,75622,76521,76616,75379,771626]
[20160426,76056,75876,76373,74744,752578]
[20160425,76151,75770,77970,74913,1173162]
[20160422,79334,76521,79429,74564,1336644]
[20160421,76468,78996,78689,75876,1434612]
[20160420,75453,76447,77029,75167,1243074]
[20160419,75410,75336,76320,74088,965414]
[20160418,74384,75728,75580,73559,715166]
[20160415,74966,73771,75569,74109,678160]
[20160414,74882,75389,75506,74310,707514]
[20160413,73052,74924,76087,72745,1243098]
[20160412,72460,72914,73020,71920,454446]
[20160411,71497,72777,72682,71497,390550]
[20160408,71778,71730,71778,70331,321848]
[20160407,71521,71339,72186,71414,301148]
[20160406,70256,71789,71671,70256,383908]
[20160405,70824,70749,70996,69838,211112]
[20160401,70835,70588,71650,70803,442854]
[20160331,71403,70963,72239,70867,522082]
[20160330,73161,71553,73311,71135,619340]
[20160329,73097,73161,73762,72700,378748]
[20160328,73311,72840,73923,72904,394298]
[20160325,72883,73719,73579,72797,419214]
[20160324,73290,73215,73558,72475,625192]
[20160323,73226,72979,74512,72958,620010]
[20160322,73118,73054,74351,73108,770610]
[20160321,74780,73601,75113,72700,796786]
[20160318,73440,74930,75520,73344,1082722]
[20160317,72518,73751,73965,72475,641222]
[20160316,72775,72765,73279,72464,568130]
[20160315,74008,72958,74223,72625,698682]
[20160314,74255,74051,75445,73869,707934]
[20160311,73901,74469,74995,73451,754830]
[20160310,74619,73633,75584,73708,1130288]
[20160309,77085,75423,77171,73633,1090414]
[20160308,79187,76238,81267,75134,1686106]
[20160307,76496,80269,79819,76388,1434690]
[20160304,74566,76967,77600,74319,1145154]
[20160303,74201,74491,74534,73547,625092]
[20160302,72904,74459,74019,72732,705644]
[20160301,72068,73161,72808,71510,666470]
[20160229,72368,71928,73226,71349,761012]
[20160226,72861,72507,72872,71156,631662]
[20160225,73279,72679,73965,72432,611390]
[20160224,74083,73118,74083,73054,482738]
[20160223,74040,73858,74566,73461,536168]
[20160222,71993,74083,74030,71843,710516]
[20160219,71607,72078,72196,71403,541860]
[20160218,71403,71671,72014,71221,425120]
[20160217,71682,71478,71692,70835,520488]
[20160216,70770,71360,71918,70770,553050]
[20160215,69634,71221,71403,69130,290584]
[20160205,74362,70363,74780,73461,463746]
[20160204,73740,74384,74812,73676,552222]
[20160203,74030,73901,74126,72872,607464]
[20160202,73783,74030,74223,73504,540860]
[20160201,74426,73612,75263,73440,734904]
[20160129,74619,74791,75273,74298,685716]
[20160128,75520,74727,75659,74577,632568]
[20160127,74351,75541,75681,74351,740600]
[20160126,74405,74459,74512,73708,692562]
[20160125,75874,73998,75949,74115,696940]
[20160122,74351,75574,75884,74255,1041582]
[20160121,74459,74384,75048,73890,971352]
[20160120,75059,74501,75348,73826,861202]
[20160119,74308,75241,75370,73697,902204]
[20160118,72711,74491,74641,72604,1019562]
[20160115,72229,72797,74341,72111,986304]
[20160114,70996,72486,72958,70824,869100]
[20160113,70770,71221,71467,70706,760480]
[20160112,72132,70931,72507,70567,985200]
[20160111,72808,72078,73601,71596,928574]
[20160108,72325,73258,73494,71339,1152466]
[20160107,73976,72271,74405,72196,861804]
[20160106,74384,74019,74727,73301,723956]
[20160105,74191,74491,74619,73440,717944]
[20160104,75917,73976,76067,73504,518188]
[20151231,75155,75456,76067,74920,788070]
[20151230,74008,75166,75777,74008,952234]
[20151229,72936,74223,74384,72808,598264]
[20151228,74276,73011,74480,72904,591528]
[20151225,74405,74266,74812,73944,614090]
[20151224,75241,74555,75799,74405,772124]
[20151223,75831,75338,76110,74791,737286]
[20151222,76131,76013,76882,75692,800334]
[20151221,75692,76120,76442,75231,785354]
[20151218,74834,75552,75745,74780,484930]
[20151217,75543,75080,76111,74812,451600]
[20151216,74561,75576,75347,74146,472446]
[20151215,74484,74965,76166,74332,579134]
[20151214,74921,74670,75292,74015,639816]
[20151211,73284,74877,75380,72945,666326]
[20151210,74615,73393,75336,73502,713488]
[20151209,74124,75183,74714,73076,733456]
[20151208,76417,73502,76537,73895,679474]
[20151207,76417,76220,77301,75751,700250]
[20151204,74550,76231,75838,74463,975550]
[20151203,75980,75227,77639,74375,1030526]
[20151202,75325,76711,77432,75063,790368]
[20151201,75238,75620,76799,74976,1136534]
[20151130,75063,75696,75489,73895,1217186]
[20151127,77279,74932,78753,75336,1544020]
[20151126,74124,76908,79430,73535,1758400]
[20151125,70740,73753,74506,70489,1133754]
[20151124,70063,71242,71744,69113,1023662]
[20151123,75325,69747,75543,70937,782402]
[20151120,75980,74932,76187,74779,817720]
[20151119,77181,75696,77530,75565,656948]
[20151118,78000,77214,78305,76537,628154]
[20151117,80074,77847,80074,77006,823498]
[20151116,79506,79910,80347,79364,525964]
[20151113,79364,79659,80390,78895,753462]
[20151112,79692,79255,80500,79201,631592]
[20151111,80183,79583,80423,79419,722592]
[20151110,80893,80063,81002,79102,704022]
[20151109,81657,80805,82093,80521,687638]
[20151106,82748,81941,82748,81395,626880]
[20151105,83174,81537,84015,81646,714850]
[20151104,83185,83262,83698,82661,670468]
[20151103,83731,83109,84277,83174,511270]
[20151102,84168,83665,84484,83469,554268]
[20151030,86242,84157,86624,84200,699308]
[20151029,86329,86307,87170,85882,551848]
[20151028,86460,86078,86853,86023,524746]
[20151027,85936,86416,86547,85445,500208]
[20151026,87312,86089,87312,85652,622560]
[20151023,86198,86678,87333,85805,643882]
[20151022,85259,86111,86864,84834,502334]
[20151021,85641,85008,85892,85052,522728]
[20151020,86406,85729,86558,85216,624872]
[20151019,87639,86144,88043,86362,648616]
[20151016,87585,87759,88316,87246,763246]
[20151015,86678,87508,88098,86460,840566]
[20151014,86569,86689,87192,86209,647942]
[20151013,87737,86678,87748,86045,586202]
[20151012,88425,87257,88425,86242,720294]
[20151009,84615,87290,86755,84451,638300]
[20151008,85368,84517,85718,84386,209638]
[20150930,83251,84954,84179,82934,436196]
[20150929,84288,83163,84517,82421,616188]
[20150928,84386,84288,84932,84310,347552]
[20150925,83709,84473,84986,83622,918300]
[20150924,83993,84102,84179,83305,728218]
[20150923,83818,84015,83960,83010,1070508]
[20150922,84921,83382,85117,84004,1198352]
[20150921,84277,84910,85347,83316,1379608]
[20150918,85270,84495,85783,84954,1368740]
[20150917,86023,85641,86591,85478,1606788]
[20150916,84408,85838,86547,84364,1372722]
[20150915,84582,84965,85216,83906,1019566]
[20150914,86351,84757,87213,85412,1017236]
[20150911,86678,86515,87563,86034,1328064]
[20150910,85379,86799,85925,84200,998666]
[20150909,84157,85074,86100,83764,1192138]
[20150908,83917,83840,83982,82235,567784]
[20150907,83185,83731,84277,83185,250882]
[20150902,82967,83938,83709,82508,442080]
[20150901,83469,83174,84462,82748,428666]
[20150831,85368,83556,86526,83840,626330]
[20150828,83403,84506,86133,83360,588654]
[20150827,81111,83600,83163,80893,434764]
[20150826,82694,81438,83185,81002,515072]
[20150825,81002,82432,83665,79801,578100]
[20150824,87333,81176,87432,83840,326396]
[20150821,89026,87061,89026,87661,286500]
[20150820,89080,88556,89353,87115,360760]
[20150819,88523,89080,89462,88010,264162]
[20150818,90478,88698,90881,88534,168756]
[20150817,90390,90641,90827,89768,119712]
[20150814,90648,90499,91012,89657,243136]
[20150813,91078,90748,91959,90043,317524]
[20150812,89481,91519,91243,88181,467444]
[20150811,90527,89977,92796,90296,480368]
[20150810,88798,90781,90847,88434,319720]
[20150807,88886,88875,89360,88038,343696]
[20150806,89767,88974,89910,88666,306598]
[20150805,89547,89536,90043,88434,291854]
[20150804,88501,89723,89459,87906,413916]
[20150803,90538,88787,91618,88302,473772]
[20150430,86422,91078,91367,86405,533578]
[20150429,87412,86763,89155,85875,295734]
[20150428,87532,87216,89274,86618,232896]
[20150427,83697,88429,86678,83697,218206]
[20150424,81852,84304,83603,81741,112642]
[20150423,82092,82040,82416,81648,92878]
[20150422,81912,82356,82604,81776,111418]
[20150421,81417,82262,82672,81058,128704]
[20150420,81972,81203,82450,81306,135756]
[20150417,82228,82100,82553,81144,152880]
[20150416,80802,82297,81904,80503,180168]
[20150415,79171,80623,81135,79119,204070]
[20150414,80947,79504,81186,79282,187318]
[20150413,80520,81127,81707,80025,172100]
[20150410,80708,80759,81109,79581,126290]
[20150409,80665,80588,81357,80179,144524]
[20150408,80708,81152,81656,79683,163020]
[20150407,83270,81220,83680,81946,67790]
[20150403,81989,83586,83526,81699,137992]
[20150402,79316,81912,82493,79043,188368]
[20150401,80230,79307,80392,77967,156862]
