[20210830,241350,245440,245380,239330,70917]
[20210827,239168,240550,241512,237477,43816]
[20210826,237764,239386,242026,237754,46056]
[20210825,234866,238357,239010,234016,43100]
[20210824,232562,235479,234945,231119,40999]
[20210823,229408,231811,232028,227341,65600]
[20210820,225591,230318,231633,223089,107888]
[20210819,238298,225947,240849,236607,68519]
[20210818,240285,238476,241423,238110,57117]
[20210817,235450,239831,242164,235450,60083]
[20210816,235786,238713,236795,233304,47554]
[20210813,238318,235628,238318,233828,63974]
[20210812,235756,235727,241274,235756,68779]
[20210811,234382,237902,237200,233413,65980]
[20210810,226451,233789,234342,225581,85086]
[20210809,226748,227450,229892,225957,68118]
[20210806,227954,227944,228923,226570,51676]
[20210805,225581,228874,229081,225284,75883]
[20210804,226056,227539,227796,224365,60334]
[20210803,231494,225403,232661,226431,85056]
[20210802,231949,231128,234145,228696,98404]
[20210730,230565,232958,232384,228538,77439]
[20210729,229022,230100,231148,225571,73616]
[20210728,229319,228379,229843,226619,64257]
[20210727,230446,229418,234421,227756,93921]
[20210726,231020,230278,233156,227252,67131]
[20210723,223593,231831,231692,223484,58343]
[20210722,221022,224018,221705,220023,25348]
[20210721,224473,221398,225531,218441,37951]
[20210720,225957,224256,225957,221724,32635]
[20210719,223465,223010,229418,223059,37884]
[20210716,217739,224444,224177,217096,32665]
[20210715,216859,217541,218510,214604,20319]
[20210714,216365,216463,216365,213062,17377]
[20210713,212960,214377,216907,212550,64619]
[20210712,214631,213048,214894,211319,46596]
[20210709,211651,213771,214416,209961,58293]
[20210708,211338,210831,212569,209863,56722]
[20210707,213546,211895,213546,209004,80655]
[20210706,210684,212745,214474,210684,74784]
[20210705,207773,211368,211846,206757,72220]
[20210702,206903,207538,208115,205614,55472]
[20210701,209658,207382,210000,206171,71140]
[20210630,205848,208779,209775,205292,65120]
[20210629,206308,205751,207021,204295,54523]
[20210628,205243,206845,208603,203201,82747]
[20210625,204754,208076,206356,203289,68059]
[20210624,203025,205223,205028,202048,65792]
[20210623,196695,202126,203377,196695,72375]
[20210622,194898,198502,198190,193657,66098]
[20210621,196578,193823,196578,191723,97569]
[20210618,199224,193960,199788,195644,45990]
[20210617,199846,198893,201909,198543,43233]
[20210616,200809,199311,202317,198660,36664]
[20210615,206247,201870,206549,198951,29853]
[20210611,202823,203455,207667,200907,56402]
[20210610,201636,201335,202706,200897,36620]
[20210609,199710,202220,203728,199185,83060]
[20210608,199078,200391,199973,197677,61835]
[20210607,199418,198377,200741,197784,60462]
[20210604,194846,199973,199272,194846,82069]
[20210603,201626,196685,202191,198835,70375]
[20210602,200411,200469,202337,199360,60817]
[20210601,203309,201539,203309,198494,60354]
[20210531,201432,199681,206208,200274,115364]
[20210528,193436,201461,204263,192842,146628]
[20210527,192570,194117,194010,191743,54845]
[20210526,190420,192220,192706,190012,56903]
[20210525,188718,190255,191879,188397,68807]
[20210524,191831,188980,193095,186237,94939]
[20210521,189973,192619,193368,188436,92275]
[20210520,192803,190196,192803,187161,92151]
[20210519,193873,191403,194992,192803,64613]
[20210518,192667,194282,194525,192288,50300]
[20210517,188484,192424,192687,188484,68290]
[20210514,188329,191228,189000,185041,68620]
[20210513,190654,188192,192122,185410,76177]
[20210512,190449,189632,192288,189506,62230]
[20210511,190245,191072,190362,187298,56447]
[20210510,191519,188718,192988,189029,62581]
[20210507,193028,189866,195123,190387,33267]
[20210506,193154,194285,195522,191108,20557]
[20210430,188389,192979,189510,185134,56375]
[20210429,183487,189178,188574,182688,70053]
[20210428,181401,184900,182824,179696,43891]
[20210427,181401,182649,183974,180407,50624]
[20210426,179423,181859,182415,178546,52942]
[20210423,178829,178994,179442,177162,52110]
[20210422,179316,178117,180875,177903,77638]
[20210421,180943,179608,181080,178205,64489]
[20210420,180290,180875,181265,177571,66262]
[20210419,178984,180446,181937,178984,69393]
[20210416,176353,181470,179043,175973,74329]
[20210415,173683,177562,175993,173683,78966]
[20210414,174141,175057,174521,172309,47402]
[20210413,173849,173888,174355,171763,55236]
[20210412,176938,173693,177230,172036,68286]
[20210409,178526,176100,179969,176246,53551]
[20210408,179111,179433,179111,176772,66677]
[20210407,179608,178273,181314,178955,59884]
[20210406,178000,179267,183604,178000,48791]
[20210402,172065,182171,178634,171812,91293]
[20210401,171393,173576,172981,169648,43752]
[20210331,173242,169970,173567,170232,6507]
[20210330,173173,172170,174157,172386,3505]
[20210329,172681,173822,173567,171639,7010]
[20210326,169475,172278,172790,167625,7035]
[20210325,171176,169406,171767,169052,3028]
[20210324,174560,170930,175780,170744,4615]
[20210323,175455,175278,176754,173291,3730]
[20210322,172612,174993,176567,172022,4679]
[20210319,174117,173203,176036,172209,3390]
[20210318,173704,174462,175583,173153,1583]
[20210317,172416,174826,174491,171894,2155]
[20210316,173645,172386,174954,171776,2783]
[20210315,177934,174629,177934,172180,5521]
[20210312,177187,176527,180364,175652,3119]
[20210311,171373,179803,177295,171373,4126]
[20210310,168353,173803,174383,168353,2831]
[20210309,168668,169957,172219,168353,1727]
[20210308,172986,169799,175986,168235,2722]
[20210305,170980,172573,175091,169209,2548]
[20210304,175721,171068,175721,170832,1639]
[20210303,175987,174275,179126,174823,66146]
[20210302,169049,176323,175958,169049,113693]
[20210301,180626,175060,183765,178869,118515]
[20210226,189322,180241,192244,180992,223797]
[20210225,186558,191879,196883,185275,218093]
[20210224,188809,186657,189352,183686,171623]
[20210223,188819,187703,191355,184742,215438]
[20210222,180202,190319,192155,179639,215765]
[20210219,172651,181031,179304,172631,95498]
[20210218,166808,174645,172276,165742,44580]
[20210210,161350,166285,164054,161202,62423]
[20210209,163363,163245,163857,160224,64694]
[20210208,162840,162761,165130,162041,75263]
[20210205,161577,163837,163097,160728,42943]
[20210204,162860,161044,162860,160896,38303]
[20210203,166265,162120,166443,160984,64039]
[20210202,168022,165663,168269,164636,53560]
[20210201,171546,167193,171546,162968,87940]
[20210129,170540,170648,174195,170330,26512]
[20210128,170589,170868,172203,169275,20628]
[20210127,171825,170639,172950,168508,19793]
[20210126,168677,171107,172113,167362,18285]
[20210125,161127,169195,169703,160639,13153]
[20210122,160519,161157,163159,160370,6570]
[20210121,158168,162362,160668,157949,6147]
[20210120,157361,158358,158806,156943,5564]
[20210119,156714,157591,157859,156355,5638]
[20210118,153716,156913,156714,153716,5996]
[20210115,153357,155479,154811,153357,3774]
[20210114,153178,154333,153975,152172,4794]
[20210113,153018,153586,154353,152670,10705]
[20210112,153377,153805,154592,151694,10658]
[20210111,157571,153925,157790,152580,14998]
[20210108,159065,157023,159065,156007,12493]
[20210107,158277,157292,159276,157139,59575]
[20210106,158168,158148,159106,156989,61924]
[20210105,154293,157648,159576,154223,77089]
[20210104,151657,157069,154273,150818,37231]
[20201231,152338,152216,153099,151126,10613]
[20201230,153730,152067,154872,152148,11758]
[20201229,153450,154441,154501,152859,8572]
[20201228,153550,153920,154521,152428,4506]
[20201225,152158,153740,154451,152158,3377]
[20201224,151607,153440,152648,151486,3507]
[20201223,151637,152358,152849,150144,5834]
[20201222,152728,152328,153009,151476,4077]
[20201221,154622,152017,155753,152107,4563]
[20201218,154732,153930,155493,153500,3093]
[20201217,153069,154371,155323,153069,3595]
[20201216,152228,154592,154652,151336,4546]
[20201215,152157,152869,154437,151796,52202]
[20201214,150641,152328,152700,150259,37263]
[20201211,152619,150691,154668,149204,60165]
[20201210,150661,153624,152579,150661,39219]
[20201209,149857,150932,151213,148983,33720]
[20201208,149355,149435,150801,149174,32072]
[20201207,148431,149707,149636,147768,29700]
[20201204,146653,148019,148712,146563,29450]
[20201203,146874,147537,147216,145840,23743]
[20201202,146643,146523,148069,146362,24582]
[20201201,149676,147326,149787,146241,26756]
[20201130,148765,149596,150369,148535,8753]
[20201127,147281,149918,149818,147141,5537]
[20201126,146349,147853,147522,146289,4886]
[20201125,147251,146429,147562,146028,1879]
[20201124,147221,147031,147572,146229,2216]
[20201123,147171,147251,147803,146700,3422]
[20201120,147743,146810,148073,146700,4058]
[20201119,151502,147251,151502,147522,4485]
[20201118,148926,150189,152575,148926,5070]
[20201117,149387,149988,150891,148595,4079]
[20201116,147281,149878,149387,146750,2840]
[20201113,146449,146880,147442,146008,1310]
[20201112,146249,146479,147231,146098,1328]
[20201111,146590,146148,147362,146118,1464]
[20201110,147261,146339,147552,146489,1963]
[20201109,147111,147432,147893,146469,1708]
[20201106,146830,147622,147462,146269,990]
[20201105,146058,146830,147121,146058,366]
[20201104,146028,146459,147151,145637,322]
[20201103,144544,146810,146369,144264,205]
[20201102,143641,144544,144785,142478,30835]
[20201030,142169,143641,143952,141840,4564]
[20201029,144031,142298,144031,142209,1674]
[20201028,143712,142398,144728,143135,2580]
[20201027,142278,143513,144310,142029,1877]
[20201026,145665,143543,145744,142896,3542]
[20201023,145595,145485,146033,144977,2545]
[20201022,146641,145595,147776,145157,6533]
[20201021,146820,147328,147587,146641,6505]
[20201020,146790,147457,147945,146133,2716]
[20201019,146103,147378,146850,144589,3075]
[20201016,145306,144748,146581,145226,2196]
[20201015,145854,145376,146670,145306,2319]
[20201014,145894,145864,146053,145226,1597]
[20201013,146571,145674,146810,145365,30925]
[20201012,146063,146541,147338,145794,29732]
[20201009,145704,146721,148185,145704,20423]
[20200930,143619,147787,145935,143269,12161]
[20200929,142356,143609,143820,142226,12092]
[20200928,140993,143088,142727,139279,8392]
[20200925,142587,140131,142627,139931,9662]
[20200924,145825,140201,145825,142256,10099]
[20200923,146296,144842,147569,145173,5686]
[20200922,146055,146536,146396,143780,4506]
[20200921,144852,145584,146135,143068,4284]
[20200918,142346,143459,145013,142186,4600]
[20200917,145474,142276,145694,142176,5063]
[20200916,144732,145484,145925,144602,6416]
[20200915,145694,145243,145694,144391,4675]
[20200914,142958,145313,146115,142958,3598]
[20200911,144451,144040,144732,142366,4663]
[20200910,145684,144291,146396,143840,3825]
[20200909,147930,145704,147930,144842,4613]
[20200908,146757,145764,148852,146757,4871]
[20200907,146646,147789,148270,146546,3090]
[20200904,148140,146757,148140,145664,2321]
[20200903,147278,147579,149353,147088,1569]
[20200902,146717,147448,147699,146246,538]
[20200901,146035,146857,147017,145744,318]
[20200831,145283,146386,146626,144572,394]
[20200828,144036,145223,145484,144006,33775]
[20200827,142940,144680,144780,142769,30230]
[20200826,142175,143040,143402,141532,27629]
[20200825,141762,142397,143093,141762,27384]
[20200824,144978,142357,144978,141722,44676]
[20200821,143083,143668,145553,142992,45366]
[20200820,144182,143587,145735,142770,53872]
[20200819,143859,144535,144585,143012,36566]
[20200818,144041,144273,144504,142891,34044]
[20200817,143819,144363,145321,142669,39632]
[20200814,142821,143466,144595,142478,38245]
[20200813,145382,143042,145493,142216,38998]
[20200812,144676,144636,145442,142690,44446]
[20200811,147005,143194,147761,143799,48332]
[20200810,147711,146420,148568,145624,54770]
[20200807,147227,147852,149858,146975,55131]
[20200806,147156,147973,148779,146299,57285]
[20200805,147317,148064,148457,146440,43718]
[20200804,147408,147731,149526,146249,48260]
[20200803,147509,148356,148719,144746,42877]
[20200731,148104,146733,148427,146420,46334]
[20200730,147933,148124,149435,147761,53903]
[20200729,149939,148316,152077,146854,43208]
[20200728,147912,147459,155656,147156,65393]
[20200727,143073,147600,148306,142720,39374]
[20200724,142770,143889,144807,142770,20778]
[20200723,144424,143980,144636,141943,15549]
[20200722,143284,143839,145109,143163,23018]
[20200721,141712,143859,143728,141611,20936]
[20200720,142770,142377,142770,141127,19192]
[20200717,141560,141883,143345,141560,20234]
[20200716,143244,142125,143244,140360,20973]
[20200715,143980,142972,144293,142932,16824]
[20200714,145291,143990,145291,142871,17608]
[20200713,139735,144696,145644,139382,19248]
[20200710,142720,140653,143748,139806,16142]
[20200709,142085,143274,142649,140925,13803]
[20200708,142367,142629,142740,141429,10422]
[20200707,142901,141883,143295,141601,8712]
[20200706,140421,142932,143516,140199,7499]
[20200703,139201,140552,141137,139030,6885]
[20200702,139443,139100,139463,138384,7074]
[20200701,139604,139312,139856,138364,7159]
[20200630,138294,139725,139937,137890,19899]
[20200629,138768,138223,138838,137790,12013]
[20200624,138990,138425,139473,138536,25980]
[20200623,138526,138828,139493,137731,38930]
[20200622,138778,138617,139876,137408,38117]
[20200619,139493,139060,139543,137579,35753]
[20200618,139040,138979,139805,138587,32514]
[20200617,138969,138849,139564,138395,39753]
[20200616,136371,139110,139151,135605,47832]
[20200615,138284,135897,138597,135424,45343]
[20200612,137177,138375,138415,136371,42118]
[20200611,139392,137640,140480,137509,44740]
[20200610,138838,140097,139584,137952,39165]
[20200609,137942,138446,139382,137338,40944]
[20200608,136925,137882,138395,136844,47012]
[20200605,135565,136945,135948,134759,41647]
[20200604,136774,135203,137378,134286,45005]
[20200603,136693,137146,137831,135938,39425]
[20200602,136109,136542,136542,134679,36370]
[20200601,135102,135928,136381,134276,43810]
[20200530,135384,135062,135394,135021,0]
[20200529,133060,135102,134740,133060,37874]
[20200528,133820,133180,133820,131900,32053]
[20200527,132500,132500,133630,132120,39039]
[20200526,132070,132350,132690,131100,27463]
[20200525,131356,132160,133801,130931,43267]
[20200522,133623,131524,133663,130287,51460]
[20200521,133237,133069,134801,132475,44873]
[20200520,129594,132752,134019,129594,49225]
[20200519,130020,130089,130465,128753,31128]
[20200518,127446,129416,129515,126219,35571]
[20200515,128258,127308,128377,126526,37201]
[20200514,128931,127535,129238,127842,38448]
[20200513,130257,129119,130257,127803,40936]
[20200512,129218,129644,130188,128347,34365]
[20200511,129228,129574,130297,128090,44145]
[20200508,128288,128862,129663,127713,38337]
[20200507,126080,128000,128575,125912,37771]
[20200506,126110,127011,128377,126100,31789]
[20200430,126912,126981,127733,125051,22178]
[20200429,125605,125951,127812,125605,24266]
[20200428,130584,127278,130584,126684,27114]
[20200427,125526,127605,130386,125219,28762]
[20200424,123734,126922,124991,122962,16676]
[20200423,119745,124704,124731,119745,38688]
[20200422,119698,120407,119698,117166,26120]
[20200421,122631,117588,122727,120350,39652]
[20200420,121749,121347,124118,121529,35857]
[20200417,121769,122248,123562,121443,30125]
[20200416,120771,122526,121174,119707,24331]
[20200415,121002,120493,122325,120589,28163]
[20200414,122727,120839,123571,120426,38559]
[20200413,121769,123120,123427,121088,30917]
[20200410,117579,121884,121519,117579,32621]
[20200409,118461,119640,118461,116428,24917]
[20200408,116351,117138,117090,114693,27862]
[20200407,117464,115124,118394,115632,28487]
[20200403,113667,117272,116284,113667,39420]
[20200402,116016,114779,117176,113619,52947]
[20200401,115757,114021,117722,115440,41632]
[20200331,114290,116083,116351,113158,36059]
[20200330,112689,115220,114961,111011,31515]
[20200327,111701,111500,114482,111087,47023]
[20200326,112180,111691,113178,110387,53997]
[20200325,109342,111394,112027,108604,45204]
[20200324,106936,110493,109783,105967,61030]
[20200323,105565,107281,105565,98949,49858]
[20200320,105478,102468,110311,100147,47030]
[20200319,110455,101097,110455,103733,795]
[20200318,113043,103733,115345,112554,30725]
[20200317,121289,114645,121289,117962,24542]
[20200316,124166,119141,124309,120810,27700]
[20200313,125450,123111,126572,121606,24358]
[20200312,129899,123916,129899,127828,16848]
[20200311,129535,128825,130350,129276,12735]
[20200310,129535,129410,130733,128845,15802]
[20200309,128672,129420,129017,127397,23230]
[20200306,131453,128260,131529,129823,13033]
[20200305,131146,130935,131894,130686,14159]
[20200304,129918,131750,130801,129535,17818]
[20200303,129449,130254,130686,129247,16178]
[20200302,126074,130216,129103,125968,18913]
[20200228,129602,127608,129602,126141,16299]
[20200227,130206,128432,131136,129765,12511]
[20200226,131261,130561,131759,130168,10355]
[20200225,131059,131510,131338,130235,10444]
[20200224,130225,130666,131769,130072,11364]
[20200221,130206,130618,130494,129458,9176]
[20200220,129583,129784,130618,129583,6218]
[20200219,129784,130254,130350,129305,4744]
[20200218,129592,130024,131031,129247,13074]
[20200217,129362,129899,130014,128490,7869]
[20200214,129017,128691,129314,128768,4952]
[20200213,128528,129247,129410,128461,4176]
[20200212,129056,129343,129612,128384,6314]
[20200211,128288,129449,129631,128106,7016]
[20200210,128461,128777,128960,127310,9145]
[20200207,128442,127915,129708,127723,16261]
[20200206,126563,128557,128336,126563,6869]
[20200205,125182,126917,126860,125182,10165]
[20200204,125402,126543,127291,124290,11819]
[20200203,127809,125748,127809,124913,9568]
[20200123,134713,125681,134713,131433,27867]
[20200122,132709,133878,134799,132709,30500]
[20200121,134377,133648,135288,133159,54845]
[20200120,134914,134339,135048,132814,42594]
[20200117,134904,134521,135106,134089,36891]
[20200116,133907,134895,135288,133495,37077]
[20200115,133035,133993,134137,132440,32958]
[20200114,132795,132757,133226,131903,29396]
[20200113,132076,132181,132411,131405,27200]
[20200110,131951,131961,132363,131501,29421]
[20200109,130014,132047,132095,129986,40817]
[20200108,129573,130264,130791,129372,47408]
[20200107,129027,130005,129554,128777,48826]
[20200106,128480,129151,129621,127982,73016]
[20200103,130494,128471,130887,129276,49092]
[20200102,128672,129746,129832,128308,20705]
[20191231,129918,128912,130206,128749,80458]
[20191230,131865,129775,132210,128490,32966]
[20191227,131874,131040,132776,131865,13924]
[20191226,132507,132248,132977,131299,5856]
[20191225,133671,132421,133883,132507,11368]
[20191224,134759,133536,135299,133507,17942]
[20191223,133941,134702,135530,133873,11792]
[20191220,134711,133989,135125,134307,11734]
[20191219,134104,134702,135366,133892,11298]
[20191218,133767,133998,134721,133767,10810]
[20191217,133497,134143,133902,133025,6892]
[20191216,133266,133690,134480,132602,10086]
[20191213,134027,132794,134027,132794,8710]
[20191212,134596,133305,135010,133603,10444]
[20191211,134682,134894,135077,134181,7002]
[20191210,133536,134682,134875,133536,7068]
[20191209,132517,133979,133890,132517,14556]
[20191206,132489,132784,133004,132298,7872]
[20191205,132822,132613,132822,131679,10256]
[20191204,132565,132327,132775,131946,11930]
[20191203,132775,132441,133061,131440,17814]
[20191202,131974,132432,132832,131679,16902]
[20191129,132088,131803,132527,131335,16996]
[20191128,131574,132069,132651,131574,15792]
[20191127,132022,132165,132384,131583,11944]
[20191126,132384,131831,132575,131631,18658]
[20191125,132203,132079,132727,131764,17350]
[20191122,131822,132088,132899,131183,36992]
[20191121,128686,131679,131898,128543,38144]
[20191120,128200,129077,128838,127914,13734]
[20191119,129181,128219,129181,127437,28870]
[20191118,128152,128505,129401,127599,25174]
[20191115,128304,128552,128943,127914,14612]
[20191114,128638,128629,128743,127199,21780]
[20191113,130115,128285,130115,127952,33746]
[20191112,131011,129887,131011,129725,18728]
[20191111,130659,130668,131641,130230,20466]
[20191108,130859,130611,131059,130497,13784]
[20191107,130106,130649,131040,130020,14538]
[20191106,130440,130354,130697,129648,13950]
[20191105,129934,130573,130964,129725,20430]
[20191104,130773,130163,131212,129868,19940]
[20191101,131898,130983,132222,130220,23120]
[20191031,132193,131955,132193,131364,16684]
[20191030,131955,131736,132422,131841,12142]
[20191029,132594,132155,132870,131755,18768]
[20191028,131783,132422,133137,131536,21824]
[20191025,131726,131850,132851,131126,20124]
[20191024,132108,131898,132108,130926,21806]
[20191023,131393,131498,132784,131183,19470]
[20191022,131564,131669,131621,130783,18398]
[20191021,132965,131326,133108,130611,38276]
[20191018,133919,132822,135148,133347,40502]
[20191017,132222,134958,133347,131879,36100]
[20191016,130602,132908,132584,130487,35248]
[20191015,130916,130945,131183,129801,24906]
[20191014,130087,130830,131583,129677,33346]
[20191011,130125,130287,130630,129239,25082]
[20191010,130363,130154,130849,129429,25526]
[20191009,128876,130354,130582,128867,29590]
[20191008,128714,129467,129286,127456,13190]
[20190930,129143,128133,129229,127037,31136]
[20190927,130096,128486,130821,128752,24838]
[20190926,129972,130096,131116,129153,27146]
[20190925,130106,130173,130392,129677,18918]
[20190924,130954,130192,131173,129858,24946]
[20190923,130049,130935,131965,129782,47024]
[20190920,129934,130049,130840,129553,29144]
[20190919,130802,129972,131154,130401,24328]
[20190918,130392,130802,131440,129925,26834]
[20190917,130735,130373,132374,130297,38522]
[20190916,130325,131498,131745,129077,27728]
[20190912,133547,129429,135691,132965,75920]
[20190911,133842,133347,134128,132784,36062]
[20190910,132775,133928,134681,132622,55962]
[20190909,134195,133242,135491,131745,79454]
[20190906,134872,134710,136873,133575,134066]
[20190905,133766,134700,138294,131736,187030]
[20190904,128609,135110,134958,127990,117064]
[20190903,131059,129229,132298,127285,99846]
[20190902,126074,129477,129401,125712,127680]
[20190830,122709,127428,126227,122481,28408]
[20190829,122795,122805,123882,122509,18156]
[20190828,122290,123176,123062,121918,17212]
[20190827,122786,122338,123434,122023,14972]
[20190826,123243,122900,124292,121718,25280]
[20190823,124663,123729,124854,122957,32490]
[20190822,125331,124597,125340,124053,19928]
[20190821,125149,124873,126246,124673,18858]
[20190820,124701,125474,125331,124006,22836]
[20190819,126465,124682,127313,123929,19848]
[20190816,127771,126989,129229,126865,9258]
[20190815,128486,127799,128819,127180,7602]
[20190814,127957,128285,129394,127890,8976]
[20190813,127535,128436,129394,127535,7566]
[20190812,129816,128350,130189,126079,22042]
[20190809,129691,129969,130649,129346,12468]
[20190808,128733,129729,132690,127813,38504]
[20190807,128982,128331,129116,128081,11638]
[20190806,127382,128723,129164,127382,12478]
[20190805,129336,128149,129720,127363,20758]
[20190802,128503,129011,129423,128091,16918]
[20190801,128177,128426,129710,127909,20420]
[20190731,128666,128407,129231,127928,16510]
[20190730,128398,128963,129241,128014,13374]
[20190729,129816,128570,129816,127813,19248]
[20190726,129126,129145,129950,128695,15474]
[20190725,128369,129365,130496,128340,23158]
[20190724,128934,129183,128934,125274,42256]
[20190723,129145,127986,129911,128790,12396]
[20190722,129365,129394,130055,127976,17448]
[20190719,128857,129576,130304,128388,14744]
[20190718,128560,129020,130821,127899,20968]
[20190717,128857,128417,129145,127497,11472]
[20190716,127669,127928,129710,126606,23722]
[20190715,128541,127631,128857,127325,17790]
[20190712,128196,128120,129768,127583,23170]
[20190711,130295,128225,130601,127267,33872]
[20190710,129873,129988,131205,129499,18366]
[20190709,131157,129998,131732,129432,20914]
[20190708,128283,129911,131233,128024,38308]
[20190705,128493,128177,128848,127861,27184]
[20190704,127286,128244,129375,127286,55202]
[20190703,129317,128570,130113,122419,137634]
[20190702,136359,124546,136637,129633,53700]
[20190701,137078,136254,137279,135899,16312]
[20190628,137595,136713,137806,137058,9836]
[20190627,137652,137604,137863,137058,11038]
[20190626,138055,137633,138227,137461,9402]
[20190625,137633,138016,138179,137528,9466]
[20190624,138064,137672,138294,137212,11104]
[20190621,138438,137834,138668,138055,8818]
[20190620,137518,138515,138237,137509,7536]
[20190619,137806,137710,138907,137432,12708]
[20190618,138160,137691,138419,137480,9008]
[20190617,138994,138266,138994,138266,7720]
[20190614,139329,138591,139856,138572,13278]
[20190613,139185,139415,139636,138745,9080]
[20190612,139051,138879,139588,138678,10816]
[20190611,138055,139166,139501,138026,14844]
[20190610,137260,138620,138381,137125,9552]
[20190606,137288,137365,137624,136972,10982]
[20190605,137260,137394,137585,136905,9074]
[20190604,137202,137269,137796,137020,12056]
[20190603,137499,137288,137499,136551,13878]
[20190531,137154,136905,137940,136809,15942]
[20190530,138409,137212,139109,137097,18948]
[20190529,139731,138620,139952,139358,10170]
[20190528,139214,139703,140038,138984,10806]
[20190527,138064,139310,139779,137672,15186]
[20190524,138601,138160,138601,137480,15406]
[20190523,138582,138237,138888,137997,10816]
[20190522,139243,138630,139444,138400,14108]
[20190521,139358,139358,139434,138927,10908]
[20190520,139147,139252,139683,138936,13478]
[20190517,140258,139444,140258,139204,15408]
[20190516,139683,139875,140527,139530,12344]
[20190515,139875,139760,140124,139454,12692]
[20190514,139396,139693,140067,139013,13458]
[20190513,140153,139568,140804,139444,12484]
[20190510,139865,139674,140210,139444,14184]
[20190509,140756,139904,141303,139789,13164]
[20190508,141274,140594,141532,140766,11402]
[20190507,140939,141216,142366,140939,10696]
[20190506,141389,141676,141389,140182,6016]
[20190430,142184,140919,142356,141580,9332]
[20190429,140392,141724,142021,140392,10646]
[20190426,140661,140670,140776,140134,10404]
[20190425,141350,140555,141571,140699,13062]
[20190424,141600,141475,141772,141053,13220]
[20190423,141322,141303,142059,141322,6844]
[20190422,142366,141609,142366,141322,10674]
[20190419,141782,141791,142356,141245,10632]
[20190418,142519,141523,142558,141820,11432]
[20190417,142309,142356,142931,142040,10050]
[20190416,143037,142864,143516,142347,6936]
[20190415,142835,143046,143726,142692,6394]
[20190412,142414,142835,142979,142203,6174]
[20190411,143546,142883,143799,142682,11034]
[20190410,144295,143556,144402,143546,8332]
[20190409,144334,144071,144547,143731,8510]
[20190408,143857,144489,144489,143546,6022]
[20190404,144236,143702,144586,143760,7818]
[20190403,144188,144295,144975,143916,9908]
[20190402,144285,143945,144645,143663,10390]
[20190401,143838,144110,144722,143488,11798]
[20190329,142487,143925,144625,142380,22878]
[20190328,142458,142643,142837,141389,21928]
[20190327,142779,142439,143129,142410,11656]
[20190326,142536,142847,142973,142264,11162]
[20190325,143702,142720,144091,142497,15848]
[20190322,143819,143916,144139,143508,11128]
[20190321,143673,144091,144256,143342,17006]
[20190320,142750,143556,143799,142575,15824]
[20190319,142351,142876,142750,142351,17292]
[20190318,143177,142604,143274,142283,15114]
[20190315,143517,143061,143517,142468,16954]
[20190314,143012,143265,143508,142769,11032]
[20190313,143226,142983,143896,142866,13298]
[20190312,142410,143362,143041,142235,13566]
[20190311,143041,142623,143585,142565,15104]
[20190308,144450,143245,144742,142944,18922]
[20190307,144217,144479,144547,144023,13284]
[20190306,145403,144275,145616,144139,16598]
[20190305,145918,145228,145918,144615,20008]
[20190304,146744,145636,147074,145859,15028]
[20190301,146841,146967,147171,145976,11630]
[20190228,146170,146967,146491,145869,12490]
[20190227,147307,146258,147501,145781,17282]
[20190226,148259,147074,148376,147220,23018]
[20190225,145684,147978,149153,145587,36572]
[20190222,146248,145888,146850,145024,18634]
[20190221,146258,146277,146763,146054,13018]
[20190220,146491,146394,147093,145811,18366]
[20190219,144742,146316,146539,144528,17320]
[20190218,144207,145111,145334,143848,15510]
[20190215,144460,144334,144674,143857,11204]
[20190214,144295,144470,144965,144052,10424]
[20190213,145373,144198,145723,143624,17472]
[20190212,146160,145529,146160,145082,10172]
[20190211,144858,145616,146267,144790,11510]
[20190201,144440,145160,144878,143527,10178]
[20190131,144392,144577,144402,143333,13892]
[20190130,143459,143770,144596,143459,16420]
[20190129,143508,143488,144256,143236,15104]
[20190128,144061,143692,144061,143167,16360]
[20190125,144411,143430,144965,144071,17398]
[20190124,143498,144732,144538,143498,15670]
[20190123,143857,144139,144227,142963,14534]
[20190122,143838,144081,145509,143556,29992]
[20190121,144003,144207,144528,142915,21372]
[20190118,143964,144217,144460,143459,18774]
[20190117,144625,143731,144625,143449,14592]
[20190116,144683,144120,144956,143974,20594]
[20190115,143420,144411,144761,143138,20282]
[20190114,143138,143294,144266,142915,22720]
[20190111,142273,143158,143430,141914,21188]
[20190110,142711,142847,142818,142069,11492]
[20190109,141253,142546,142789,141069,17962]
[20190108,140777,141107,141758,140777,11754]
[20190107,140466,141166,141156,140165,16568]
[20190104,140097,140262,140777,139475,21266]
[20190103,138970,140038,140204,138970,15676]
[20190102,139446,139533,140029,138484,10448]
[20181228,140524,139300,140864,138474,23602]
[20181227,140485,140622,141671,140272,14374]
[20181226,140748,140437,141156,140116,16496]
[20181225,142720,140660,142720,140651,20116]
[20181224,142633,142516,143187,142176,16094]
[20181221,141943,143012,142857,141914,14676]
[20181220,142555,142079,142740,141729,16246]
[20181219,142069,142439,142555,141331,18156]
[20181218,142361,142089,142993,142021,12176]
[20181217,142351,142672,142779,141807,14358]
[20181214,142390,142186,142905,141924,13158]
[20181213,142069,142478,142594,141729,11674]
[20181212,141904,142069,142691,141574,19420]
[20181211,142254,141788,142254,141107,9188]
[20181210,142342,141885,142439,141389,6778]
[20181207,141768,142089,142915,141389,9114]
[20181206,142876,141603,143236,141584,6894]
[20181205,142679,142954,143484,142079,15182]
[20181204,142295,143160,142895,141765,12358]
[20181203,141107,142747,143622,140046,26328]
[20181130,141873,140154,141873,140930,20276]
[20181129,141667,141755,142001,140920,19860]
[20181128,141588,141195,142128,140537,34278]
[20181127,142895,141205,144368,141617,36770]
[20181126,143189,142551,143671,141116,42212]
[20181123,146215,143514,146579,143081,48878]
[20181122,148210,146225,148229,146019,29354]
[20181121,149919,147728,149949,146176,44586]
[20181120,151255,149330,151560,149477,36192]
[20181119,150361,151069,151874,149565,35946]
[20181116,151039,150204,151943,149968,39118]
[20181115,149565,150744,151452,148946,56846]
[20181114,148829,149212,149762,147856,33852]
[20181113,149231,148662,150017,148367,36850]
[20181112,146864,148858,149074,146038,45004]
[20181109,145439,146756,147070,145144,32288]
[20181108,144172,145302,145203,143690,23896]
[20181107,143337,143818,144034,142993,16722]
[20181106,142708,143356,143415,142207,13230]
[20181105,143759,142590,144123,142462,16738]
[20181102,143111,143966,144074,142983,14022]
[20181101,142993,143435,143582,142816,14096]
[20181031,142993,143062,142993,142993,0]
[20181030,142993,142993,142993,142993,0]
[20181029,142993,142993,142993,142993,0]
[20181026,143186,142993,143186,142993,0]
[20181025,143378,143186,143378,143186,0]
[20181024,143398,143378,143398,143378,0]
[20181023,143398,143398,143398,143398,0]
[20181022,143398,143398,143398,143398,0]
[20181019,143398,143398,143398,143398,0]
[20181018,143398,143398,143398,143398,0]
[20181017,143398,143398,143398,143398,0]
[20181016,142945,143398,143398,142945,0]
[20181015,142945,142945,142945,142945,0]
[20181012,142945,142945,142945,142945,0]
[20181011,142453,142945,142945,142453,0]
[20181010,142453,142453,142453,142453,0]
[20181009,142366,142453,142453,142366,0]
[20181008,142366,142366,142366,142366,0]
[20180928,142366,142366,142366,142366,0]
[20180927,142794,142366,144487,142366,2]
[20180926,142794,142794,142794,142794,0]
[20180925,142794,142794,142794,142794,0]
[20180921,141564,142794,142891,141080,18758]
[20180920,139995,141341,141700,139743,20172]
[20180919,140053,139878,140324,137873,33658]
[20180918,139714,140024,140218,139462,13618]
[20180917,139665,140004,140653,139220,17646]
[20180914,140256,139394,140314,139045,23328]
[20180913,139481,140014,140324,139404,16274]
[20180912,140489,139830,140653,139365,16348]
[20180911,140750,140276,141012,140140,14134]
[20180910,139249,140392,140624,139074,15720]
[20180907,139927,139326,140334,138726,17870]
[20180906,140479,139869,140857,138987,18610]
[20180905,139423,140557,140934,138842,19288]
[20180904,141031,139501,141051,139103,22554]
[20180903,142194,140760,142194,140770,14990]
[20180831,141099,141826,142775,140905,19938]
[20180830,141138,141390,141961,140586,11940]
[20180829,141835,141206,142252,140760,13506]
[20180828,141322,141816,142039,140963,12780]
[20180827,141244,141361,141961,140663,14786]
[20180824,140653,141593,141409,139946,14832]
[20180823,141428,140576,141864,140256,13820]
[20180822,140179,141041,141739,140179,16762]
[20180821,141188,140450,141188,138269,13714]
[20180820,140077,140185,141424,140077,8402]
[20180817,140421,140647,141365,139920,11006]
[20180816,140814,140087,141089,138573,16788]
[20180815,141817,140686,142151,140932,12418]
[20180814,143094,141974,143320,141217,16170]
[20180813,142770,142682,143468,142514,7030]
[20180810,144696,143045,144785,142603,15484]
[20180809,144598,144716,145050,143586,9830]
[20180808,144470,144460,144726,143537,10172]
[20180807,143379,144470,144903,143379,11754]
[20180806,143517,143782,143979,143026,9822]
[20180803,144401,143438,144952,142711,15384]
[20180802,144647,144745,145217,144342,13536]
[20180801,146190,144588,146190,144028,13122]
[20180731,145256,145532,146239,145050,14104]
[20180730,143881,145207,145954,143694,22740]
[20180727,143016,144264,144225,142632,20682]
[20180726,143389,143143,143487,142682,13342]
[20180725,142259,143134,143281,142220,16996]
[20180724,142406,142475,142642,141473,15718]
[20180723,142898,142426,143468,142072,16412]
[20180720,141561,142868,143920,141384,21672]
[20180719,142269,141689,142986,141758,11816]
[20180718,141483,142387,142347,141168,13816]
[20180717,142062,141188,142475,141050,15626]
[20180716,142534,142279,143291,141984,15448]
[20180713,141630,142564,143242,141129,18610]
[20180712,140048,141188,141915,140018,16400]
[20180711,141620,140166,142200,138800,23076]
[20180710,141178,141974,141817,140903,10530]
[20180709,140765,141306,141964,140293,15122]
[20180706,140470,140382,141463,139281,27710]
[20180705,142485,140834,142505,140048,26760]
[20180704,143222,141787,143782,142023,17120]
[20180703,142711,143546,143360,142426,13354]
[20180702,141699,143173,143507,141640,25558]
[20180629,141630,142456,142161,141148,15784]
[20180628,142161,141817,142967,141669,24020]
[20180627,143094,142239,143271,142377,14140]
[20180626,142898,142642,143163,141581,19070]
[20180625,143586,142583,144028,142514,22370]
[20180622,143094,143625,143733,142524,15480]
[20180621,143487,142741,144765,143055,17268]
[20180620,142505,143655,143713,142112,14566]
[20180619,144569,142524,144569,142308,18568]
[20180615,145207,143546,145915,144107,27152]
[20180614,145315,145217,145925,144667,33890]
[20180613,149561,145718,150121,144686,58218]
[20180612,149777,149345,150583,148716,25316]
[20180611,149610,150200,150819,149040,24408]
[20180608,151134,149551,151763,148942,32734]
[20180607,150200,151596,152362,149679,58142]
[20180606,149286,152087,151134,149139,39520]
[20180605,149040,150220,151153,148185,55066]
[20180604,152333,148991,152726,148893,67720]
[20180601,152342,151939,153807,150908,65404]
[20180531,150750,152185,153807,150544,76482]
[20180530,151527,151586,154819,150367,111498]
[20180529,147871,153748,152470,147428,84550]
[20180528,143949,147546,148234,143851,37446]
[20180525,145168,144323,145610,143881,16372]
[20180524,144569,145198,145689,144205,23118]
[20180523,143330,144323,144755,143006,16436]
[20180522,143487,143556,143930,143153,10178]
[20180521,142475,143556,143723,141817,14994]
[20180518,142849,142190,143085,142013,14914]
[20180517,143075,142967,143733,142662,10308]
[20180516,143291,142750,143949,143006,8866]
[20180515,143409,143173,143831,142898,10306]
[20180514,143055,143114,143664,142888,10238]
[20180511,142898,143360,143143,142406,11016]
[20180510,142888,142967,143969,142721,14274]
[20180509,143684,143016,143969,142868,13004]
[20180508,144962,143802,145060,143487,15160]
[20180507,145070,144264,145394,144667,10458]
[20180504,144903,145109,146023,144903,17858]
[20180503,144863,145080,144962,144323,7688]
[20180502,144765,144755,144962,144126,6052]
[20180427,144215,144303,145650,144215,12446]
[20180426,143596,144765,144854,143596,12566]
[20180425,143979,144087,144352,143379,8646]
[20180424,145148,144087,145148,143576,15286]
[20180423,145925,144401,146318,145119,11156]
[20180420,145433,145944,146200,145011,7242]
[20180419,145848,145473,147508,144879,10030]
[20180418,144649,146898,145818,144489,10488]
[20180417,144029,144619,145038,143499,11786]
[20180416,143169,143999,144119,142559,11888]
[20180413,142949,143079,143639,142589,12254]
[20180412,144209,142889,144239,142639,13264]
[20180411,144759,143859,144958,143729,10696]
[20180410,144649,144669,145328,144309,10620]
[20180409,145068,144849,145438,143959,9538]
[20180404,145648,145418,145768,144958,11142]
[20180403,145768,145328,146308,145068,11794]
[20180402,144709,145728,146208,143999,16744]
[20180330,141830,144879,144629,141830,15184]
[20180329,140950,142209,141730,140320,11770]
[20180328,141970,140640,142189,140150,13772]
[20180327,142179,142080,143179,141610,12090]
[20180326,141250,142589,142609,141250,15732]
[20180323,144749,141800,145208,141330,26492]
[20180322,143149,144869,144978,143149,12560]
[20180321,143869,143419,144529,143249,13582]
[20180320,144319,144129,144489,143659,12360]
[20180319,144649,144199,145078,144069,12416]
[20180316,144049,144759,144769,143499,15686]
[20180315,145388,143949,145548,144459,20618]
[20180314,146448,145188,146568,145048,17714]
[20180313,146868,146328,146948,146048,10244]
[20180312,146298,146578,147618,145978,12588]
[20180309,145738,146358,147248,145398,18624]
[20180308,146668,145818,146738,145558,9396]
[20180307,146878,145818,147138,146098,11832]
[20180306,147528,146808,147738,146448,14032]
[20180305,147068,147408,148247,147058,9182]
[20180302,147068,147827,147498,146468,8106]
[20180301,148067,146858,148447,147148,11600]
[20180228,147777,148297,148777,147588,11076]
[20180227,147428,147777,148427,146958,14694]
[20180226,147458,147498,148087,146818,11328]
[20180223,147188,147797,148297,146548,11966]
[20180222,148947,147718,149427,147048,5616]
[20180214,147478,148087,149297,147358,13434]
[20180213,146688,147408,147648,146258,9754]
[20180212,146948,146748,147338,145978,15528]
[20180209,149307,147138,149447,146948,20834]
[20180208,151266,148757,151876,149137,24902]
[20180207,150147,151776,151876,149387,26516]
[20180206,150037,149587,150706,149177,14726]
[20180205,148907,150067,150287,147378,19292]
[20180202,149237,148847,149797,148197,11094]
[20180201,149967,149277,150107,148847,10070]
[20180131,150497,149657,150826,148587,19990]
[20180130,151276,150167,151336,149317,21734]
[20180129,151276,150966,151276,151276,0]
[20180126,151417,151276,151417,151276,0]
[20180125,150090,151417,151417,150090,0]
[20180124,150643,150090,150643,150090,0]
[20180123,150140,150643,150643,150140,0]
[20180122,147596,150140,150140,147596,2]
[20180119,146550,147596,147596,146550,0]
[20180118,147385,146550,147385,146550,0]
[20180117,147666,147385,147666,147385,0]
[20180116,147686,147666,147686,147666,0]
[20180115,145303,147686,147686,145303,0]
[20180112,148159,145303,151135,145303,14]
[20180111,147898,148159,148159,147898,0]
[20180110,147153,147898,147898,147153,0]
[20180109,147365,147153,147365,147153,0]
[20180108,147928,147365,147928,147365,0]
[20180105,147747,147928,147928,147747,0]
[20180104,148028,147747,148028,147747,0]
[20180103,148541,148028,148541,148028,0]
[20180102,147666,148541,148541,147666,0]
[20171229,146912,147666,147829,146392,13736]
[20171228,145821,146963,147218,145393,9894]
[20171227,146015,145729,146300,145128,5434]
[20171226,144057,146137,146004,143354,9084]
[20171225,142773,143578,144465,142773,5714]
[20171222,143558,144067,143884,142732,4442]
[20171221,143496,143639,144659,143221,4412]
[20171220,142742,143996,143751,142589,5322]
[20171219,143150,142936,144261,142528,5422]
[20171218,140681,143221,143598,140598,15818]
[20171215,140212,141181,140921,139691,11348]
[20171214,138889,139889,141296,137931,26336]
[20171213,142712,138921,143296,139118,21374]
[20171212,143452,143035,144254,141681,22764]
[20171211,144942,142879,145046,143337,11486]
[20171208,145785,144879,145942,144598,10004]
[20171207,146983,145712,146983,145139,8258]
[20171206,146035,146369,146879,145004,10000]
[20171205,147400,145462,147765,146150,7912]
[20171204,146827,147410,147900,146056,9766]
[20171201,147931,146931,148004,146046,14664]
[20171130,148358,147702,148910,147306,12796]
[20171129,148890,148369,149035,148160,9056]
[20171128,149088,148921,149723,148608,11724]
[20171127,149796,149004,150004,148869,10920]
[20171124,147608,149598,149296,147525,12120]
[20171123,148660,147692,148910,147035,14516]
[20171122,148900,148504,149483,148327,8094]
[20171121,148838,149056,149379,148140,9790]
[20171120,148338,148713,149442,148265,7392]
[20171117,149765,148640,149796,148233,9000]
[20171116,149192,149494,149796,148765,8036]
[20171115,150015,149681,150077,147817,15066]
[20171114,149077,149931,150838,148806,10552]
[20171113,150244,149202,150275,149098,8874]
[20171110,147952,149858,150504,147754,17236]
[20171109,147504,148223,148640,147119,10828]
[20171108,148838,147483,149015,147317,11678]
[20171107,150223,148744,150400,148546,14412]
[20171106,149890,150296,150525,149483,8738]
[20171103,149317,150004,150421,149317,6962]
[20171102,150973,149879,150973,149546,12050]
[20171101,148879,150390,151473,146848,33136]
[20171031,149796,149098,150150,148713,10560]
[20171030,149598,149733,150983,149098,6944]
[20171027,151473,149546,151473,149702,11472]
[20171026,151286,151275,151983,150838,8260]
[20171025,151181,151171,151306,150733,6412]
[20171024,150473,150973,151723,150348,10234]
[20171023,150379,150577,151015,149692,14122]
[20171020,150129,150035,151150,150067,12470]
[20171019,150879,150171,151463,150431,9930]
[20171018,153025,150890,153025,151265,14470]
[20171017,153963,152827,154140,152848,11502]
[20171016,153108,153911,154171,152681,16878]
[20171013,152421,153202,153338,152119,10826]
[20171012,151838,152483,152692,151098,15382]
[20171011,152869,151588,153442,151692,14418]
[20171010,154484,153140,154775,152608,13394]
[20171009,152963,154473,154588,151765,9684]
[20170929,152483,152286,153265,152400,8682]
[20170928,153265,152827,153473,151900,11584]
[20170927,152619,153025,153598,152411,11372]
[20170926,151411,153004,153338,151400,15176]
[20170925,150858,151588,152275,149785,17530]
[20170922,150806,150650,151233,149171,17512]
[20170921,152161,150921,152692,150317,15876]
[20170920,152067,152421,152681,151171,12202]
[20170919,150046,151671,151973,149942,13076]
[20170918,149265,150223,150900,148379,12722]
[20170915,151046,149015,151431,148608,15260]
[20170914,150838,151046,152036,149827,15480]
[20170913,150785,150775,151431,150546,9376]
[20170912,150338,151004,151536,150338,11498]
[20170911,150900,150567,151254,149088,15118]
[20170908,151150,150546,151827,149692,16596]
[20170907,151754,150827,152025,150848,11960]
[20170906,152577,151494,153056,151463,13806]
[20170905,153869,152827,154056,152504,12490]
[20170904,154067,153088,154963,153546,18076]
[20170901,154379,154265,154577,153411,11778]
[20170831,152779,153786,154774,152779,4]
[20170830,155076,152779,155076,152447,8]
[20170829,153974,155076,155076,153974,4]
[20170828,152831,153974,153974,151855,6]
[20170825,152997,152831,154192,152831,8]
[20170824,151699,153382,153164,150452,10]
[20170823,154203,152301,154203,151699,8]
[20170822,154275,154203,154275,153964,6]
[20170821,154504,154275,154504,153953,6]
[20170818,155283,154504,155283,154234,4]
[20170817,153070,155283,155304,153070,42]
[20170816,153995,153070,154639,153070,4]
[20170815,153361,153995,154712,153153,18]
[20170814,154999,153361,155488,153361,10620]
[20170811,156541,155158,156913,153776,16304]
[20170810,157222,156233,157828,155648,14932]
[20170809,156052,157509,156935,155541,21840]
[20170808,157392,155924,158307,155488,15502]
[20170807,158381,157796,158381,156435,11402]
[20170804,157381,157807,158434,156871,13334]
[20170803,155786,157286,157360,155637,10004]
[20170802,156647,156201,157041,155095,12708]
[20170801,159296,155967,159487,156562,16272]
[20170731,158902,159168,160210,158253,18816]
[20170728,159849,159423,161114,157839,31556]
[20170727,156243,160572,160125,156243,42408]
[20170726,156871,157041,157828,155829,22604]
[20170725,155765,156467,156637,155488,12320]
[20170724,155137,156073,156658,154744,16136]
[20170721,155488,155127,156009,154361,15664]
[20170720,156296,155882,156860,155371,13374]
[20170719,155063,156467,157658,154925,35876]
[20170718,154680,155095,155254,153553,13134]
[20170717,152883,154574,155052,152415,15026]
[20170714,154765,153000,155063,152425,18282]
[20170713,154956,154935,155648,154223,11352]
[20170712,153829,154829,154765,153712,13866]
[20170711,152532,153872,153989,152106,11916]
[20170710,153467,152404,154052,151925,15434]
[20170707,153542,153850,153776,152936,9336]
[20170706,154169,153467,154244,152872,13328]
[20170705,153691,154137,155403,153691,11814]
[20170704,155169,154318,155914,153467,15020]
[20170703,154988,154818,155244,154212,10044]
[20170630,154680,154531,155488,154052,14546]
[20170629,153159,155127,154552,153063,12566]
[20170628,151957,153191,153957,151904,16236]
[20170627,151957,152415,152329,150745,13618]
[20170626,153616,152000,153840,151564,12900]
[20170623,153978,153085,154595,152255,12934]
[20170622,152149,153967,154393,152149,17836]
[20170621,152181,152383,152595,151245,16348]
[20170620,153446,152212,154020,152032,12400]
[20170619,154829,153691,155010,152883,20292]
[20170616,153659,154467,155488,153659,14282]
[20170615,155105,153999,155456,153680,18228]
[20170614,153893,155084,155573,153170,24216]
[20170613,151553,153957,154914,150702,28124]
[20170612,150681,151255,151553,150490,12942]
[20170609,150266,150702,151064,150139,11626]
[20170608,150638,150447,151340,149947,15674]
[20170607,151979,150553,153616,150383,22952]
[20170606,151723,151925,152776,150745,13380]
[20170605,151117,150989,153116,151117,13972]
[20170602,152617,151808,153255,151617,10324]
[20170601,152415,152872,153680,151138,14042]
[20170531,154084,151670,154722,151798,11980]
[20170526,155254,154286,155637,153765,13916]
[20170525,153361,155127,155275,153085,12694]
[20170524,154223,153404,154680,152989,8744]
[20170523,155116,154520,155478,153893,12914]
[20170522,154020,155265,157041,153563,24610]
[20170519,152712,153723,154148,152404,15104]
[20170518,152287,152904,153489,151542,18086]
[20170517,149979,151872,152468,149639,19048]
[20170516,149990,149660,151191,149139,16786]
[20170515,151191,150287,151436,149447,16064]
[20170512,151659,150915,152617,150702,11952]
[20170511,150500,151553,151394,148947,16276]
[20170510,150862,150426,151670,150107,11728]
[20170509,148692,151277,151128,148692,15390]
[20170508,149639,149001,150755,148479,16620]
[20170505,149968,150330,151798,149426,17352]
[20170504,151202,150298,151425,149575,14604]
[20170503,153999,151234,153999,150915,12862]
[20170502,152064,153340,155052,151766,7522]
[20170428,147937,154159,151553,147937,12420]
[20170427,147863,150139,151149,147714,8800]
[20170426,147482,149894,148198,146445,8766]
[20170425,145686,146937,147909,145686,10614]
[20170424,148476,146327,149341,144938,20628]
[20170421,149865,148828,151233,149085,12872]
[20170420,150699,150592,151746,148027,15920]
[20170419,152687,151511,152687,149192,13338]
[20170418,151554,151479,152922,151554,8454]
[20170417,150667,152612,152943,147813,13766]
[20170414,152024,151928,153339,150571,10524]
[20170413,150816,152687,152933,149748,17156]
[20170412,151597,150592,152398,149748,18146]
[20170411,155850,151981,155915,151340,15942]
[20170410,156011,155391,156406,154985,9308]
[20170407,156823,155722,157218,155327,18398]
[20170406,153200,156353,156887,153200,14978]
[20170405,152633,153841,153894,151404,6732]
[20170331,151992,152078,153820,151981,11780]
[20170330,153275,152933,154012,152366,10878]
[20170329,152644,153189,154226,151928,11596]
[20170328,151554,152730,153894,150870,15906]
[20170327,156192,152013,156192,151896,17808]
[20170324,156160,155776,156962,155241,12630]
[20170323,156064,156011,157229,155327,12556]
[20170322,157389,155818,157454,155027,15764]
[20170321,157272,157058,157678,155583,13242]
[20170320,157753,157315,157967,156492,10514]
[20170317,157967,157368,158127,155936,12702]
[20170316,156513,157218,157625,155840,12824]
[20170315,154119,156128,156524,153905,17380]
[20170314,155316,155733,155380,153649,11652]
[20170313,152954,155166,155166,152099,23032]
[20170310,150571,152997,153093,148454,20192]
[20170309,152045,148850,153210,149545,21390]
[20170308,154269,153007,154333,152420,15938]
[20170307,154931,154119,155391,153691,13486]
[20170306,155936,154707,156577,154632,14666]
[20170303,157935,156417,157935,155316,15096]
[20170302,156278,157058,158619,156278,14350]
[20170301,155765,157229,156844,155316,11300]
[20170228,156662,155957,157254,155691,44]
[20170227,155353,156641,157856,155353,86]
[20170224,155110,155543,155955,154160,92]
[20170223,157877,155237,157877,154952,132]
[20170222,159197,157750,159197,157497,28]
[20170221,158806,158806,159503,158383,132]
[20170220,156884,158679,158806,155744,80]
[20170217,158911,156916,159228,156272,84]
[20170216,158859,158785,160115,158574,86]
[20170215,160485,159102,161329,157824,76]
[20170214,160400,161087,160801,160041,146]
[20170213,156166,160801,160706,156166,202]
[20170210,155744,156937,156483,155321,34]
[20170209,154107,155744,156409,154107,22]
[20170208,154477,154107,154477,152840,44]
[20170207,155554,153421,155554,153769,34]
[20170206,156356,155554,156356,155100,42]
[20170203,156536,156356,158204,156356,30]
[20170126,155454,157391,157555,153227,7862]
[20170125,154277,155307,156210,152765,9578]
[20170124,151252,153542,154214,151105,10352]
[20170123,151221,151462,153574,150528,15620]
[20170120,155979,151231,156546,151263,16800]
[20170119,154508,156473,156273,154508,11250]
[20170118,154183,154719,156578,153952,12774]
[20170117,157586,154666,158542,152838,17920]
[20170116,156483,158258,160054,156483,15648]
[20170113,156756,157019,158384,155884,15908]
[20170112,160454,157807,160664,155065,30802]
[20170111,163857,159561,163857,160359,18564]
[20170110,160979,162554,163636,159970,25364]
[20170109,160800,160569,161546,159970,17604]
[20170106,161273,160454,162239,159519,23822]
[20170105,158311,161052,163384,157155,23758]
[20170104,157870,157712,159508,155895,21910]
[20170103,154803,158983,158384,154193,13036]
[20161230,155139,156903,155842,153143,11216]
[20161229,154067,154960,155779,152754,11780]
[20161228,152093,152975,154981,151904,8592]
[20161227,148667,152513,152303,147144,7164]
[20161226,151452,147753,152471,144370,17302]
[20161223,150275,151966,153185,149550,8678]
[20161222,151819,150432,152534,150411,7528]
[20161221,152355,151452,152723,151094,5092]
[20161220,151252,151588,152513,149739,10546]
[20161219,155665,151452,157483,151494,13406]
[20161216,156789,157063,158334,156159,9530]
[20161215,156401,157672,158555,154026,16862]
[20161214,157084,154877,157409,153280,16614]
[20161213,150958,156054,156359,149550,19990]
[20161212,151357,149855,152933,150254,11616]
[20161209,152881,151168,153732,149529,13582]
[20161208,153627,153553,155486,151294,16778]
[20161207,152418,154803,154036,150979,16982]
[20161206,151840,151441,152881,150264,15178]
[20161205,151199,152271,153080,150485,17320]
[20161202,152355,151168,153196,149413,16762]
[20161201,149833,152933,154205,148289,24142]
[20161130,150800,150674,151000,144317,25834]
[20161129,155570,150117,156968,149487,26658]
[20161128,152523,155276,156611,151525,24704]
[20161125,154604,151987,155844,150485,22360]
[20161124,154352,154761,158660,153406,41046]
[20161123,155318,154688,155907,152828,19348]
[20161122,151305,155760,156779,150443,28372]
[20161121,148678,152460,152429,145525,29528]
[20161118,149718,148268,151987,146145,25902]
[20161117,151546,150664,152313,148299,22106]
[20161116,150968,151620,153522,149897,22192]
[20161115,153416,151389,160236,149728,45856]
[20161114,160603,152670,165279,150285,68918]
[20161111,161602,160078,162232,157872,36974]
[20161110,158428,159910,163388,156716,71128]
[20161109,158271,160288,162001,153963,57248]
[20161108,154352,158134,162831,154120,54906]
[20161107,149193,156905,154877,148058,33724]
[20161104,145315,148762,150685,145315,39260]
[20161103,142710,145462,145105,142499,11688]
[20161102,144517,143235,144979,142321,18868]
[20161101,142888,144265,145147,141375,25318]
[20161031,142363,141858,143235,140902,14222]
[20161028,140156,141732,142773,139484,18842]
[20161027,140755,140219,141312,138979,14128]
[20161026,140997,140650,142794,139389,20356]
[20161025,139631,141291,141459,139064,23516]
[20161024,138664,139662,139116,137855,17026]
[20161021,135712,138538,138801,135691,31648]
[20161020,135649,137225,136521,135081,14140]
[20161019,135712,135228,136132,135050,10426]
[20161018,134608,135796,135932,133642,12978]
[20161017,133789,134367,135207,133537,12008]
[20161014,134314,133852,134913,133232,14462]
[20161013,135754,133841,136153,134283,10514]
[20161012,136069,135953,136069,134230,13720]
[20161011,135428,135354,136804,135344,11980]
[20161010,135270,135607,136321,133095,9836]
[20160930,134398,133652,135722,134188,9736]
[20160929,134157,134913,136510,133810,20592]
[20160928,133022,134556,134220,132633,10426]
[20160927,133841,132791,134062,131708,15496]
[20160926,133757,133705,134745,132707,14442]
[20160923,133116,133043,133967,132349,14640]
[20160922,129943,132728,133211,129870,17742]
[20160921,130962,130637,132055,130153,12534]
[20160920,131004,131813,131299,130416,7776]
[20160919,128766,130710,132265,128766,7584]
[20160914,129260,130101,129807,127978,14588]
[20160913,129029,129523,129870,128441,14714]
[20160912,133390,128735,133547,128199,27544]
[20160909,133999,132948,134419,133442,9400]
[20160908,134787,134083,135008,132885,12890]
[20160907,134388,134566,134556,133074,14034]
[20160906,135312,133652,135333,132791,15270]
[20160905,134503,134987,135733,134398,15316]
[20160902,131971,135260,134913,131467,26006]
[20160901,130363,132286,132097,130311,13072]
[20160831,130826,130490,131109,129460,7642]
[20160830,131551,130910,131551,130668,6564]
[20160829,130868,131215,131971,130437,6784]
[20160826,130605,131183,130910,129428,4086]
[20160825,132391,130311,132391,126675,8484]
[20160824,129340,131803,132164,129340,8576]
[20160823,129351,129956,130041,128671,4230]
[20160822,129882,129032,130391,129128,8482]
[20160819,129213,129680,130635,128799,6670]
[20160818,130497,129691,130497,128172,10906]
[20160817,131060,130137,131602,129892,6726]
[20160816,129807,131198,131623,129807,8896]
[20160815,131432,130455,131612,129340,10190]
[20160812,130774,131166,132143,130370,10998]
[20160811,132706,131113,133640,130933,18544]
[20160810,130126,132493,133237,129701,17632]
[20160809,128778,130147,130158,128247,9030]
[20160808,127758,128671,129829,126867,13950]
[20160805,124690,127811,128236,124690,14246]
[20160804,126835,125168,127111,124828,13674]
[20160803,128119,125625,128650,126484,11984]
[20160802,127206,127950,128279,126155,11708]
[20160801,127780,127504,127822,125805,15098]
[20160729,129850,126824,129850,126601,15342]
[20160728,128459,128618,129054,127695,19774]
[20160727,125391,128565,129415,125189,37254]
[20160726,124775,125359,125805,124096,15794]
[20160725,125359,124892,125794,124011,12736]
[20160722,126123,125540,127185,124743,21540]
[20160721,124913,126368,126856,124372,19618]
[20160720,124584,124818,125805,124000,20386]
[20160719,125157,124881,125465,123905,20962]
[20160718,127748,124796,128332,124244,22472]
[20160715,125391,127599,127228,125391,24378]
[20160714,126803,126463,126973,124754,23038]
[20160713,127599,126920,129521,125455,43536]
[20160712,125359,126760,127928,124605,27286]
[20160711,122939,125635,126601,121941,26602]
[20160708,125147,122100,125147,120868,22358]
[20160707,124000,124616,126867,123183,30700]
[20160706,128756,125784,128820,122939,41774]
[20160705,132047,128565,133438,125072,55634]
[20160704,126336,132504,131559,125062,50876]
[20160701,119637,125847,125274,118968,32878]
[20160630,118904,119265,120051,118554,12766]
[20160629,120072,118830,120444,117853,17424]
[20160628,118862,120199,119754,118734,9906]
[20160627,117853,119361,120093,117577,13500]
[20160624,118756,117906,119743,117099,16930]
[20160623,118565,118649,119202,117418,7918]
[20160622,117683,118437,118787,116898,7994]
[20160621,119244,117779,119265,117482,12162]
[20160620,119966,119170,120497,118458,8936]
[20160617,118703,119446,120146,118140,10068]
[20160616,118989,118777,120253,117991,13322]
[20160615,118787,119414,118904,117874,9632]
[20160614,118904,118607,118979,117482,10706]
[20160613,116632,118586,118904,116600,7828]
[20160608,116388,117046,116452,115125,10580]
[20160607,116027,115825,116590,115634,9898]
[20160606,114838,116186,116484,114838,14428]
[20160603,114764,115518,114944,113628,11198]
[20160602,112757,114658,114966,112747,16600]
[20160601,115677,113224,115677,112641,16824]
[20160531,114137,114711,115698,114137,11718]
[20160530,115188,114445,115581,114031,11932]
[20160527,112853,114562,115040,112343,18460]
[20160526,111260,113150,113171,110942,16720]
[20160525,112534,111292,112534,111048,13134]
[20160524,111324,111303,112757,110655,17062]
[20160523,114859,111738,114859,112004,22160]
[20160520,113001,113872,114010,111696,13406]
[20160519,112662,112609,114127,112311,19762]
[20160518,114551,112768,115326,113108,22552]
[20160517,114520,114318,115719,113511,20864]
[20160516,114127,115167,115369,113267,20410]
[20160513,117301,114371,117439,113713,31820]
[20160512,116781,117078,118161,116218,23438]
[20160511,115199,116303,116738,114137,24840]
[20160510,117312,115719,117800,113235,36406]
[20160509,118055,117142,120178,116813,31238]
[20160506,120486,118586,121537,116993,38864]
[20160505,119223,120890,121410,118575,29226]
[20160504,118904,119148,120454,118384,16940]
[20160503,116887,119828,119340,116293,8044]
[20160429,117492,116707,117620,116155,9972]
[20160428,116887,117312,117821,115125,9676]
[20160427,116781,115539,118140,116176,7458]
[20160426,118315,117195,118834,116198,7464]
[20160425,120800,118509,122517,117278,14470]
[20160422,124754,121307,125272,118834,17508]
[20160421,121394,123933,123803,119687,19000]
[20160420,120422,120465,122020,119363,17162]
[20160419,119082,120443,120994,118844,16822]
[20160418,120540,120368,120875,118466,17868]
[20160415,123112,119579,123112,119417,16940]
[20160414,119709,121869,122669,118985,30034]
[20160413,117462,121772,121588,117462,27722]
[20160412,117710,117915,118574,115841,20930]
[20160411,115074,118250,119352,115074,27266]
[20160408,115711,116468,115809,113616,27066]
[20160407,114556,115160,116025,114502,21420]
[20160406,113119,114966,114674,113119,25680]
[20160405,111617,113691,114156,111595,14788]
[20160401,111066,113648,114102,110947,43886]
[20160331,113659,112568,114372,111293,63626]
[20160330,117505,113356,118023,113497,64206]
[20160329,117321,117505,118596,116759,36900]
[20160328,120983,117386,121945,116900,35914]
[20160325,119568,121513,121091,119255,49906]
[20160324,118326,120033,119579,117786,64298]
[20160323,117969,118520,119374,116997,42344]
[20160322,118682,117148,119352,117645,38232]
[20160321,121545,118898,122053,116673,53280]
[20160318,119158,121837,122787,118888,58612]
[20160317,118131,119309,119341,118034,31460]
[20160316,116727,118369,118466,116673,39714]
[20160315,118617,117364,119439,116975,45390]
[20160314,119914,118531,119914,118077,48830]
[20160311,117753,119320,119935,116338,64298]
[20160310,119190,116803,121696,116770,89760]
[20160309,123155,120594,123371,118877,69252]
[20160308,122971,121675,127044,120043,110790]
[20160307,120562,123727,123900,120562,76750]
[20160304,118358,122226,123090,117386,70532]
[20160303,113216,117969,117256,113108,68194]
[20160302,113032,114447,113443,112211,29184]
[20160301,112362,112751,113075,111477,28198]
[20160229,112568,112384,113843,111196,47906]
[20160226,113961,113075,113961,110774,45448]
[20160225,114015,113605,114804,113281,40770]
[20160224,114491,113335,114836,113216,48476]
[20160223,112028,114350,114167,111714,49536]
[20160222,108311,112038,111812,107814,23568]
[20160219,107415,108138,108344,106853,12328]
[20160218,108020,107393,108020,106496,8768]
[20160217,107155,107458,107534,106086,9170]
[20160216,107393,107404,108225,106950,11102]
[20160215,105870,108182,108355,105870,5012]
[20160205,108030,107328,108495,106518,10674]
[20160204,106529,108192,108020,106291,15568]
[20160203,107188,106777,107425,105805,17740]
[20160202,106669,107199,107155,106313,19812]
[20160201,108030,106594,108322,105708,33596]
[20160129,107598,108030,107912,105535,36330]
[20160128,108808,107782,109100,108074,26936]
[20160127,105924,108679,108538,105924,30438]
[20160126,105492,106745,105837,104573,14586]
[20160125,103871,105092,107706,103871,18912]
[20160122,103072,104638,104141,102867,13702]
[20160121,101667,103255,103364,101667,18936]
[20160120,102132,102208,102262,101008,9438]
[20160119,102823,101992,103018,101516,12896]
[20160118,100566,102586,103169,99712,15946]
[20160115,100674,100566,102046,100155,12180]
[20160114,99993,100393,101149,99161,12486]
[20160113,99939,99831,100425,98859,15840]
[20160112,100468,100015,101657,99388,14024]
[20160111,100069,101192,101214,99820,12744]
[20160108,98848,101181,100339,97346,14038]
[20160107,99258,99302,100609,98945,11442]
[20160106,99853,99723,100630,99496,8652]
[20160105,98999,100231,100738,98621,11832]
[20160104,100123,98751,101322,98772,6626]
[20151231,101322,100998,101775,99820,15724]
[20151230,100252,101279,102456,100252,14762]
[20151229,98869,100641,100166,98362,12538]
[20151228,101170,99345,101451,98913,8164]
[20151225,100976,101289,101592,100728,8274]
[20151224,101851,101387,102694,100933,14670]
[20151223,103806,101570,104627,101333,17132]
[20151222,105254,104249,106475,103731,14606]
[20151221,102646,105978,105395,102235,3566]
[20151218,99118,103403,101899,98891,2686]
[20151217,97235,99096,100038,96748,1500]
[20151216,95850,97051,96845,95514,678]
[20151215,96185,96499,96867,95536,1648]
[20151214,93372,96001,96575,93372,2426]
[20151211,91467,93566,93804,91424,842]
[20151210,91662,91716,92257,91240,646]
[20151209,91391,92008,91954,90471,796]
[20151208,92019,90720,92408,90471,796]
[20151207,91402,92008,92852,90937,978]
[20151204,90309,91337,91445,90309,648]
[20151203,92701,91110,93047,89854,2426]
[20151202,92830,92441,93934,92051,1410]
[20151201,91878,92701,92852,91575,2142]
[20151130,92496,92560,92800,91542,166]
[20151127,91216,92626,95219,91216,266]
[20151126,90522,91216,93288,89655,318]
[20151125,88722,89655,90859,87822,78]
[20151124,88711,87854,88982,86813,148]
[20151123,91997,87290,92670,88049,172]
[20151120,93494,91997,93494,90468,74]
[20151119,95425,93494,95425,93277,98]
[20151118,98267,95425,99384,94427,354]
[20151117,98147,98267,98679,98147,2]
[20151116,98060,98147,98147,98060,0]
[20151113,99785,98060,99785,98006,2]
[20151112,99785,99785,99785,99785,0]
[20151111,99785,99785,99785,99785,0]
[20151110,100642,99785,100642,99785,0]
[20151109,102280,100642,102280,99243,2]
[20151106,104666,102280,104666,102280,0]
[20151105,101748,104666,104666,100837,4]
[20151104,105620,101748,105620,101705,4]
[20151103,103039,105620,105620,103039,0]
[20151102,102753,103039,103380,102411,2382]
[20151030,104343,102786,104343,102753,0]
[20151029,105468,104343,105468,103834,6]
[20151028,106571,105468,106571,105468,0]
[20151027,107609,106571,107609,106571,0]
[20151026,108172,107609,108172,107609,0]
[20151023,108161,108172,108172,108161,0]
[20151022,108702,108161,108702,108161,8]
[20151021,108702,108702,108702,108702,0]
[20151020,109891,108702,109891,108702,2]
[20151019,110086,109891,110086,109891,0]
[20151016,110086,110086,110086,110086,0]
[20151015,110086,110086,110086,110086,0]
[20151014,110627,110086,110627,110086,0]
[20151013,111132,110627,111906,110447,1164]
[20151012,111233,111177,112804,110515,546]
[20151009,110144,111525,111435,109067,982]
[20151008,109953,109493,112232,109561,180]
[20150930,109953,110447,109953,109953,0]
[20150929,109953,109953,109953,109953,0]
[20150928,109953,109953,109953,109953,0]
[20150925,109312,109953,109312,109312,0]
[20150924,112507,109312,112507,109312,12]
[20150923,115083,112507,115083,112507,0]
[20150922,115691,115083,115691,115083,0]
[20150921,115691,115691,115691,115691,0]
[20150918,115691,115691,115691,115691,0]
[20150917,115691,115691,115691,115691,0]
[20150916,115691,115691,115691,115691,0]
[20150915,115691,115691,115691,115691,0]
[20150914,115647,115691,115691,115647,0]
[20150911,114088,115647,116078,114088,24]
[20150910,113812,114088,114088,113812,0]
[20150909,115404,113812,115404,113812,2]
[20150908,115404,115404,115404,115404,0]
[20150907,114961,115404,115404,114961,0]
[20150902,116741,114961,117172,114961,8]
[20150901,116741,116741,116741,116741,0]
[20150831,118501,116741,119780,116401,582]
[20150828,117457,118970,120824,116870,1058]
[20150827,117574,117211,117868,115228,388]
[20150826,118220,117692,119721,117574,384]
[20150825,119651,119182,119651,117340,542]
[20150824,122021,118161,124121,119651,1068]
[20150821,125470,122784,126069,123558,460]
[20150820,125869,125177,127512,125165,372]
[20150819,125729,126151,125963,125013,602]
[20150818,125998,125553,126444,125306,446]
[20150817,127453,126233,127535,125611,636]
[20150814,126515,127183,128122,125775,550]
[20150813,127183,126738,128263,126127,1324]
[20150812,127289,127488,127442,125623,844]
[20150811,126491,126233,130645,125846,990]
[20150810,125658,126925,126667,124966,632]
[20150807,125951,125412,126808,125294,604]
[20150806,126116,125893,127277,124825,1208]
[20150805,127594,125400,128110,125423,884]
[20150804,126479,127606,127723,126127,1324]
[20150803,129577,127477,130668,127559,1390]
[20150430,129577,130492,129577,129577,0]
[20150429,132761,129577,132761,129577,2]
[20150428,130398,132761,132761,130398,0]
[20150427,127358,130398,130398,127358,0]
[20150424,126382,127358,127358,126382,0]
[20150423,126293,126382,126382,126293,0]
[20150422,125051,126293,126293,125051,0]
[20150421,125073,125051,125073,125051,0]
[20150420,122977,125073,125073,122977,0]
[20150417,126072,122977,126072,122977,0]
[20150416,126072,126072,126072,126072,0]
[20150415,126238,126072,126238,126072,0]
[20150414,128445,126238,128445,126238,0]
[20150413,128567,128445,128567,128445,0]
[20150410,129233,128567,129233,128567,0]
[20150409,131474,129233,131474,129233,0]
[20150408,131174,131474,131474,131174,0]
[20150407,131529,131174,131529,131174,0]
[20150403,131718,131529,131718,131718,0]
[20150402,131418,131718,131718,131418,0]
[20150401,130642,131418,131418,130642,2]
