[20200528,13085]
[20200527,12938]
[20200526,12917]
[20200525,12827]
[20200522,12798]
[20200521,12806]
[20200520,12872]
[20200519,12924]
[20200518,12731]
[20200515,12582]
[20200514,12488]
[20200513,12401]
[20200512,12532]
[20200511,12522]
[20200508,12387]
[20200507,12495]
[20200506,12548]
[20200430,12425]
[20200429,12502]
[20200428,12311]
[20200427,12183]
[20200424,12142]
[20200423,12144]
[20200422,12014]
[20200421,11936]
[20200420,12210]
[20200417,12176]
[20200416,11913]
[20200415,11800]
[20200414,11626]
[20200413,11611]
[20200410,11672]
[20200409,11499]
[20200408,11457]
[20200407,11532]
[20200403,11360]
[20200402,11213]
[20200401,11420]
[20200331,11458]
[20200330,11451]
[20200327,11575]
[20200326,11530]
[20200325,11515]
[20200324,11292]
[20200323,11267]
[20200320,11899]
[20200319,11259]
[20200318,12099]
[20200317,12594]
[20200316,12734]
[20200313,12753]
[20200312,12713]
[20200311,12784]
[20200310,12816]
[20200309,12747]
[20200306,12991]
[20200305,13065]
[20200304,13030]
[20200303,13236]
[20200302,13060]
[20200228,13463]
[20200227,13319]
[20200226,13356]
[20200225,13359]
[20200224,13441]
[20200221,13523]
[20200220,13552]
[20200219,13549]
[20200218,13523]
[20200217,13518]
[20200214,13611]
[20200213,13592]
[20200212,13668]
[20200211,13565]
[20200210,13541]
[20200207,13518]
[20200206,13488]
[20200205,13427]
[20200204,13412]
[20200203,13591]
[20200123,14018]
[20200122,13970]
[20200121,14117]
[20200120,14179]
[20200117,14198]
[20200116,13781]
[20200115,13789]
[20200114,13816]
[20200113,13976]
[20200110,13844]
[20200109,13910]
[20200108,13794]
[20200107,13870]
[20200106,13851]
[20200103,13821]
[20200102,13822]
[20191231,13915]
[20191230,13899]
[20191227,13911]
[20191226,14002]
[20191225,14063]
[20191224,14006]
[20191223,14014]
[20191220,14027]
[20191219,13932]
[20191218,13823]
[20191217,13709]
[20191216,13759]
[20191213,13702]
[20191212,13709]
[20191211,13680]
[20191210,13627]
[20191209,13513]
[20191206,13589]
[20191205,13658]
[20191204,13645]
[20191203,13653]
[20191202,13581]
[20191129,13497]
[20191128,13429]
[20191127,13455]
[20191126,13500]
[20191125,13544]
[20191122,13563]
[20191121,13469]
[20191120,13431]
[20191119,13453]
[20191118,13360]
[20191115,13375]
[20191114,13354]
[20191113,13373]
[20191112,13496]
[20191111,13649]
[20191108,13588]
[20191107,13529]
[20191106,13561]
[20191105,13519]
[20191104,13463]
[20191101,13425]
[20191031,13421]
[20191030,13374]
[20191029,13416]
[20191028,13393]
[20191025,13413]
[20191024,13386]
[20191023,13364]
[20191022,13349]
[20191021,13477]
[20191018,13453]
[20191017,13409]
[20191016,13347]
[20191015,13293]
[20191014,13336]
[20191011,13533]
[20191010,13516]
[20191009,13559]
[20191008,13581]
[20190930,13516]
[20190927,13616]
[20190926,13687]
[20190925,13709]
[20190924,13793]
[20190923,13793]
[20190920,13733]
[20190919,13775]
[20190918,13802]
[20190917,13875]
[20190916,14065]
[20190912,13993]
[20190911,13943]
[20190910,13986]
[20190909,14215]
[20190906,13888]
[20190905,13894]
[20190904,13854]
[20190903,13855]
[20190902,13809]
[20190830,13740]
[20190829,13839]
[20190828,13794]
[20190827,13753]
[20190826,13835]
[20190823,13898]
[20190822,13850]
[20190821,13865]
[20190820,13932]
[20190819,13800]
[20190816,13762]
[20190815,13689]
[20190814,13714]
[20190813,13640]
[20190812,13372]
[20190809,13477]
[20190808,13375]
[20190807,13451]
[20190806,13480]
[20190805,13351]
[20190802,13425]
[20190801,13498]
[20190731,13502]
[20190730,13473]
[20190729,13461]
[20190726,13482]
[20190725,13378]
[20190724,13360]
[20190723,13430]
[20190722,13516]
[20190719,13483]
[20190718,13471]
[20190717,13481]
[20190716,13457]
[20190715,13338]
[20190712,13379]
[20190711,13422]
[20190710,13327]
[20190709,13374]
[20190708,13352]
[20190705,13366]
[20190704,13258]
[20190703,13271]
[20190702,13340]
[20190701,13425]
[20190628,13477]
[20190627,13514]
[20190626,13507]
[20190625,13458]
[20190624,13353]
[20190621,13519]
[20190620,13460]
[20190619,13416]
[20190618,13377]
[20190617,13492]
[20190614,13540]
[20190613,13505]
[20190612,13610]
[20190611,13477]
[20190610,13487]
[20190606,13662]
[20190605,13591]
[20190604,13665]
[20190603,13723]
[20190531,13660]
[20190530,13720]
[20190529,13818]
[20190528,13860]
[20190527,13774]
[20190524,13678]
[20190523,13633]
[20190522,13822]
[20190521,13808]
[20190520,13826]
[20190517,13915]
[20190516,13843]
[20190515,13804]
[20190514,13780]
[20190513,13709]
[20190510,13540]
[20190509,13544]
[20190508,13579]
[20190507,13465]
[20190506,13649]
[20190430,13758]
[20190429,13679]
[20190426,13771]
[20190425,13680]
[20190424,13720]
[20190423,13751]
[20190422,13623]
[20190419,13611]
[20190418,13546]
[20190417,13445]
[20190416,13420]
[20190415,13429]
[20190412,13413]
[20190411,13420]
[20190410,13393]
[20190409,13373]
[20190408,13378]
[20190404,13356]
[20190403,13350]
[20190402,13426]
[20190401,13294]
[20190329,13292]
[20190328,13250]
[20190327,13208]
[20190326,13219]
[20190325,13312]
[20190322,13364]
[20190321,13378]
[20190320,13305]
[20190319,13171]
[20190318,13232]
[20190315,13205]
[20190314,13253]
[20190313,13145]
[20190312,13095]
[20190311,13112]
[20190308,13075]
[20190307,13131]
[20190306,13173]
[20190305,13293]
[20190304,13242]
[20190301,13245]
[20190228,13270]
[20190227,13263]
[20190226,13315]
[20190225,13289]
[20190222,13133]
[20190221,13062]
[20190220,13037]
[20190219,13014]
[20190218,13010]
[20190215,12992]
[20190214,12951]
[20190213,12939]
[20190212,12892]
[20190211,13145]
[20190201,13107]
[20190131,13052]
[20190130,13005]
[20190129,13047]
[20190128,13087]
[20190125,13071]
[20190124,13097]
[20190123,13030]
[20190122,13066]
[20190121,13064]
[20190118,12967]
[20190117,12982]
[20190116,12905]
[20190115,12837]
[20190114,12939]
[20190111,12970]
[20190110,13035]
[20190109,12960]
[20190108,13045]
[20190107,13030]
[20190104,12933]
[20190103,12976]
[20190102,13170]
[20181228,13211]
[20181227,13390]
[20181226,13389]
[20181225,13296]
[20181224,13326]
[20181221,13324]
[20181220,13281]
[20181219,13360]
[20181218,13245]
[20181217,13230]
[20181214,13237]
[20181213,13212]
[20181212,13312]
[20181211,13266]
[20181210,13290]
[20181207,13221]
[20181206,13379]
[20181205,13469]
[20181204,13442]
[20181203,12812]
[20181130,13298]
[20181129,13342]
[20181128,13371]
[20181127,13448]
[20181126,13416]
[20181123,13458]
[20181122,13421]
[20181121,13370]
[20181120,13455]
[20181119,13386]
[20181116,13409]
[20181115,13371]
[20181114,13444]
[20181113,13474]
[20181112,13523]
[20181109,13564]
[20181108,13548]
[20181107,13536]
[20181106,13499]
[20181105,13565]
[20181102,13562]
[20181101,13610]
[20181031,13706]
[20181030,13832]
[20181029,13797]
[20181026,13890]
[20181025,13867]
[20181024,13806]
[20181023,13797]
[20181022,13807]
[20181019,13761]
[20181018,13962]
[20181017,13864]
[20181016,13857]
[20181015,13995]
[20181012,13866]
[20181011,14074]
[20181010,14181]
[20181009,14124]
[20181008,14022]
[20180928,14015]
[20180927,14246]
[20180926,14293]
[20180925,14312]
[20180921,14268]
[20180920,14163]
[20180919,14168]
[20180918,14125]
[20180917,14275]
[20180914,14172]
[20180913,14151]
[20180912,14263]
[20180911,14482]
[20180910,14358]
[20180907,14366]
[20180906,14368]
[20180905,14447]
[20180904,14540]
[20180903,14614]
[20180831,14659]
[20180830,14721]
[20180829,14743]
[20180828,14404]
[20180827,14535]
[20180824,14365]
[20180823,14383]
[20180822,14422]
[20180821,14243]
[20180820,14139]
[20180817,14163]
[20180816,14260]
[20180815,14418]
[20180814,14422]
[20180813,14378]
[20180810,14624]
[20180809,14205]
[20180808,14199]
[20180807,14173]
[20180806,14182]
[20180803,14037]
[20180802,14166]
[20180801,14299]
[20180731,14238]
[20180730,14189]
[20180727,14119]
[20180726,14152]
[20180725,14194]
[20180724,14105]
[20180723,13836]
[20180720,13821]
[20180719,13830]
[20180718,13875]
[20180717,13849]
[20180716,13873]
[20180713,13868]
[20180712,13856]
[20180711,13879]
[20180710,13951]
[20180709,13828]
[20180706,13748]
[20180705,13793]
[20180704,13907]
[20180703,13844]
[20180702,13979]
[20180629,13965]
[20180628,14045]
[20180627,13858]
[20180626,13988]
[20180625,14039]
[20180622,14035]
[20180621,14060]
[20180620,13852]
[20180619,14160]
[20180615,14469]
[20180614,14512]
[20180613,14752]
[20180612,14734]
[20180611,14752]
[20180608,14890]
[20180607,14797]
[20180606,14493]
[20180605,14602]
[20180604,14513]
[20180601,14499]
[20180531,14598]
[20180530,14652]
[20180529,14703]
[20180528,14700]
[20180525,14654]
[20180524,14440]
[20180523,14506]
[20180522,14653]
[20180521,14773]
[20180518,14723]
[20180517,14682]
[20180516,14624]
[20180515,14557]
[20180514,14566]
[20180511,14538]
[20180510,14469]
[20180509,14640]
[20180508,14585]
[20180507,14571]
[20180504,14513]
[20180503,14488]
[20180502,14383]
[20180427,14335]
[20180426,14449]
[20180425,14342]
[20180424,14372]
[20180423,14945]
[20180420,15373]
[20180419,15200]
[20180418,14825]
[20180417,14760]
[20180416,14649]
[20180413,14186]
[20180412,14369]
[20180411,14375]
[20180410,14347]
[20180409,14351]
[20180404,14185]
[20180403,14052]
[20180402,13774]
[20180330,13853]
[20180329,13789]
[20180328,13872]
[20180327,13768]
[20180326,13860]
[20180323,13969]
[20180322,14006]
[20180321,14101]
[20180320,14071]
[20180319,14053]
[20180316,14043]
[20180315,14057]
[20180314,13999]
[20180313,14176]
[20180312,14204]
[20180309,14307]
[20180308,14344]
[20180307,14493]
[20180306,14383]
[20180305,14499]
[20180302,14519]
[20180301,14441]
[20180228,14460]
[20180227,14491]
[20180226,14500]
[20180223,14262]
[20180222,14335]
[20180214,14433]
[20180213,14483]
[20180212,14086]
[20180209,14479]
[20180208,14455]
[20180207,14370]
[20180206,14527]
[20180205,14544]
[20180202,14563]
[20180201,14658]
[20180131,14757]
[20180130,14865]
[20180129,14903]
[20180126,14997]
[20180125,14861]
[20180124,14759]
[20180123,14955]
[20180122,14997]
[20180119,14924]
[20180118,14860]
[20180117,14948]
[20180116,15262]
[20180115,15388]
[20180112,15442]
[20180111,15353]
[20180110,15289]
[20180109,15265]
[20180108,15341]
[20180105,15411]
[20180104,15372]
[20180103,15415]
[20180102,15505]
[20171229,15492]
[20171228,15152]
[20171227,14987]
[20171226,15040]
[20171225,14999]
[20171222,15028]
[20171221,15076]
[20171220,14839]
[20171219,14874]
[20171218,14832]
[20171215,14643]
[20171214,14603]
[20171213,14616]
[20171212,14564]
[20171211,14631]
[20171208,14524]
[20171207,14725]
[20171206,14963]
[20171205,14993]
[20171204,15028]
[20171201,15119]
[20171130,15014]
[20171129,15218]
[20171128,15470]
[20171127,15532]
[20171124,15509]
[20171123,15395]
[20171122,15371]
[20171121,15596]
[20171120,15838]
[20171117,16062]
[20171116,15990]
[20171115,15963]
[20171114,16048]
[20171113,16040]
[20171110,15916]
[20171109,16272]
[20171108,16470]
[20171107,16645]
[20171106,16763]
[20171103,16725]
[20171102,16848]
[20171101,16844]
[20171031,16864]
[20171030,16844]
[20171027,17089]
[20171026,16945]
[20171025,16920]
[20171024,16841]
[20171023,16925]
[20171020,16816]
[20171019,16722]
[20171018,17049]
[20171017,17164]
[20171016,17293]
[20171013,17082]
[20171012,16938]
[20171011,17012]
[20171010,17354]
[20171009,17184]
[20170929,17141]
[20170928,17338]
[20170927,17200]
[20170926,17273]
[20170925,17330]
[20170922,18352]
[20170921,18096]
[20170920,17809]
[20170919,17190]
[20170918,17099]
[20170915,17447]
[20170914,17253]
[20170913,17290]
[20170912,17224]
[20170911,17188]
[20170908,17230]
[20170907,17263]
[20170906,17360]
[20170905,17311]
[20170904,17644]
[20170901,17538]
[20170831,17236]
[20170830,17248]
[20170829,17289]
[20170828,17607]
[20170825,17366]
[20170824,17275]
[20170823,17408]
[20170822,17330]
[20170821,17376]
[20170818,17326]
[20170817,17120]
[20170816,16765]
[20170815,16643]
[20170814,17268]
[20170811,16831]
[20170810,17326]
[20170809,17265]
[20170808,16115]
[20170807,15916]
[20170804,15558]
[20170803,15745]
[20170802,15240]
[20170801,15498]
[20170731,15254]
[20170728,15389]
[20170727,15443]
[20170726,15508]
[20170725,15344]
[20170724,15419]
[20170721,15382]
[20170720,15416]
[20170719,15292]
[20170718,15404]
[20170717,15281]
[20170714,15349]
[20170713,15114]
[20170712,15056]
[20170711,15057]
[20170710,15112]
[20170707,15153]
[20170706,15153]
[20170705,15031]
[20170704,15140]
[20170703,14945]
[20170630,14985]
[20170629,14932]
[20170628,14917]
[20170627,14865]
[20170626,14928]
[20170623,14785]
[20170622,14893]
[20170621,14949]
[20170620,14788]
[20170619,14559]
[20170616,14473]
[20170615,14666]
[20170614,14662]
[20170613,14682]
[20170612,14685]
[20170609,14777]
[20170608,14705]
[20170607,14671]
[20170606,14697]
[20170605,14779]
[20170602,14861]
[20170601,14698]
[20170531,15060]
[20170526,15116]
[20170525,15064]
[20170524,14936]
[20170523,15040]
[20170522,15150]
[20170519,14944]
[20170518,15105]
[20170517,15035]
[20170516,15019]
[20170515,14907]
[20170512,14921]
[20170511,14899]
[20170510,14858]
[20170509,14696]
[20170508,15067]
[20170505,14983]
[20170504,15022]
[20170503,14961]
[20170502,15180]
[20170428,15588]
[20170427,15533]
[20170426,15590]
[20170425,15488]
[20170424,15425]
[20170421,15540]
[20170420,15437]
[20170419,15726]
[20170418,15732]
[20170417,15530]
[20170414,15246]
[20170413,15110]
[20170412,15158]
[20170411,15241]
[20170410,15152]
[20170407,15319]
[20170406,15402]
[20170405,15127]
[20170331,15078]
[20170330,15026]
[20170329,14874]
[20170328,14920]
[20170327,14943]
[20170324,15037]
[20170323,15054]
[20170322,15164]
[20170321,15055]
[20170320,15028]
[20170317,15218]
[20170316,14998]
[20170315,14805]
[20170314,15136]
[20170313,15236]
[20170310,14768]
[20170309,15073]
[20170308,15032]
[20170307,15021]
[20170306,15507]
[20170303,15500]
[20170302,15594]
[20170301,15024]
[20170228,15279]
[20170227,15178]
[20170224,15193]
[20170223,15352]
[20170222,15593]
[20170221,15509]
[20170220,15451]
[20170217,15691]
[20170216,15725]
[20170215,15857]
[20170214,15395]
[20170213,15204]
[20170210,15152]
[20170209,15025]
[20170208,14952]
[20170207,14979]
[20170206,15113]
[20170203,15253]
[20170126,15376]
[20170125,15262]
[20170124,15106]
[20170123,14847]
[20170120,14732]
[20170119,14699]
[20170118,14753]
[20170117,14804]
[20170116,14779]
[20170113,14798]
[20170112,14357]
[20170111,14260]
[20170110,13854]
[20170109,13832]
[20170106,13909]
[20170105,13957]
[20170104,13940]
[20170103,14260]
[20161230,13982]
[20161229,13927]
[20161228,14161]
[20161227,13983]
[20161226,14057]
[20161223,14170]
[20161222,14256]
[20161221,14065]
[20161220,13979]
[20161219,14244]
[20161216,14299]
[20161215,14483]
[20161214,14777]
[20161213,14847]
[20161212,14762]
[20161209,14532]
[20161208,14564]
[20161207,14543]
[20161206,14625]
[20161205,14717]
[20161202,14725]
[20161201,14547]
[20161130,14844]
[20161129,15374]
[20161128,15249]
[20161125,15401]
[20161124,15454]
[20161123,15539]
[20161122,15456]
[20161121,15252]
[20161118,14764]
[20161117,14573]
[20161116,14884]
[20161115,15304]
[20161114,14160]
[20161111,15305]
[20161110,15088]
[20161109,14768]
[20161108,14652]
[20161107,14696]
[20161104,14515]
[20161103,14636]
[20161102,15474]
[20161101,14998]
[20161031,15018]
[20161028,14703]
[20161027,14321]
[20161026,14592]
[20161025,14052]
[20161024,13684]
[20161021,13440]
[20161020,13444]
[20161019,13486]
[20161018,13563]
[20161017,13538]
[20161014,13743]
[20161013,13588]
[20161012,13401]
[20161011,13522]
[20161010,13335]
[20160930,13077]
[20160929,13216]
[20160928,12953]
[20160927,13038]
[20160926,12924]
[20160923,13023]
[20160922,12833]
[20160921,12688]
[20160920,12614]
[20160919,12431]
[20160914,12412]
[20160913,12576]
[20160912,12478]
[20160909,12602]
[20160908,12495]
[20160907,12540]
[20160906,12475]
[20160905,12468]
[20160902,12718]
[20160901,12599]
[20160831,12705]
[20160830,12745]
[20160829,12831]
[20160826,12846]
[20160825,12722]
[20160824,12871]
[20160823,12785]
[20160822,12845]
[20160819,13059]
[20160818,13095]
[20160817,12787]
[20160816,12842]
[20160815,12737]
[20160812,12710]
[20160811,12797]
[20160810,12857]
[20160809,12709]
[20160808,12743]
[20160805,12561]
[20160804,12437]
[20160803,12483]
[20160802,12535]
[20160801,12639]
[20160729,12684]
[20160728,12340]
[20160727,12449]
[20160726,12553]
[20160725,12529]
[20160722,12663]
[20160721,12625]
[20160720,12591]
[20160719,12804]
[20160718,13047]
[20160715,13056]
[20160714,12975]
[20160713,12865]
[20160712,12961]
[20160711,12932]
[20160708,12766]
[20160707,12714]
[20160706,12786]
[20160705,12834]
[20160704,12908]
[20160701,12655]
[20160630,12487]
[20160629,12569]
[20160628,12475]
[20160627,12245]
[20160624,12471]
[20160623,12518]
[20160622,12324]
[20160621,12315]
[20160620,12093]
[20160617,11998]
[20160616,12061]
[20160615,11987]
[20160614,12020]
[20160613,11930]
[20160608,11750]
[20160607,11954]
[20160606,12137]
[20160603,12232]
[20160602,12068]
[20160601,12243]
[20160531,12314]
[20160530,12192]
[20160527,12203]
[20160526,12076]
[20160525,12301]
[20160524,12295]
[20160523,12442]
[20160520,12266]
[20160519,12294]
[20160518,12356]
[20160517,12205]
[20160516,12039]
[20160513,12045]
[20160512,12132]
[20160511,11841]
[20160510,12044]
[20160509,12275]
[20160506,12480]
[20160505,12495]
[20160504,12707]
[20160503,12644]
[20160429,12497]
[20160428,12940]
[20160427,12773]
[20160426,12878]
[20160425,13002]
[20160422,12465]
[20160421,11989]
[20160420,12016]
[20160419,11953]
[20160418,11886]
[20160415,11950]
[20160414,11953]
[20160413,11755]
[20160412,11711]
[20160411,11617]
[20160408,11676]
[20160407,11726]
[20160406,11776]
[20160405,11826]
[20160401,11712]
[20160331,11666]
[20160330,11727]
[20160329,11685]
[20160328,11664]
[20160325,11438]
[20160324,11439]
[20160323,11446]
[20160322,11484]
[20160321,11359]
[20160318,11255]
[20160317,11161]
[20160316,11190]
[20160315,11264]
[20160314,11270]
[20160311,11256]
[20160310,11295]
[20160309,11348]
[20160308,11431]
[20160307,11372]
[20160304,11312]
[20160303,11241]
[20160302,11194]
[20160301,11273]
[20160229,11324]
[20160226,11327]
[20160225,11170]
[20160224,11232]
[20160223,11270]
[20160222,11132]
[20160219,10994]
[20160218,11009]
[20160217,11082]
[20160216,10919]
[20160215,10768]
[20160205,10909]
[20160204,10739]
[20160203,10711]
[20160202,10646]
[20160201,10763]
[20160129,10791]
[20160128,10840]
[20160127,10800]
[20160126,10772]
[20160125,10907]
[20160122,10728]
[20160121,10734]
[20160120,10867]
[20160119,10767]
[20160118,10676]
[20160115,10745]
[20160114,10607]
[20160113,10684]
[20160112,10879]
[20160111,10820]
[20160108,10712]
[20160107,10708]
[20160106,10755]
[20160105,10634]
[20160104,10874]
[20151231,10758]
[20151230,10778]
[20151229,10556]
[20151228,10863]
[20151225,10835]
[20151224,10817]
[20151223,10733]
[20151222,10745]
[20151221,10669]
[20151218,10482]
[20151217,10452]
[20151216,10452]
[20151215,10491]
[20151214,10607]
[20151211,10317]
[20151210,10485]
[20151209,10225]
[20151208,10228]
[20151207,10362]
[20151204,10165]
[20151203,10110]
[20151202,10007]
[20151201,10015]
[20151130,10288]
[20151127,10094]
[20151126,9513]
[20151125,9554]
[20151124,9695]
[20151123,9791]
[20151120,9464]
[20151119,9862]
[20151118,9937]
[20151117,9975]
[20151116,9999]
[20151113,9836]
[20151112,9943]
[20151111,9974]
[20151110,10212]
[20151109,10425]
[20151106,10424]
[20151105,10449]
[20151104,10321]
[20151103,10257]
[20151102,10202]
[20151030,10208]
[20151029,10231]
[20151028,10319]
[20151027,10398]
[20151026,10509]
[20151023,10000]
[20151022,10632]
[20151021,10649]
[20151020,10895]
[20151019,11036]
[20151016,11111]
[20151015,11179]
[20151014,11271]
[20151013,11368]
[20151012,11497]
[20151009,11369]
[20151008,11401]
[20150930,11517]
[20150929,11521]
[20150928,11630]
[20150925,11726]
[20150924,11660]
[20150923,11634]
[20150922,11728]
[20150921,11830]
[20150918,11878]
[20150917,11809]
[20150916,11777]
[20150915,11822]
[20150914,11872]
[20150911,11870]
[20150910,11937]
[20150909,11837]
[20150908,11744]
[20150907,11708]
[20150902,11691]
[20150901,11765]
[20150831,11814]
[20150828,11751]
[20150827,11724]
[20150826,11804]
[20150825,11664]
[20150824,11835]
[20150821,11973]
[20150820,11812]
[20150819,11847]
[20150818,11908]
[20150817,11988]
[20150814,11989]
[20150813,12085]
[20150812,11859]
[20150811,11810]
[20150810,11832]
[20150807,11863]
[20150806,11987]
[20150805,12043]
[20150804,11871]
[20150803,12018]
[20150430,12121]
[20150429,12152]
[20150428,12129]
[20150427,12049]
[20150424,11974]
[20150423,11899]
[20150422,11881]
[20150421,11900]
[20150420,11969]
[20150417,12035]
[20150416,11852]
[20150415,11843]
[20150414,11944]
[20150413,12042]
[20150410,12059]
[20150409,11900]
[20150408,12207]
[20150407,12179]
[20150403,12181]
[20150402,12166]
[20150401,12214]
[20210830,5001]
[20210827,5047]
[20210826,5139]
[20210825,5153]
[20210824,5093]
[20210823,4995]
[20210820,5045]
[20210819,5075]
[20210818,5149]
[20210817,5156]
[20210816,5101]
[20210813,5084]
[20210812,5106]
[20210811,4995]
[20210810,5062]
[20210809,5172]
[20210806,5362]
[20210805,5454]
[20210804,5367]
[20210803,5373]
[20210802,5394]
[20210730,5389]
[20210729,5267]
[20210728,5294]
[20210727,5337]
[20210726,5315]
[20210723,5285]
[20210722,5249]
[20210721,5241]
[20210720,5281]
[20210719,5465]
[20210716,5494]
[20210715,5479]
[20210714,5442]
[20210713,5452]
[20210712,5438]
[20210709,5445]
[20210708,5492]
[20210707,5562]
[20210706,5575]
[20210705,5498]
[20210702,5507]
[20210701,5391]
[20210630,5352]
[20210629,5474]
[20210628,5488]
[20210625,5443]
[20210624,5428]
[20210623,5374]
[20210622,5396]
[20210621,5393]
[20210618,5420]
[20210617,5741]
[20210616,5683]
[20210615,5773]
[20210611,5743]
[20210610,5711]
[20210609,5679]
[20210608,5678]
[20210607,5673]
[20210604,5695]
[20210603,5786]
[20210602,5952]
[20210601,5810]
[20210531,5717]
[20210528,5739]
[20210527,5876]
[20210526,5774]
[20210525,5837]
[20210524,5856]
[20210521,5854]
[20210520,5872]
[20210519,6054]
[20210518,5719]
[20210517,5723]
[20210514,5665]
[20210513,5760]
[20210512,5733]
[20210511,5834]
[20210510,5794]
[20210507,5676]
[20210506,5560]
[20210430,5584]
[20210429,5499]
[20210428,5552]
[20210427,5508]
[20210426,5576]
[20210423,5571]
[20210422,5527]
[20210421,5473]
[20210420,5492]
[20210419,5594]
[20210416,5435]
[20210415,5417]
[20210414,5359]
[20210413,5365]
[20210412,5390]
[20210409,5436]
[20210408,5359]
[20210407,5356]
[20210406,5306]
[20210402,5232]
[20210401,5125]
[20210331,5154]
[20210330,5295]
[20210329,5351]
[20210326,5200]
[20210325,5367]
[20210324,5433]
[20210323,5419]
[20210322,5568]
[20210319,5576]
[20210318,5505]
[20210317,5524]
[20210316,5570]
[20210315,5436]
[20210312,5567]
[20210311,5469]
[20210310,5455]
[20210309,5360]
[20210308,5319]
[20210305,5495]
[20210304,5607]
[20210303,5583]
[20210302,5667]
[20210301,5613]
[20210226,5937]
[20210225,5898]
[20210224,5948]
[20210223,5849]
[20210222,5687]
[20210219,5710]
[20210218,5731]
[20210210,5763]
[20210209,5725]
[20210208,5580]
[20210205,5601]
[20210204,5715]
[20210203,5802]
[20210202,6204]
[20210201,5714]
[20210129,5357]
[20210128,5348]
[20210127,5442]
[20210126,5471]
[20210125,5396]
[20210122,5532]
[20210121,5408]
[20210120,5422]
[20210119,5365]
[20210118,5396]
[20210115,5397]
[20210114,5388]
[20210113,5418]
[20210112,5281]
[20210111,5887]
[20210108,5845]
[20210107,5888]
[20210106,5934]
[20210105,5908]
[20210104,5892]
[20201231,5731]
[20201230,5675]
[20201229,5724]
[20201228,5655]
[20201225,5584]
[20201224,5495]
[20201223,5548]
[20201222,5688]
[20201221,5363]
[20201218,5671]
[20201217,5472]
[20201216,5270]
[20201215,5173]
[20201214,5174]
[20201211,5178]
[20201210,5212]
[20201209,5333]
[20201208,5076]
[20201207,5276]
[20201204,5271]
[20201203,5210]
[20201202,5102]
[20201201,4774]
[20201130,4952]
[20201127,5087]
[20201126,5086]
[20201125,5029]
[20201124,5194]
[20201123,5270]
[20201120,5241]
[20201119,5288]
[20201118,5385]
[20201117,5334]
[20201116,5301]
[20201113,5291]
[20201112,5278]
[20201111,5280]
[20201110,5341]
[20201109,5637]
[20201106,5474]
[20201105,5326]
[20201104,5386]
[20201103,5319]
[20201102,5196]
[20201030,4989]
[20201029,5240]
[20201028,5377]
[20201027,5307]
[20201026,5447]
[20201023,5437]
[20201022,5549]
[20201021,5448]
[20201020,5485]
[20201019,5364]
[20201016,5239]
[20201015,5418]
[20201014,5493]
[20201013,5624]
[20201012,5404]
[20201009,5320]
[20200930,5268]
[20200929,5141]
[20200928,5114]
[20200925,4970]
[20200924,5192]
[20200923,5553]
[20200922,6166]
[20200921,6078]
[20200918,6065]
[20200917,6215]
[20200916,6240]
[20200915,6172]
[20200914,6154]
[20200911,6338]
[20200910,6147]
[20200909,6151]
[20200908,6175]
[20200907,6138]
[20200904,6236]
[20200903,6510]
[20200902,6652]
[20200901,6505]
[20200831,6381]
[20200828,6282]
[20200827,6088]
[20200826,6037]
[20200825,6139]
[20200824,6032]
[20200821,6284]
[20200820,6484]
[20200819,6794]
[20200818,6463]
[20200817,6336]
[20200814,6392]
[20200813,6161]
[20200812,6605]
[20200811,7163]
[20200810,6993]
[20200807,6956]
[20200806,6650]
[20200805,6284]
[20200804,5936]
[20200803,5941]
[20200731,5758]
[20200730,6090]
[20200729,5822]
[20200728,6129]
[20200727,6180]
[20200724,5540]
[20200723,5594]
[20200722,5261]
[20200721,4922]
[20200720,4739]
[20200717,4782]
[20200716,4806]
[20200715,4777]
[20200714,4770]
[20200713,4675]
[20200710,4727]
[20200709,4638]
[20200708,4545]
[20200707,4595]
[20200706,4550]
[20200703,4508]
[20200702,4612]
[20200701,4521]
[20200630,4494]
[20200629,4542]
[20200624,4524]
[20200623,4560]
[20200622,4489]
[20200619,4420]
[20200618,4435]
[20200617,4407]
[20200616,4318]
[20200615,4489]
[20200612,4560]
[20200611,4572]
[20200610,4491]
[20200609,4488]
[20200608,4415]
[20200605,4535]
[20200604,4512]
[20200603,4690]
[20200602,4672]
[20200601,4576]
[20200530,4547]
[20200529,4293]
[20200528,4194]
[20200527,4300]
[20200526,4200]
[20200525,4211]
[20200522,4265]
[20200521,4330]
[20200520,4231]
[20200519,4226]
[20200518,4158]
[20200515,3948]
[20200514,3835]
[20200513,3837]
[20200512,3814]
[20200511,3833]
[20200508,3817]
[20200507,3691]
[20200506,3724]
[20200430,3633]
[20200429,3610]
[20200428,3579]
[20200427,3656]
[20200424,3655]
[20200423,3648]
[20200422,3532]
[20200421,3661]
[20200420,3203]
[20200417,3665]
[20200416,3607]
[20200415,3691]
[20200414,3614]
[20200413,3669]
[20200410,3716]
[20200409,3729]
[20200408,3686]
[20200407,3810]
[20200403,3560]
[20200402,3391]
[20200401,3445]
[20200331,3417]
[20200330,3482]
[20200327,3549]
[20200326,3567]
[20200325,3545]
[20200324,3350]
[20200323,3120]
[20200320,2923]
[20200319,2938]
[20200318,3022]
[20200317,3239]
[20200316,3607]
[20200313,3812]
[20200312,4070]
[20200311,4127]
[20200310,4047]
[20200309,4097]
[20200306,4240]
[20200305,4187]
[20200304,4207]
[20200303,4106]
[20200302,4108]
[20200228,4260]
[20200227,4322]
[20200226,4329]
[20200225,4439]
[20200224,4472]
[20200221,4424]
[20200220,4393]
[20200219,4343]
[20200218,4262]
[20200217,4245]
[20200214,4225]
[20200213,4198]
[20200212,4225]
[20200211,4257]
[20200210,4257]
[20200207,4270]
[20200206,4243]
[20200205,4237]
[20200204,4268]
[20200203,4301]
[20200123,4314]
[20200122,4362]
[20200121,4347]
[20200120,4350]
[20200117,4352]
[20200116,4323]
[20200115,4284]
[20200114,4357]
[20200113,4363]
[20200110,4388]
[20200109,4479]
[20200108,4362]
[20200107,4523]
[20200106,4442]
[20200103,4388]
[20200102,4438]
[20191231,4376]
[20191230,4403]
[20191227,4424]
[20191226,4350]
[20191225,4350]
[20191224,4264]
[20191223,4210]
[20191220,4187]
[20191219,4207]
[20191218,4205]
[20191217,4204]
[20191216,4165]
[20191213,4158]
[20191212,4123]
[20191211,4137]
[20191210,4140]
[20191209,4182]
[20191206,4219]
[20191205,4272]
[20191204,4176]
[20191203,4167]
[20191202,4175]
[20191129,4179]
[20191128,4196]
[20191127,4165]
[20191126,4161]
[20191125,4216]
[20191122,4211]
[20191121,4210]
[20191120,4212]
[20191119,4125]
[20191118,4154]
[20191115,4200]
[20191114,4200]
[20191113,4141]
[20191112,4156]
[20191111,4133]
[20191108,4306]
[20191107,4321]
[20191106,4438]
[20191105,4499]
[20191104,4475]
[20191101,4491]
[20191031,4453]
[20191030,4427]
[20191029,4490]
[20191028,4569]
[20191025,4409]
[20191024,4412]
[20191023,4398]
[20191022,4451]
[20191021,4408]
[20191018,4383]
[20191017,4367]
[20191016,4397]
[20191015,4390]
[20191014,4362]
[20191011,4422]
[20191010,4478]
[20191009,4420]
[20191008,4351]
[20190930,4393]
[20190927,4484]
[20190926,4638]
[20190925,4637]
[20190924,4623]
[20190923,4474]
[20190920,4490]
[20190919,4485]
[20190918,4473]
[20190917,4463]
[20190916,4453]
[20190912,4542]
[20190911,4491]
[20190910,4553]
[20190909,4762]
[20190906,4940]
[20190905,4897]
[20190904,4743]
[20190903,4623]
[20190902,4640]
[20190830,4773]
[20190829,4707]
[20190828,4582]
[20190827,4464]
[20190826,4316]
[20190823,4310]
[20190822,4288]
[20190821,4270]
[20190820,4255]
[20190819,4322]
[20190816,4312]
[20190815,4328]
[20190814,4598]
[20190813,4328]
[20190812,4259]
[20190809,4257]
[20190808,4228]
[20190807,4139]
[20190806,4132]
[20190805,4071]
[20190802,3956]
[20190801,4071]
[20190731,4051]
[20190730,4036]
[20190729,4023]
[20190726,4034]
[20190725,4063]
[20190724,4038]
[20190723,4020]
[20190722,4166]
[20190719,4017]
[20190718,3937]
[20190717,3793]
[20190716,3762]
[20190715,3726]
[20190712,3743]
[20190711,3746]
[20190710,3723]
[20190709,3727]
[20190708,3742]
[20190705,3754]
[20190704,3771]
[20190703,3761]
[20190702,3735]
[20190701,3771]
[20190628,3758]
[20190627,3775]
[20190626,3809]
[20190625,3783]
[20190624,3787]
[20190621,3774]
[20190620,3729]
[20190619,3722]
[20190618,3706]
[20190617,3751]
[20190614,3698]
[20190613,3695]
[20190612,3668]
[20190611,3687]
[20190610,3727]
[20190606,3728]
[20190605,3674]
[20190604,3671]
[20190603,3638]
[20190531,3625]
[20190530,3624]
[20190529,3605]
[20190528,3653]
[20190527,3651]
[20190524,3648]
[20190523,3635]
[20190522,3623]
[20190521,3628]
[20190520,3629]
[20190517,3667]
[20190516,3689]
[20190515,3698]
[20190514,3663]
[20190513,3669]
[20190510,3653]
[20190509,3674]
[20190508,3652]
[20190507,3641]
[20190506,3663]
[20190430,3665]
[20190429,3676]
[20190426,3654]
[20190425,3636]
[20190424,3631]
[20190423,3678]
[20190422,3661]
[20190419,3659]
[20190418,3667]
[20190417,3649]
[20190416,3638]
[20190415,3675]
[20190412,3667]
[20190411,3714]
[20190410,3735]
[20190409,3726]
[20190408,3699]
[20190404,3682]
[20190403,3666]
[20190402,3686]
[20190401,3677]
[20190329,3696]
[20190328,3744]
[20190327,3757]
[20190326,3778]
[20190325,3760]
[20190322,3774]
[20190321,3736]
[20190320,3743]
[20190319,3735]
[20190318,3725]
[20190315,3711]
[20190314,3752]
[20190313,3755]
[20190312,3733]
[20190311,3710]
[20190308,3695]
[20190307,3691]
[20190306,3681]
[20190305,3690]
[20190304,3814]
[20190301,3821]
[20190228,3847]
[20190227,3834]
[20190226,3869]
[20190225,3853]
[20190222,3865]
[20190221,3912]
[20190220,3892]
[20190219,3881]
[20190218,3856]
[20190215,3816]
[20190214,3856]
[20190213,3873]
[20190212,3853]
[20190211,3858]
[20190201,3890]
[20190131,3881]
[20190130,3885]
[20190129,3856]
[20190128,3806]
[20190125,3774]
[20190124,3805]
[20190123,3792]
[20190122,3773]
[20190121,3844]
[20190118,3852]
[20190117,3832]
[20190116,3855]
[20190115,3856]
[20190114,3869]
[20190111,3906]
[20190110,3902]
[20190109,3893]
[20190108,3936]
[20190107,3958]
[20190104,3933]
[20190103,3862]
[20190102,3838]
[20181228,3808]
[20181227,3767]
[20181226,3737]
[20181225,3716]
[20181224,3716]
[20181221,3725]
[20181220,3718]
[20181219,3692]
[20181218,3697]
[20181217,3692]
[20181214,3711]
[20181213,3710]
[20181212,3719]
[20181211,3715]
[20181210,3681]
[20181207,3660]
[20181206,3661]
[20181205,3679]
[20181204,3665]
[20181203,3649]
[20181130,3652]
[20181129,3613]
[20181128,3640]
[20181127,3647]
[20181126,3659]
[20181123,3681]
[20181122,3674]
[20181121,3664]
[20181120,3663]
[20181119,3650]
[20181116,3623]
[20181115,3595]
[20181114,3619]
[20181113,3637]
[20181112,3664]
[20181109,3692]
[20181108,3713]
[20181107,3718]
[20181106,3721]
[20181105,3707]
[20181102,3699]
[20181101,3670]
[20181031,3690]
[20181030,3728]
[20181029,3740]
[20181026,3761]
[20181025,3740]
[20181024,3759]
[20181023,3716]
[20181022,3728]
[20181019,3694]
[20181018,3711]
[20181017,3730]
[20181016,3734]
[20181015,3716]
[20181012,3691]
[20181011,3660]
[20181010,3667]
[20181009,3658]
[20181008,3703]
[20180928,3638]
[20180927,3652]
[20180926,3632]
[20180925,3636]
[20180921,3606]
[20180920,3561]
[20180919,3575]
[20180918,3572]
[20180917,3574]
[20180914,3581]
[20180913,3552]
[20180912,3542]
[20180911,3572]
[20180910,3555]
[20180907,3566]
[20180906,3551]
[20180905,3563]
[20180904,3624]
[20180903,3660]
[20180831,3678]
[20180830,3686]
[20180829,3705]
[20180828,3702]
[20180827,3695]
[20180824,3684]
[20180823,3707]
[20180822,3705]
[20180821,3704]
[20180820,3696]
[20180817,3682]
[20180816,3793]
[20180815,3800]
[20180814,3842]
[20180813,3847]
[20180810,3848]
[20180809,3839]
[20180808,3854]
[20180807,3844]
[20180806,3855]
[20180803,3856]
[20180802,3854]
[20180801,3858]
[20180731,3860]
[20180730,3858]
[20180727,3864]
[20180726,3863]
[20180725,3854]
[20180724,3849]
[20180723,3842]
[20180720,3812]
[20180719,3825]
[20180718,3873]
[20180717,3881]
[20180716,3888]
[20180713,3893]
[20180712,3907]
[20180711,3915]
[20180710,3920]
[20180709,3910]
[20180706,3910]
[20180705,3913]
[20180704,3914]
[20180703,3905]
[20180702,3905]
[20180629,3909]
[20180628,3915]
[20180627,3907]
[20180626,3918]
[20180625,3918]
[20180622,3895]
[20180621,3895]
[20180620,3888]
[20180619,3915]
[20180615,4065]
[20180614,3985]
[20180613,3963]
[20180612,3970]
[20180611,3938]
[20180608,3953]
[20180607,3925]
[20180606,3894]
[20180605,3913]
[20180604,3891]
[20180601,3910]
[20180531,3902]
[20180530,3889]
[20180529,3890]
[20180528,3929]
[20180525,3918]
[20180524,3890]
[20180523,3919]
[20180522,3900]
[20180521,3891]
[20180518,3894]
[20180517,3870]
[20180516,3875]
[20180515,3936]
[20180514,3961]
[20180511,3960]
[20180510,3933]
[20180509,3922]
[20180508,3922]
[20180507,3916]
[20180504,3921]
[20180503,3897]
[20180502,3868]
[20180427,3934]
[20180426,3929]
[20180425,3940]
[20180424,3970]
[20180423,4020]
[20180420,4046]
[20180419,3997]
[20180418,3913]
[20180417,3929]
[20180416,3904]
[20180413,3915]
[20180412,3932]
[20180411,3916]
[20180410,3900]
[20180409,3889]
[20180404,3908]
[20180403,3921]
[20180402,3873]
[20180330,3855]
[20180329,3911]
[20180328,3943]
[20180327,3958]
[20180326,3968]
[20180323,3955]
[20180322,3899]
[20180321,3906]
[20180320,3896]
[20180319,3934]
[20180316,3943]
[20180315,3957]
[20180314,3963]
[20180313,3948]
[20180312,3951]
[20180309,3962]
[20180308,3978]
[20180307,3976]
[20180306,3960]
[20180305,3951]
[20180302,3925]
[20180301,3953]
[20180228,3988]
[20180227,3993]
[20180226,3968]
[20180223,3949]
[20180222,3953]
[20180214,3977]
[20180213,3950]
[20180212,3939]
[20180209,3936]
[20180208,3967]
[20180207,4006]
[20180206,3998]
[20180205,4116]
[20180202,4103]
[20180201,4110]
[20180131,4109]
[20180130,4139]
[20180129,4154]
[20180126,4183]
[20180125,4141]
[20180124,4113]
[20180123,4117]
[20180122,4117]
[20180119,4126]
[20180118,4164]
[20180117,4168]
[20180116,4209]
[20180115,4171]
[20180112,4160]
[20180111,4176]
[20180110,4172]
[20180109,4174]
[20180108,4168]
[20180105,4169]
[20180104,4183]
[20180103,4190]
[20180102,4183]
[20171229,4168]
[20171228,4150]
[20171227,4129]
[20171226,4120]
[20171225,4073]
[20171222,4065]
[20171221,4085]
[20171220,4083]
[20171219,4079]
[20171218,4060]
[20171215,4066]
[20171214,3961]
[20171213,4002]
[20171212,4019]
[20171211,3997]
[20171208,3998]
[20171207,4053]
[20171206,4103]
[20171205,4128]
[20171204,4115]
[20171201,4163]
[20171130,4226]
[20171129,4277]
[20171128,4282]
[20171127,4273]
[20171124,4275]
[20171123,4273]
[20171122,4270]
[20171121,4299]
[20171120,4273]
[20171117,4275]
[20171116,4282]
[20171115,4271]
[20171114,4268]
[20171113,4292]
[20171110,4296]
[20171109,4288]
[20171108,4281]
[20171107,4262]
[20171106,4295]
[20171103,4276]
[20171102,4247]
[20171101,4235]
[20171031,4232]
[20171030,4216]
[20171027,4288]
[20171026,4271]
[20171025,4284]
[20171024,4272]
[20171023,4312]
[20171020,4291]
[20171019,4300]
[20171018,4308]
[20171017,4354]
[20171016,4322]
[20171013,4302]
[20171012,4300]
[20171011,4308]
[20171010,4297]
[20171009,4260]
[20170929,4251]
[20170928,4259]
[20170927,4293]
[20170926,4240]
[20170925,4242]
[20170922,4240]
[20170921,4293]
[20170920,4304]
[20170919,4348]
[20170918,4393]
[20170915,4382]
[20170914,4395]
[20170913,4395]
[20170912,4399]
[20170911,4465]
[20170908,4503]
[20170907,4482]
[20170906,4501]
[20170905,4478]
[20170904,4458]
[20170901,4428]
[20170831,4416]
[20170830,4469]
[20170829,4428]
[20170828,4386]
[20170825,4382]
[20170824,4396]
[20170823,4421]
[20170822,4410]
[20170821,4441]
[20170818,4433]
[20170817,4281]
[20170816,4339]
[20170815,4405]
[20170814,4376]
[20170811,4462]
[20170810,4332]
[20170809,4234]
[20170808,4215]
[20170807,4301]
[20170804,4311]
[20170803,4315]
[20170802,4332]
[20170801,4351]
[20170731,4334]
[20170728,4342]
[20170727,4256]
[20170726,4286]
[20170725,4311]
[20170724,4312]
[20170721,4270]
[20170720,4284]
[20170719,4277]
[20170718,4277]
[20170717,4247]
[20170714,4207]
[20170713,4246]
[20170712,4119]
[20170711,3986]
[20170710,4124]
[20170707,4285]
[20170706,4268]
[20170705,4288]
[20170704,4385]
[20170703,4429]
[20170630,4451]
[20170629,4485]
[20170628,4452]
[20170627,4449]
[20170626,4487]
[20170623,4474]
[20170622,4408]
[20170621,4432]
[20170620,4436]
[20170619,4460]
[20170616,4437]
[20170615,4529]
[20170614,4459]
[20170613,4477]
[20170612,4521]
[20170609,4601]
[20170608,4595]
[20170607,4607]
[20170606,4577]
[20170605,4521]
[20170602,4497]
[20170601,4542]
[20170531,4552]
[20170526,4553]
[20170525,4536]
[20170524,4570]
[20170523,4563]
[20170522,4541]
[20170519,4527]
[20170518,4561]
[20170517,4542]
[20170516,4549]
[20170515,4476]
[20170512,4444]
[20170511,4429]
[20170510,4407]
[20170509,4446]
[20170508,4442]
[20170505,4398]
[20170504,4524]
[20170503,4552]
[20170502,4579]
[20170428,4658]
[20170427,4662]
[20170426,4680]
[20170425,4679]
[20170424,4715]
[20170421,4764]
[20170420,4764]
[20170419,4807]
[20170418,4823]
[20170417,4833]
[20170414,4826]
[20170413,4789]
[20170412,4717]
[20170411,4698]
[20170410,4722]
[20170407,4769]
[20170406,4762]
[20170405,4767]
[20170331,4766]
[20170330,4762]
[20170329,4782]
[20170328,4776]
[20170327,4717]
[20170324,4740]
[20170323,4712]
[20170322,4705]
[20170321,4700]
[20170320,4686]
[20170317,4709]
[20170316,4513]
[20170315,4589]
[20170314,4590]
[20170313,4581]
[20170310,4611]
[20170309,4654]
[20170308,4715]
[20170307,4714]
[20170306,4704]
[20170303,4856]
[20170302,4844]
[20170301,4882]
[20170228,4888]
[20170227,4901]
[20170224,4817]
[20170223,4796]
[20170222,4781]
[20170221,4774]
[20170220,4780]
[20170217,4800]
[20170216,4787]
[20170215,4828]
[20170214,4798]
[20170213,4718]
[20170210,4732]
[20170209,4733]
[20170208,4715]
[20170207,4704]
[20170206,4630]
[20170203,4638]
[20170126,4600]
[20170125,4650]
[20170124,4663]
[20170123,4656]
[20170120,4667]
[20170119,4693]
[20170118,4721]
[20170117,4693]
[20170116,4686]
[20170113,4705]
[20170112,4726]
[20170111,4686]
[20170110,4661]
[20170109,4640]
[20170106,4696]
[20170105,4695]
[20170104,4633]
[20170103,4596]
[20161230,4629]
[20161229,4577]
[20161228,4592]
[20161227,4488]
[20161226,4525]
[20161223,4519]
[20161222,4564]
[20161221,4487]
[20161220,4655]
[20161219,4669]
[20161216,4732]
[20161215,4885]
[20161214,4889]
[20161213,4854]
[20161212,4825]
[20161209,4847]
[20161208,4817]
[20161207,4750]
[20161206,4753]
[20161205,4721]
[20161202,4686]
[20161201,4750]
[20161130,4742]
[20161129,4784]
[20161128,4701]
[20161125,4691]
[20161124,4741]
[20161123,4731]
[20161122,4681]
[20161121,4655]
[20161118,4698]
[20161117,4699]
[20161116,4675]
[20161115,4717]
[20161114,5139]
[20161111,4986]
[20161110,4967]
[20161109,4778]
[20161108,4815]
[20161107,4851]
[20161104,4831]
[20161103,4922]
[20161102,4852]
[20161101,4776]
[20161031,4728]
[20161028,4763]
[20161027,4758]
[20161026,4739]
[20161025,4723]
[20161024,4681]
[20161021,4734]
[20161020,4730]
[20161019,4713]
[20161018,4660]
[20161017,4640]
[20161014,4650]
[20161013,4638]
[20161012,4638]
[20161011,4638]
[20161010,4612]
[20160930,4957]
[20160929,4983]
[20160928,5034]
[20160927,5061]
[20160926,5149]
[20160923,5163]
[20160922,5129]
[20160921,5024]
[20160920,5025]
[20160919,4957]
[20160914,4980]
[20160913,4959]
[20160912,5094]
[20160909,5144]
[20160908,5180]
[20160907,5104]
[20160906,5059]
[20160905,4995]
[20160902,4860]
[20160901,4849]
[20160831,4862]
[20160830,4842]
[20160829,4886]
[20160826,4829]
[20160825,4909]
[20160824,4956]
[20160823,4919]
[20160822,5060]
[20160819,5112]
[20160818,5105]
[20160817,5122]
[20160816,5100]
[20160815,5206]
[20160812,5183]
[20160811,5250]
[20160810,5103]
[20160809,5101]
[20160808,5165]
[20160805,5244]
[20160804,5327]
[20160803,5342]
[20160802,5284]
[20160801,5232]
[20160729,5241]
[20160728,5106]
[20160727,5050]
[20160726,5016]
[20160725,5068]
[20160722,5022]
[20160721,5026]
[20160720,5131]
[20160719,5124]
[20160718,5225]
[20160715,5191]
[20160714,5278]
[20160713,5281]
[20160712,5225]
[20160711,5100]
[20160708,5179]
[20160707,5258]
[20160706,5133]
[20160705,5546]
[20160704,5001]
[20160701,4774]
[20160630,4776]
[20160629,4572]
[20160628,4594]
[20160627,4606]
[20160624,4449]
[20160623,4446]
[20160622,4457]
[20160621,4491]
[20160620,4496]
[20160617,4599]
[20160616,4523]
[20160615,4511]
[20160614,4521]
[20160613,4479]
[20160608,4279]
[20160607,4303]
[20160606,4280]
[20160603,4192]
[20160602,4193]
[20160601,4181]
[20160531,4169]
[20160530,4229]
[20160527,4289]
[20160526,4232]
[20160525,4241]
[20160524,4261]
[20160523,4321]
[20160520,4293]
[20160519,4424]
[20160518,4442]
[20160517,4494]
[20160516,4387]
[20160513,4456]
[20160512,4488]
[20160511,4385]
[20160510,4430]
[20160509,4507]
[20160506,4558]
[20160505,4535]
[20160504,4569]
[20160503,4576]
[20160429,4514]
[20160428,4552]
[20160427,4418]
[20160426,4437]
[20160425,4498]
[20160422,4814]
[20160421,4511]
[20160420,4439]
[20160419,4146]
[20160418,4203]
[20160415,4198]
[20160414,4205]
[20160413,4218]
[20160412,4160]
[20160411,4062]
[20160408,4070]
[20160407,4022]
[20160406,4053]
[20160405,4018]
[20160401,4122]
[20160331,4098]
[20160330,4082]
[20160329,4097]
[20160328,4081]
[20160325,4103]
[20160324,4150]
[20160323,4232]
[20160322,4178]
[20160321,4241]
[20160318,4184]
[20160317,4061]
[20160316,4073]
[20160315,4129]
[20160314,4134]
[20160311,4066]
[20160310,4099]
[20160309,4139]
[20160308,4234]
[20160307,4181]
[20160304,4038]
[20160303,4009]
[20160302,4032]
[20160301,3992]
[20160229,4114]
[20160226,4127]
[20160225,4162]
[20160224,4131]
[20160223,4109]
[20160222,4177]
[20160219,4146]
[20160218,4156]
[20160217,4163]
[20160216,4160]
[20160215,4181]
[20160205,4089]
[20160204,4041]
[20160203,4005]
[20160202,4014]
[20160201,3996]
[20160129,4019]
[20160128,4034]
[20160127,4038]
[20160126,4006]
[20160125,4003]
[20160122,3988]
[20160121,4011]
[20160120,3986]
[20160119,3966]
[20160118,3963]
[20160115,3960]
[20160114,3938]
[20160113,3941]
[20160112,4014]
[20160111,4019]
[20160108,4044]
[20160107,3996]
[20160106,3981]
[20160105,3970]
[20160104,3961]
[20151231,3956]
[20151230,3973]
[20151229,3951]
[20151228,3989]
[20151225,3968]
[20151224,3970]
[20151223,3981]
[20151222,3961]
[20151221,3915]
[20151218,3933]
[20151217,3931]
[20151216,3890]
[20151215,3886]
[20151214,3901]
[20151211,3924]
[20151210,3948]
[20151209,3912]
[20151208,3980]
[20151207,3884]
[20151204,3650]
[20151203,3875]
[20151202,3895]
[20151201,3859]
[20151130,3883]
[20151127,3913]
[20151126,3869]
[20151125,3876]
[20151124,3850]
[20151123,3894]
[20151120,3920]
[20151119,3929]
[20151118,3935]
[20151117,3983]
[20151116,3960]
[20151113,3957]
[20151112,3967]
[20151111,3963]
[20151110,4013]
[20151109,4068]
[20151106,4039]
[20151105,4117]
[20151104,4116]
[20151103,4127]
[20151102,4126]
[20151030,4175]
[20151029,4254]
[20151028,4179]
[20151027,4186]
[20151026,4233]
[20151023,4180]
[20151022,4172]
[20151021,4193]
[20151020,4196]
[20151019,4223]
[20151016,4227]
[20151015,4240]
[20151014,4217]
[20151013,4262]
[20151012,4261]
[20151009,4188]
[20151008,4408]
[20150930,4038]
[20150929,4072]
