[20210830,379]
[20210827,376]
[20210826,375]
[20210825,377]
[20210824,374]
[20210823,375]
[20210820,374]
[20210819,375]
[20210818,375]
[20210817,372]
[20210816,369]
[20210813,367]
[20210812,363]
[20210811,363]
[20210810,365]
[20210809,375]
[20210806,377]
[20210805,378]
[20210804,377]
[20210803,378]
[20210802,382]
[20210730,381]
[20210729,380]
[20210728,376]
[20210727,379]
[20210726,378]
[20210723,376]
[20210722,379]
[20210721,380]
[20210720,377]
[20210719,381]
[20210716,382]
[20210715,379]
[20210714,379]
[20210713,376]
[20210712,377]
[20210709,376]
[20210708,377]
[20210707,377]
[20210706,374]
[20210705,372]
[20210702,371]
[20210701,369]
[20210630,370]
[20210629,371]
[20210628,371]
[20210625,371]
[20210624,374]
[20210623,373]
[20210622,372]
[20210621,371]
[20210618,375]
[20210617,381]
[20210616,382]
[20210615,389]
[20210611,387]
[20210610,387]
[20210609,388]
[20210608,387]
[20210607,382]
[20210604,386]
[20210603,389]
[20210602,396]
[20210601,395]
[20210531,392]
[20210528,394]
[20210527,396]
[20210526,395]
[20210525,394]
[20210524,393]
[20210521,394]
[20210520,394]
[20210519,392]
[20210518,393]
[20210517,388]
[20210514,385]
[20210513,385]
[20210512,385]
[20210511,384]
[20210510,383]
[20210507,381]
[20210506,375]
[20210430,375]
[20210429,375]
[20210428,376]
[20210427,376]
[20210426,377]
[20210423,379]
[20210422,379]
[20210421,376]
[20210420,378]
[20210419,375]
[20210416,374]
[20210415,372]
[20210414,369]
[20210413,372]
[20210412,374]
[20210409,373]
[20210408,371]
[20210407,370]
[20210406,373]
[20210402,369]
[20210401,364]
[20210331,364]
[20210330,369]
[20210329,369]
[20210326,371]
[20210325,369]
[20210324,369]
[20210323,368]
[20210322,370]
[20210319,372]
[20210318,371]
[20210317,368]
[20210316,366]
[20210315,366]
[20210312,368]
[20210311,367]
[20210310,363]
[20210309,362]
[20210308,360]
[20210305,362]
[20210304,366]
[20210303,364]
[20210302,370]
[20210301,371]
[20210226,378]
[20210225,382]
[20210224,383]
[20210223,381]
[20210222,377]
[20210219,376]
[20210218,388]
[20210210,388]
[20210209,385]
[20210208,381]
[20210205,385]
[20210204,387]
[20210203,392]
[20210202,395]
[20210201,390]
[20210129,390]
[20210128,391]
[20210127,393]
[20210126,391]
[20210125,395]
[20210122,395]
[20210121,393]
[20210120,391]
[20210119,390]
[20210118,390]
[20210115,390]
[20210114,392]
[20210113,392]
[20210112,390]
[20210111,400]
[20210108,403]
[20210107,407]
[20210106,407]
[20210105,405]
[20210104,399]
[20201231,399]
[20201230,398]
[20201229,401]
[20201228,400]
[20201225,398]
[20201224,397]
[20201223,397]
[20201222,403]
[20201221,401]
[20201218,395]
[20201217,393]
[20201216,390]
[20201215,389]
[20201214,387]
[20201211,388]
[20201210,391]
[20201209,393]
[20201208,391]
[20201207,389]
[20201204,388]
[20201203,384]
[20201202,378]
[20201201,375]
[20201130,384]
[20201127,384]
[20201126,383]
[20201125,388]
[20201124,397]
[20201123,397]
[20201120,396]
[20201119,399]
[20201118,401]
[20201117,402]
[20201116,402]
[20201113,400]
[20201112,400]
[20201111,401]
[20201110,412]
[20201109,413]
[20201106,411]
[20201105,409]
[20201104,407]
[20201103,406]
[20201102,401]
[20201030,404]
[20201029,410]
[20201028,410]
[20201027,407]
[20201026,408]
[20201023,409]
[20201022,409]
[20201021,408]
[20201020,410]
[20201019,410]
[20201016,409]
[20201015,409]
[20201014,413]
[20201013,415]
[20201012,412]
[20201009,412]
[20200930,411]
[20200929,407]
[20200928,407]
[20200925,402]
[20200924,404]
[20200923,412]
[20200922,421]
[20200921,423]
[20200918,421]
[20200917,423]
[20200916,425]
[20200915,423]
[20200914,424]
[20200911,424]
[20200910,422]
[20200909,422]
[20200908,422]
[20200907,422]
[20200904,420]
[20200903,427]
[20200902,432]
[20200901,430]
[20200831,426]
[20200828,423]
[20200827,424]
[20200826,422]
[20200825,421]
[20200824,424]
[20200821,423]
[20200820,434]
[20200819,439]
[20200818,434]
[20200817,426]
[20200814,427]
[20200813,422]
[20200812,442]
[20200811,450]
[20200810,455]
[20200807,455]
[20200806,449]
[20200805,443]
[20200804,437]
[20200803,438]
[20200731,436]
[20200730,436]
[20200729,435]
[20200728,439]
[20200727,431]
[20200724,424]
[20200723,420]
[20200722,415]
[20200721,407]
[20200720,405]
[20200717,407]
[20200716,409]
[20200715,408]
[20200714,409]
[20200713,407]
[20200710,410]
[20200709,408]
[20200708,407]
[20200707,404]
[20200706,405]
[20200703,405]
[20200702,408]
[20200701,407]
[20200630,405]
[20200629,405]
[20200624,402]
[20200623,402]
[20200622,399]
[20200619,397]
[20200618,397]
[20200617,397]
[20200616,399]
[20200615,398]
[20200612,398]
[20200611,395]
[20200610,391]
[20200609,391]
[20200608,394]
[20200605,394]
[20200604,397]
[20200603,401]
[20200602,403]
[20200601,401]
[20200530,394]
[20200529,393]
[20200528,392]
[20200527,395]
[20200526,393]
[20200525,394]
[20200522,394]
[20200521,398]
[20200520,395]
[20200519,401]
[20200518,396]
[20200515,389]
[20200514,383]
[20200513,383]
[20200512,383]
[20200511,385]
[20200508,382]
[20200507,382]
[20200506,380]
[20200430,378]
[20200429,377]
[20200428,379]
[20200427,382]
[20200424,380]
[20200423,374]
[20200422,374]
[20200421,371]
[20200420,373]
[20200417,379]
[20200416,377]
[20200415,378]
[20200414,375]
[20200413,373]
[20200410,371]
[20200409,370]
[20200408,375]
[20200407,381]
[20200403,378]
[20200402,377]
[20200401,383]
[20200331,382]
[20200330,385]
[20200327,382]
[20200326,380]
[20200325,372]
[20200324,353]
[20200323,352]
[20200320,353]
[20200319,353]
[20200318,342]
[20200317,360]
[20200316,369]
[20200313,380]
[20200312,385]
[20200311,384]
[20200310,387]
[20200309,390]
[20200306,384]
[20200305,383]
[20200304,374]
[20200303,373]
[20200302,372]
[20200228,375]
[20200227,375]
[20200226,374]
[20200225,380]
[20200224,375]
[20200221,368]
[20200220,367]
[20200219,361]
[20200218,360]
[20200217,359]
[20200214,358]
[20200213,357]
[20200212,356]
[20200211,357]
[20200210,357]
[20200207,355]
[20200206,356]
[20200205,358]
[20200204,361]
[20200203,365]
[20200123,364]
[20200122,366]
[20200121,364]
[20200120,362]
[20200117,362]
[20200116,362]
[20200115,360]
[20200114,364]
[20200113,365]
[20200110,362]
[20200109,375]
[20200108,375]
[20200107,373]
[20200106,369]
[20200103,363]
[20200102,360]
[20191231,360]
[20191230,359]
[20191227,358]
[20191226,357]
[20191225,356]
[20191224,354]
[20191223,352]
[20191220,351]
[20191219,351]
[20191218,351]
[20191217,351]
[20191216,349]
[20191213,350]
[20191212,351]
[20191211,350]
[20191210,349]
[20191209,351]
[20191206,354]
[20191205,356]
[20191204,351]
[20191203,349]
[20191202,349]
[20191129,347]
[20191128,347]
[20191127,347]
[20191126,347]
[20191125,349]
[20191122,350]
[20191121,351]
[20191120,350]
[20191119,349]
[20191118,347]
[20191115,349]
[20191114,347]
[20191113,344]
[20191112,348]
[20191111,348]
[20191108,354]
[20191107,354]
[20191106,358]
[20191105,360]
[20191104,361]
[20191101,358]
[20191031,357]
[20191030,357]
[20191029,361]
[20191028,361]
[20191025,359]
[20191024,358]
[20191023,357]
[20191022,358]
[20191021,358]
[20191018,359]
[20191017,357]
[20191016,358]
[20191015,357]
[20191014,362]
[20191011,364]
[20191010,366]
[20191009,361]
[20191008,361]
[20190930,363]
[20190927,366]
[20190926,370]
[20190925,370]
[20190924,368]
[20190923,366]
[20190920,362]
[20190919,363]
[20190918,361]
[20190917,362]
[20190916,362]
[20190912,362]
[20190911,362]
[20190910,367]
[20190909,366]
[20190906,377]
[20190905,377]
[20190904,377]
[20190903,373]
[20190902,373]
[20190830,380]
[20190829,378]
[20190828,377]
[20190827,375]
[20190826,370]
[20190823,363]
[20190822,362]
[20190821,362]
[20190820,363]
[20190819,364]
[20190816,366]
[20190815,363]
[20190814,369]
[20190813,365]
[20190812,363]
[20190809,362]
[20190808,362]
[20190807,355]
[20190806,352]
[20190805,345]
[20190802,336]
[20190801,337]
[20190731,336]
[20190730,335]
[20190729,334]
[20190726,335]
[20190725,334]
[20190724,333]
[20190723,335]
[20190722,338]
[20190719,337]
[20190718,333]
[20190717,332]
[20190716,332]
[20190715,332]
[20190712,334]
[20190711,329]
[20190710,328]
[20190709,331]
[20190708,332]
[20190705,333]
[20190704,336]
[20190703,332]
[20190702,323]
[20190701,331]
[20190628,333]
[20190627,331]
[20190626,336]
[20190625,334]
[20190624,329]
[20190621,328]
[20190620,323]
[20190619,320]
[20190618,319]
[20190617,322]
[20190614,320]
[20190613,317]
[20190612,315]
[20190611,315]
[20190610,316]
[20190606,316]
[20190605,315]
[20190604,312]
[20190603,308]
[20190531,305]
[20190530,305]
[20190529,305]
[20190528,305]
[20190527,305]
[20190524,303]
[20190523,302]
[20190522,303]
[20190521,303]
[20190520,305]
[20190517,306]
[20190516,305]
[20190515,306]
[20190514,304]
[20190513,301]
[20190510,301]
[20190509,300]
[20190508,300]
[20190507,300]
[20190506,301]
[20190430,301]
[20190429,301]
[20190426,300]
[20190425,299]
[20190424,299]
[20190423,300]
[20190422,299]
[20190419,298]
[20190418,300]
[20190417,301]
[20190416,302]
[20190415,303]
[20190412,306]
[20190411,306]
[20190410,304]
[20190409,304]
[20190408,303]
[20190404,303]
[20190403,302]
[20190402,302]
[20190401,302]
[20190329,308]
[20190328,308]
[20190327,308]
[20190326,308]
[20190325,306]
[20190322,307]
[20190321,305]
[20190320,306]
[20190319,305]
[20190318,305]
[20190315,305]
[20190314,305]
[20190313,304]
[20190312,305]
[20190311,304]
[20190308,301]
[20190307,302]
[20190306,300]
[20190305,301]
[20190304,305]
[20190301,307]
[20190228,308]
[20190227,309]
[20190226,309]
[20190225,311]
[20190222,312]
[20190221,314]
[20190220,312]
[20190219,311]
[20190218,310]
[20190215,309]
[20190214,309]
[20190213,309]
[20190212,309]
[20190211,310]
[20190201,308]
[20190131,308]
[20190130,306]
[20190129,306]
[20190128,304]
[20190125,303]
[20190124,303]
[20190123,303]
[20190122,303]
[20190121,305]
[20190118,305]
[20190117,305]
[20190116,304]
[20190115,305]
[20190114,305]
[20190111,307]
[20190110,307]
[20190109,307]
[20190108,308]
[20190107,311]
[20190104,311]
[20190103,310]
[20190102,308]
[20181228,306]
[20181227,307]
[20181226,307]
[20181225,306]
[20181224,305]
[20181221,303]
[20181220,303]
[20181219,301]
[20181218,301]
[20181217,300]
[20181214,300]
[20181213,301]
[20181212,302]
[20181211,303]
[20181210,301]
[20181207,300]
[20181206,299]
[20181205,298]
[20181204,298]
[20181203,299]
[20181130,299]
[20181129,298]
[20181128,298]
[20181127,299]
[20181126,299]
[20181123,299]
[20181122,299]
[20181121,299]
[20181120,298]
[20181119,297]
[20181116,296]
[20181115,296]
[20181114,295]
[20181113,296]
[20181112,298]
[20181109,299]
[20181108,300]
[20181107,300]
[20181106,300]
[20181105,300]
[20181102,299]
[20181101,299]
[20181031,301]
[20181030,302]
[20181029,303]
[20181026,303]
[20181025,303]
[20181024,301]
[20181023,300]
[20181022,300]
[20181019,299]
[20181018,298]
[20181017,299]
[20181016,299]
[20181015,298]
[20181012,294]
[20181011,292]
[20181010,291]
[20181009,292]
[20181008,288]
[20180928,291]
[20180927,292]
[20180926,291]
[20180925,293]
[20180921,292]
[20180920,291]
[20180919,291]
[20180918,291]
[20180917,292]
[20180914,291]
[20180913,291]
[20180912,291]
[20180911,290]
[20180910,291]
[20180907,290]
[20180906,289]
[20180905,289]
[20180904,290]
[20180903,291]
[20180831,291]
[20180830,290]
[20180829,292]
[20180828,291]
[20180827,290]
[20180824,289]
[20180823,289]
[20180822,289]
[20180821,289]
[20180820,287]
[20180817,287]
[20180816,291]
[20180815,291]
[20180814,294]
[20180813,293]
[20180810,293]
[20180809,293]
[20180808,294]
[20180807,294]
[20180806,294]
[20180803,294]
[20180802,295]
[20180801,295]
[20180731,295]
[20180730,295]
[20180727,296]
[20180726,295]
[20180725,295]
[20180724,296]
[20180723,295]
[20180720,294]
[20180719,293]
[20180718,295]
[20180717,296]
[20180716,295]
[20180713,296]
[20180712,297]
[20180711,296]
[20180710,297]
[20180709,297]
[20180706,297]
[20180705,297]
[20180704,296]
[20180703,296]
[20180702,295]
[20180629,294]
[20180628,295]
[20180627,295]
[20180626,295]
[20180625,294]
[20180622,293]
[20180621,294]
[20180620,295]
[20180619,298]
[20180615,297]
[20180614,296]
[20180613,296]
[20180612,296]
[20180611,296]
[20180608,296]
[20180607,296]
[20180606,296]
[20180605,296]
[20180604,298]
[20180601,299]
[20180531,298]
[20180530,298]
[20180529,296]
[20180528,297]
[20180525,296]
[20180524,294]
[20180523,294]
[20180522,293]
[20180521,294]
[20180518,293]
[20180517,295]
[20180516,298]
[20180515,299]
[20180514,299]
[20180511,299]
[20180510,298]
[20180509,299]
[20180508,299]
[20180507,298]
[20180504,298]
[20180503,298]
[20180502,299]
[20180427,299]
[20180426,299]
[20180425,299]
[20180424,300]
[20180423,302]
[20180420,303]
[20180419,302]
[20180418,303]
[20180417,302]
[20180416,302]
[20180413,303]
[20180412,302]
[20180411,300]
[20180410,300]
[20180409,301]
[20180404,301]
[20180403,300]
[20180402,299]
[20180330,298]
[20180329,302]
[20180328,304]
[20180327,304]
[20180326,304]
[20180323,302]
[20180322,300]
[20180321,299]
[20180320,297]
[20180319,299]
[20180316,300]
[20180315,300]
[20180314,300]
[20180313,300]
[20180312,300]
[20180309,302]
[20180308,302]
[20180307,302]
[20180306,301]
[20180305,300]
[20180302,300]
[20180301,299]
[20180228,302]
[20180227,304]
[20180226,302]
[20180223,302]
[20180222,304]
[20180214,302]
[20180213,301]
[20180212,301]
[20180209,300]
[20180208,300]
[20180207,304]
[20180206,303]
[20180205,304]
[20180202,304]
[20180201,305]
[20180131,304]
[20180130,307]
[20180129,308]
[20180126,310]
[20180125,309]
[20180124,308]
[20180123,307]
[20180122,307]
[20180119,308]
[20180118,309]
[20180117,311]
[20180116,311]
[20180115,310]
[20180112,310]
[20180111,308]
[20180110,309]
[20180109,309]
[20180108,309]
[20180105,308]
[20180104,309]
[20180103,309]
[20180102,306]
[20171229,306]
[20171228,306]
[20171227,305]
[20171226,305]
[20171225,303]
[20171222,303]
[20171221,303]
[20171220,303]
[20171219,302]
[20171218,302]
[20171215,302]
[20171214,301]
[20171213,299]
[20171212,300]
[20171211,300]
[20171208,302]
[20171207,304]
[20171206,306]
[20171205,306]
[20171204,307]
[20171201,308]
[20171130,310]
[20171129,310]
[20171128,309]
[20171127,309]
[20171124,308]
[20171123,308]
[20171122,309]
[20171121,310]
[20171120,310]
[20171117,307]
[20171116,308]
[20171115,308]
[20171114,308]
[20171113,309]
[20171110,308]
[20171109,308]
[20171108,307]
[20171107,306]
[20171106,306]
[20171103,307]
[20171102,306]
[20171101,307]
[20171031,307]
[20171030,307]
[20171027,308]
[20171026,308]
[20171025,308]
[20171024,308]
[20171023,309]
[20171020,308]
[20171019,309]
[20171018,310]
[20171017,312]
[20171016,310]
[20171013,310]
[20171012,309]
[20171011,309]
[20171010,309]
[20171009,312]
[20170929,310]
[20170928,312]
[20170927,315]
[20170926,313]
[20170925,311]
[20170922,311]
[20170921,313]
[20170920,313]
[20170919,313]
[20170918,316]
[20170915,315]
[20170914,315]
[20170913,314]
[20170912,316]
[20170911,317]
[20170908,317]
[20170907,318]
[20170906,318]
[20170905,318]
[20170904,316]
[20170901,314]
[20170831,314]
[20170830,317]
[20170829,315]
[20170828,312]
[20170825,312]
[20170824,312]
[20170823,312]
[20170822,313]
[20170821,313]
[20170818,313]
[20170817,311]
[20170816,311]
[20170815,313]
[20170814,313]
[20170811,311]
[20170810,309]
[20170809,308]
[20170808,309]
[20170807,311]
[20170804,310]
[20170803,311]
[20170802,311]
[20170801,311]
[20170731,310]
[20170728,311]
[20170727,309]
[20170726,310]
[20170725,309]
[20170724,309]
[20170721,307]
[20170720,307]
[20170719,306]
[20170718,305]
[20170717,303]
[20170714,304]
[20170713,303]
[20170712,302]
[20170711,301]
[20170710,304]
[20170707,305]
[20170706,304]
[20170705,305]
[20170704,307]
[20170703,308]
[20170630,311]
[20170629,312]
[20170628,312]
[20170627,314]
[20170626,314]
[20170623,313]
[20170622,312]
[20170621,311]
[20170620,312]
[20170619,312]
[20170616,314]
[20170615,315]
[20170614,316]
[20170613,315]
[20170612,316]
[20170609,320]
[20170608,321]
[20170607,320]
[20170606,319]
[20170605,315]
[20170602,315]
[20170601,315]
[20170531,317]
[20170526,317]
[20170525,316]
[20170524,319]
[20170523,317]
[20170522,316]
[20170519,317]
[20170518,315]
[20170517,313]
[20170516,312]
[20170515,311]
[20170512,310]
[20170511,310]
[20170510,311]
[20170509,311]
[20170508,312]
[20170505,313]
[20170504,317]
[20170503,318]
[20170502,320]
[20170428,320]
[20170427,319]
[20170426,321]
[20170425,321]
[20170424,323]
[20170421,324]
[20170420,324]
[20170419,324]
[20170418,325]
[20170417,326]
[20170414,325]
[20170413,324]
[20170412,322]
[20170411,320]
[20170410,320]
[20170407,321]
[20170406,318]
[20170405,315]
[20170331,317]
[20170330,317]
[20170329,318]
[20170328,319]
[20170327,317]
[20170324,316]
[20170323,316]
[20170322,315]
[20170321,315]
[20170320,314]
[20170317,314]
[20170316,311]
[20170315,308]
[20170314,309]
[20170313,308]
[20170310,309]
[20170309,311]
[20170308,313]
[20170307,314]
[20170306,315]
[20170303,316]
[20170302,316]
[20170301,318]
[20170228,320]
[20170227,318]
[20170224,316]
[20170223,314]
[20170222,315]
[20170221,313]
[20170220,314]
[20170217,313]
[20170216,312]
[20170215,312]
[20170214,313]
[20170213,312]
[20170210,315]
[20170209,313]
[20170208,313]
[20170207,311]
[20170206,309]
[20170203,303]
[20170126,305]
[20170125,308]
[20170124,309]
[20170123,308]
[20170120,306]
[20170119,309]
[20170118,311]
[20170117,310]
[20170116,307]
[20170113,308]
[20170112,307]
[20170111,307]
[20170110,305]
[20170109,304]
[20170106,305]
[20170105,306]
[20170104,306]
[20170103,307]
[20161230,306]
[20161229,303]
[20161228,301]
[20161227,300]
[20161226,298]
[20161223,298]
[20161222,299]
[20161221,300]
[20161220,301]
[20161219,300]
[20161216,302]
[20161215,305]
[20161214,303]
[20161213,303]
[20161212,305]
[20161209,305]
[20161208,303]
[20161207,303]
[20161206,304]
[20161205,305]
[20161202,305]
[20161201,306]
[20161130,309]
[20161129,310]
[20161128,308]
[20161125,310]
[20161124,313]
[20161123,312]
[20161122,312]
[20161121,310]
[20161118,313]
[20161117,314]
[20161116,313]
[20161115,309]
[20161114,318]
[20161111,323]
[20161110,330]
[20161109,327]
[20161108,322]
[20161107,323]
[20161104,326]
[20161103,324]
[20161102,321]
[20161101,320]
[20161031,321]
[20161028,318]
[20161027,319]
[20161026,318]
[20161025,317]
[20161024,316]
[20161021,317]
[20161020,315]
[20161019,315]
[20161018,313]
[20161017,312]
[20161014,313]
[20161013,312]
[20161012,313]
[20161011,313]
[20161010,326]
[20160930,326]
[20160929,326]
[20160928,329]
[20160927,330]
[20160926,330]
[20160923,329]
[20160922,326]
[20160921,326]
[20160920,325]
[20160919,327]
[20160914,329]
[20160913,329]
[20160912,330]
[20160909,332]
[20160908,333]
[20160907,330]
[20160906,328]
[20160905,324]
[20160902,324]
[20160901,324]
[20160831,326]
[20160830,325]
[20160829,327]
[20160826,326]
[20160825,329]
[20160824,329]
[20160823,328]
[20160822,332]
[20160819,331]
[20160818,330]
[20160817,331]
[20160816,330]
[20160815,330]
[20160812,330]
[20160811,333]
[20160810,330]
[20160809,328]
[20160808,336]
[20160805,331]
[20160804,335]
[20160803,333]
[20160802,331]
[20160801,329]
[20160729,331]
[20160728,328]
[20160727,326]
[20160726,326]
[20160725,327]
[20160722,327]
[20160721,329]
[20160720,330]
[20160719,329]
[20160718,330]
[20160715,331]
[20160714,332]
[20160713,336]
[20160712,337]
[20160711,338]
[20160708,338]
[20160707,339]
[20160706,336]
[20160705,334]
[20160704,332]
[20160701,326]
[20160630,325]
[20160629,324]
[20160628,325]
[20160627,322]
[20160624,317]
[20160623,309]
[20160622,312]
[20160621,313]
[20160620,313]
[20160617,320]
[20160616,318]
[20160615,313]
[20160614,314]
[20160613,306]
[20160608,304]
[20160607,302]
[20160606,296]
[20160603,297]
[20160602,297]
[20160601,297]
[20160531,294]
[20160530,297]
[20160527,298]
[20160526,298]
[20160525,301]
[20160524,304]
[20160523,304]
[20160520,305]
[20160519,309]
[20160518,310]
[20160517,311]
[20160516,311]
[20160513,308]
[20160512,307]
[20160511,307]
[20160510,309]
[20160509,310]
[20160506,309]
[20160505,309]
[20160504,313]
[20160503,308]
[20160429,306]
[20160428,301]
[20160427,299]
[20160426,298]
[20160425,300]
[20160422,304]
[20160421,302]
[20160420,300]
[20160419,297]
[20160418,297]
[20160415,297]
[20160414,300]
[20160413,302]
[20160412,301]
[20160411,299]
[20160408,296]
[20160407,297]
[20160406,295]
[20160405,297]
[20160401,295]
[20160331,298]
[20160330,297]
[20160329,294]
[20160328,295]
[20160325,294]
[20160324,298]
[20160323,301]
[20160322,300]
[20160321,304]
[20160318,304]
[20160317,302]
[20160316,297]
[20160315,302]
[20160314,306]
[20160311,306]
[20160310,304]
[20160309,307]
[20160308,306]
[20160307,308]
[20160304,304]
[20160303,301]
[20160302,303]
[20160301,301]
[20160229,302]
[20160226,302]
[20160225,300]
[20160224,297]
[20160223,297]
[20160222,297]
[20160219,296]
[20160218,294]
[20160217,292]
[20160216,295]
[20160215,283]
[20160205,282]
[20160204,279]
[20160203,278]
[20160202,277]
[20160201,275]
[20160129,275]
[20160128,276]
[20160127,276]
[20160126,273]
[20160125,271]
[20160122,272]
[20160121,270]
[20160120,270]
[20160119,269]
[20160118,269]
[20160115,270]
[20160114,269]
[20160113,271]
[20160112,274]
[20160111,273]
[20160108,273]
[20160107,269]
[20160106,266]
[20160105,264]
[20160104,262]
[20151231,264]
[20151223,263]
[20151222,262]
[20151221,261]
[20151217,259]
[20151216,264]
[20151210,261]
[20151207,258]
[20151204,254]
[20151203,256]
[20151202,257]
[20151201,255]
[20151130,254]
[20151127,257]
[20151126,258]
[20151125,257]
[20151124,256]
[20151123,259]
[20151120,259]
[20151119,257]
[20151118,257]
[20151117,263]
[20151116,261]
[20151113,260]
[20151112,261]
[20151111,261]
[20151110,261]
[20151109,264]
[20151106,264]
[20151105,266]
[20151104,270]
[20151103,271]
[20151102,273]
[20151030,276]
[20151029,279]
[20151028,279]
[20151027,277]
[20151026,280]
[20151023,279]
[20151022,279]
[20151021,279]
[20151020,279]
[20151019,280]
[20151016,281]
[20151015,280]
[20151014,276]
[20151013,277]
[20151012,273]
[20151009,274]
[20151008,268]
[20150930,270]
[20150929,273]
