[20210830,17606]
[20210827,17569]
[20210826,17594]
[20210825,17490]
[20210824,17841]
[20210823,17759]
[20210820,18265]
[20210819,18253]
[20210818,18370]
[20210817,18283]
[20210816,18023]
[20210813,17843]
[20210812,17826]
[20210811,17871]
[20210810,17812]
[20210809,17739]
[20210806,17575]
[20210805,17531]
[20210804,17466]
[20210803,17585]
[20210802,17615]
[20210730,17894]
[20210729,17870]
[20210728,17777]
[20210727,17715]
[20210726,17456]
[20210723,17428]
[20210722,17214]
[20210721,17018]
[20210720,16981]
[20210719,17142]
[20210716,17111]
[20210715,17141]
[20210714,17018]
[20210713,16800]
[20210712,16740]
[20210709,16672]
[20210708,16745]
[20210707,16869]
[20210706,16806]
[20210705,16662]
[20210702,16360]
[20210701,16332]
[20210630,16298]
[20210629,16293]
[20210628,16270]
[20210625,16216]
[20210624,16103]
[20210623,15968]
[20210622,15758]
[20210621,15780]
[20210618,15905]
[20210617,15953]
[20210616,16006]
[20210615,16306]
[20210611,16336]
[20210610,16285]
[20210609,16272]
[20210608,16094]
[20210607,16162]
[20210604,16150]
[20210603,16057]
[20210602,15924]
[20210601,15777]
[20210531,15705]
[20210528,15671]
[20210527,15804]
[20210526,16006]
[20210525,15981]
[20210524,16318]
[20210521,16228]
[20210520,15954]
[20210519,16057]
[20210518,15979]
[20210517,15964]
[20210514,16088]
[20210513,16586]
[20210512,16397]
[20210511,16372]
[20210510,16270]
[20210507,16276]
[20210506,16028]
[20210430,16118]
[20210429,16169]
[20210428,16159]
[20210427,16027]
[20210426,16115]
[20210423,16064]
[20210422,15781]
[20210421,15713]
[20210420,15621]
[20210419,15685]
[20210416,15654]
[20210415,15394]
[20210414,15176]
[20210413,15354]
[20210412,15486]
[20210409,15419]
[20210408,15491]
[20210407,15573]
[20210406,15448]
[20210402,15278]
[20210401,15233]
[20210331,15369]
[20210330,15298]
[20210329,15217]
[20210326,15373]
[20210325,15410]
[20210324,15839]
[20210323,15818]
[20210322,15784]
[20210319,16156]
[20210318,16300]
[20210317,16133]
[20210316,16210]
[20210315,16389]
[20210312,16419]
[20210311,16235]
[20210310,16337]
[20210309,16618]
[20210308,16684]
[20210305,16595]
[20210304,16931]
[20210303,16964]
[20210302,17206]
[20210301,16951]
[20210226,17320]
[20210225,17217]
[20210224,16889]
[20210223,17010]
[20210222,16851]
[20210219,16558]
[20210218,16561]
[20210210,16343]
[20210209,16102]
[20210208,16109]
[20210205,15998]
[20210204,15650]
[20210203,15431]
[20210202,15583]
[20210201,15490]
[20210129,15418]
[20210128,15618]
[20210127,15468]
[20210126,15645]
[20210125,15730]
[20210122,15780]
[20210121,15714]
[20210120,15762]
[20210119,15810]
[20210118,15616]
[20210115,15505]
[20210114,15857]
[20210113,15851]
[20210112,15625]
[20210111,15931]
[20210108,16056]
[20210107,15970]
[20210106,15820]
[20210105,15921]
[20210104,15772]
[20201231,15611]
[20201230,15456]
[20201229,15378]
[20201228,15436]
[20201225,15359]
[20201224,15221]
[20201223,15039]
[20201222,15617]
[20201221,15517]
[20201218,15376]
[20201217,15302]
[20201216,15310]
[20201215,15378]
[20201214,15319]
[20201211,15139]
[20201210,15027]
[20201209,15056]
[20201208,15137]
[20201207,15001]
[20201204,15011]
[20201203,14931]
[20201202,15043]
[20201201,15144]
[20201130,15123]
[20201127,14997]
[20201126,14996]
[20201125,15154]
[20201124,15006]
[20201123,14857]
[20201120,14956]
[20201119,14741]
[20201118,14706]
[20201117,14831]
[20201116,14766]
[20201113,14854]
[20201112,14932]
[20201111,14835]
[20201110,14790]
[20201109,14645]
[20201106,14929]
[20201105,15063]
[20201104,14950]
[20201103,14937]
[20201102,15125]
[20201030,15067]
[20201029,15260]
[20201028,15112]
[20201027,15083]
[20201026,15029]
[20201023,15182]
[20201022,15222]
[20201021,15425]
[20201020,15532]
[20201019,15501]
[20201016,15117]
[20201015,14896]
[20201014,14655]
[20201013,14515]
[20201012,14183]
[20201009,13722]
[20200930,13497]
[20200929,13334]
[20200928,13243]
[20200925,13292]
[20200924,13370]
[20200923,13491]
[20200922,13505]
[20200921,13409]
[20200918,13310]
[20200917,13317]
[20200916,13332]
[20200915,13230]
[20200914,13134]
[20200911,13100]
[20200910,13015]
[20200909,13484]
[20200908,13463]
[20200907,13419]
[20200904,13542]
[20200903,13653]
[20200902,13674]
[20200901,13648]
[20200831,13633]
[20200828,13529]
[20200827,13512]
[20200826,13484]
[20200825,13468]
[20200824,13453]
[20200821,13388]
[20200820,13341]
[20200819,13411]
[20200818,13430]
[20200817,13367]
[20200814,13303]
[20200813,13413]
[20200812,13353]
[20200811,13263]
[20200810,13462]
[20200807,13488]
[20200806,13256]
[20200805,13170]
[20200804,13237]
[20200803,13180]
[20200731,13161]
[20200730,13169]
[20200729,13116]
[20200728,13081]
[20200727,13118]
[20200724,13179]
[20200723,13295]
[20200722,13382]
[20200721,13128]
[20200720,13048]
[20200717,13115]
[20200716,13191]
[20200715,13152]
[20200714,13247]
[20200713,13235]
[20200710,13238]
[20200709,13136]
[20200708,13058]
[20200707,13136]
[20200706,13068]
[20200703,13002]
[20200702,12956]
[20200701,12802]
[20200630,12774]
[20200629,12841]
[20200624,12760]
[20200623,12834]
[20200622,13010]
[20200619,12993]
[20200618,12935]
[20200617,12919]
[20200616,12827]
[20200615,12930]
[20200612,13074]
[20200611,13122]
[20200610,13205]
[20200609,13111]
[20200608,13114]
[20200605,13013]
[20200604,12873]
[20200603,12833]
[20200602,12869]
[20200601,12632]
[20200529,12629]
[20200528,12677]
[20200527,12704]
[20200526,12693]
[20200525,12643]
[20200522,12874]
[20200521,12887]
[20200520,12901]
[20200519,12793]
[20200518,12753]
[20200515,12619]
[20200514,12616]
[20200513,12596]
[20200512,12721]
[20200511,12735]
[20200508,12723]
[20200507,12514]
[20200506,12732]
[20200430,12634]
[20200429,12448]
[20200428,12418]
[20200427,12602]
[20200424,12633]
[20200423,12340]
[20200422,12169]
[20200421,12547]
[20200420,12459]
[20200417,12357]
[20200416,12470]
[20200415,12469]
[20200414,12463]
[20200413,12578]
[20200410,12639]
[20200409,12555]
[20200408,12490]
[20200407,11878]
[20200403,12033]
[20200402,12051]
[20200401,12036]
[20200331,11960]
[20200330,11933]
[20200327,12235]
[20200326,12345]
[20200325,11891]
[20200324,11874]
[20200323,12635]
[20200320,12616]
[20200319,13217]
[20200318,13223]
[20200317,13156]
[20200316,13256]
[20200313,13977]
[20200312,14104]
[20200311,14296]
[20200310,14245]
[20200309,14628]
[20200306,14570]
[20200305,14592]
[20200304,14392]
[20200303,14283]
[20200302,14286]
[20200228,14503]
[20200227,14609]
[20200226,14961]
[20200225,14866]
[20200224,15246]
[20200221,15339]
[20200220,15245]
[20200219,15284]
[20200218,15535]
[20200217,15387]
[20200214,15138]
[20200213,15050]
[20200212,15092]
[20200211,15137]
[20200210,15176]
[20200207,15042]
[20200206,15057]
[20200205,14865]
[20200204,14906]
[20200203,14749]
[20200123,15769]
[20200122,15873]
[20200121,16084]
[20200120,16154]
[20200117,16158]
[20200116,16134]
[20200115,16274]
[20200114,16589]
[20200113,16506]
[20200110,16414]
[20200109,16404]
[20200108,16349]
[20200107,16289]
[20200106,16175]
[20200103,16086]
[20200102,16277]
[20191231,16061]
[20191230,15908]
[20191227,15559]
[20191226,15346]
[20191225,15390]
[20191224,15364]
[20191223,15420]
[20191220,15399]
[20191219,15341]
[20191218,15398]
[20191217,15341]
[20191216,15369]
[20191213,15370]
[20191212,15273]
[20191211,15221]
[20191210,15205]
[20191209,15289]
[20191206,15114]
[20191205,14872]
[20191204,14951]
[20191203,15048]
[20191202,15211]
[20191129,15220]
[20191128,15301]
[20191127,15338]
[20191126,15290]
[20191125,15223]
[20191122,15169]
[20191121,15396]
[20191120,15338]
[20191119,15521]
[20191118,15552]
[20191115,15489]
[20191114,15534]
[20191113,15441]
[20191112,15289]
[20191111,15475]
[20191108,15406]
[20191107,15576]
[20191106,15640]
[20191105,15555]
[20191104,15605]
[20191101,15650]
[20191031,15644]
[20191030,15533]
[20191029,15340]
[20191028,15353]
[20191025,15190]
[20191024,15245]
[20191023,15201]
[20191022,15109]
[20191021,15224]
[20191018,15130]
[20191017,15039]
[20191016,15070]
[20191015,15216]
[20191014,15030]
[20191011,14765]
[20191010,14729]
[20191009,14641]
[20191008,14455]
[20190930,14475]
[20190927,14863]
[20190926,15007]
[20190925,15049]
[20190924,15319]
[20190923,15451]
[20190920,15390]
[20190919,15411]
[20190918,15573]
[20190917,15594]
[20190916,15726]
[20190912,15590]
[20190911,15461]
[20190910,15420]
[20190909,15422]
[20190906,15399]
[20190905,15096]
[20190904,14991]
[20190903,14865]
[20190902,14984]
[20190830,14826]
[20190829,14917]
[20190828,14786]
[20190827,14627]
[20190826,15133]
[20190823,15334]
[20190822,15183]
[20190821,15309]
[20190820,15331]
[20190819,15306]
[20190816,15296]
[20190815,15405]
[20190814,15352]
[20190813,15242]
[20190812,15162]
[20190809,15217]
[20190808,15225]
[20190807,15242]
[20190806,15240]
[20190805,15768]
[20190802,16242]
[20190801,16371]
[20190731,16390]
[20190730,16312]
[20190729,16622]
[20190726,16491]
[20190725,16502]
[20190724,16302]
[20190723,16455]
[20190722,16386]
[20190719,16219]
[20190718,16274]
[20190717,16267]
[20190716,16372]
[20190715,16404]
[20190712,16352]
[20190711,16343]
[20190710,16414]
[20190709,17068]
[20190708,17276]
[20190705,17173]
[20190704,17151]
[20190703,17414]
[20190702,17573]
[20190701,17522]
[20190628,17124]
[20190627,17330]
[20190626,17132]
[20190625,16896]
[20190624,16991]
[20190621,17305]
[20190620,17170]
[20190619,17006]
[20190618,16737]
[20190617,16820]
[20190614,16782]
[20190613,16919]
[20190612,16645]
[20190611,16371]
[20190610,16221]
[20190606,16367]
[20190605,16451]
[20190604,16357]
[20190603,16769]
[20190531,16807]
[20190530,17020]
[20190529,17057]
[20190528,16948]
[20190527,16869]
[20190524,16681]
[20190523,16735]
[20190522,17324]
[20190521,17430]
[20190520,17516]
[20190517,17765]
[20190516,17697]
[20190515,17380]
[20190514,18153]
[20190513,18932]
[20190510,18978]
[20190509,19222]
[20190508,19404]
[20190507,19277]
[20190506,19194]
[20190430,19281]
[20190429,19475]
[20190426,19506]
[20190425,19624]
[20190424,19782]
[20190423,19794]
[20190422,19804]
[20190419,19751]
[20190418,19825]
[20190417,19887]
[20190416,20089]
[20190415,20042]
[20190412,19803]
[20190411,19810]
[20190410,19727]
[20190409,19629]
[20190408,19640]
[20190404,19546]
[20190403,19458]
[20190402,19412]
[20190401,19395]
[20190329,19348]
[20190328,19476]
[20190327,19567]
[20190326,19578]
[20190325,19716]
[20190322,19709]
[20190321,19726]
[20190320,19613]
[20190319,19633]
[20190318,19575]
[20190315,19593]
[20190314,19655]
[20190313,19584]
[20190312,19521]
[20190311,19573]
[20190308,19820]
[20190307,19696]
[20190306,19627]
[20190305,19707]
[20190304,19721]
[20190301,19619]
[20190228,19524]
[20190227,19576]
[20190226,19738]
[20190225,20027]
[20190222,19694]
[20190221,19769]
[20190220,19719]
[20190219,19495]
[20190218,19352]
[20190215,19335]
[20190214,19307]
[20190213,19516]
[20190212,19665]
[20190211,19608]
[20190201,19696]
[20190131,19691]
[20190130,19642]
[20190129,19608]
[20190128,19638]
[20190125,19536]
[20190124,19458]
[20190123,19477]
[20190122,19740]
[20190121,19750]
[20190118,19676]
[20190117,19509]
[20190116,19452]
[20190115,19483]
[20190114,19463]
[20190111,19525]
[20190110,19497]
[20190109,19363]
[20190108,19351]
[20190107,19242]
[20190104,19140]
[20190103,19135]
[20190102,19152]
[20181228,19075]
[20181227,19038]
[20181226,18979]
[20181225,19319]
[20181224,19500]
[20181221,19593]
[20181220,19609]
[20181219,19567]
[20181218,19742]
[20181217,19771]
[20181214,19689]
[20181213,19788]
[20181212,19785]
[20181211,19664]
[20181210,19632]
[20181207,19517]
[20181206,19574]
[20181205,19552]
[20181204,19651]
[20181203,19672]
[20181130,19397]
[20181129,19412]
[20181128,19226]
[20181127,19302]
[20181126,19490]
[20181123,19585]
[20181122,19785]
[20181121,19771]
[20181120,19927]
[20181119,20045]
[20181116,20106]
[20181115,19988]
[20181114,19884]
[20181113,19898]
[20181112,20177]
[20181109,20079]
[20181108,19975]
[20181107,20061]
[20181106,20194]
[20181105,20252]
[20181102,20146]
[20181101,19961]
[20181031,19946]
[20181030,19889]
[20181029,20161]
[20181026,20290]
[20181025,20599]
[20181024,20569]
[20181023,20508]
[20181022,20428]
[20181019,20542]
[20181018,20754]
[20181017,20696]
[20181016,20921]
[20181015,20895]
[20181012,20691]
[20181011,20721]
[20181010,20859]
[20181009,20946]
[20181008,20824]
[20180928,20963]
[20180927,21471]
[20180926,21463]
[20180925,21534]
[20180921,21683]
[20180920,21484]
[20180919,22034]
[20180918,22121]
[20180917,22152]
[20180914,22248]
[20180913,22266]
[20180912,22208]
[20180911,22267]
[20180910,22184]
[20180907,22251]
[20180906,22342]
[20180905,22340]
[20180904,22602]
[20180903,22497]
[20180831,22511]
[20180830,22439]
[20180829,22716]
[20180828,22902]
[20180827,22772]
[20180824,22492]
[20180823,22659]
[20180822,22730]
[20180821,22553]
[20180820,22357]
[20180817,22275]
[20180816,22343]
[20180815,22623]
[20180814,22788]
[20180813,23146]
[20180810,23136]
[20180809,23323]
[20180808,23195]
[20180807,23234]
[20180806,22839]
[20180803,22747]
[20180802,22739]
[20180801,22963]
[20180731,22820]
[20180730,22404]
[20180727,22489]
[20180726,22571]
[20180725,22549]
[20180724,22202]
[20180723,22346]
[20180720,22459]
[20180719,22348]
[20180718,22355]
[20180717,22604]
[20180716,22492]
[20180713,22570]
[20180712,22275]
[20180711,22111]
[20180710,22180]
[20180709,22015]
[20180706,21715]
[20180705,22045]
[20180704,22362]
[20180703,22386]
[20180702,22512]
[20180629,22414]
[20180628,22521]
[20180627,22568]
[20180626,22750]
[20180625,22873]
[20180622,22662]
[20180621,22685]
[20180620,22667]
[20180619,23208]
[20180615,23469]
[20180614,24186]
[20180613,24145]
[20180612,23839]
[20180611,23789]
[20180608,23810]
[20180607,23710]
[20180606,24169]
[20180605,24554]
[20180604,25097]
[20180601,25067]
[20180531,25342]
[20180530,25106]
[20180529,24401]
[20180528,24016]
[20180525,23898]
[20180524,23524]
[20180523,23874]
[20180522,24200]
[20180521,23821]
[20180518,23295]
[20180517,22851]
[20180516,22509]
[20180515,22112]
[20180514,22103]
[20180511,22115]
[20180510,22043]
[20180509,22127]
[20180508,22141]
[20180507,22092]
[20180504,21921]
[20180503,21822]
[20180502,21760]
[20180427,21674]
[20180426,21598]
[20180425,21706]
[20180424,21755]
[20180423,21637]
[20180420,21722]
[20180419,21611]
[20180418,21635]
[20180417,21668]
[20180416,21679]
[20180413,21579]
[20180412,21593]
[20180411,21590]
[20180410,21502]
[20180409,21488]
[20180404,21478]
[20180403,21487]
[20180402,21575]
[20180330,21470]
[20180329,21524]
[20180328,21767]
[20180327,21822]
[20180326,21736]
[20180323,21884]
[20180322,21829]
[20180321,21797]
[20180320,21704]
[20180319,21737]
[20180316,21826]
[20180315,21822]
[20180314,21899]
[20180313,21939]
[20180312,22151]
[20180309,22054]
[20180308,22117]
[20180307,22441]
[20180306,22410]
[20180305,22232]
[20180302,22163]
[20180301,22175]
[20180228,22105]
[20180227,22179]
[20180226,22062]
[20180223,21848]
[20180222,21830]
[20180214,21762]
[20180213,21659]
[20180212,21663]
[20180209,21767]
[20180208,21903]
[20180207,21944]
[20180206,21958]
[20180205,22110]
[20180202,22080]
[20180201,22159]
[20180131,22195]
[20180130,22398]
[20180129,22563]
[20180126,22631]
[20180125,22611]
[20180124,22668]
[20180123,22645]
[20180122,22410]
[20180119,22561]
[20180118,22311]
[20180117,22177]
[20180116,22236]
[20180115,22453]
[20180112,22392]
[20180111,22194]
[20180110,22173]
[20180109,22097]
[20180108,22061]
[20180105,21961]
[20180104,21770]
[20180103,21878]
[20180102,21787]
[20171229,21854]
[20171228,21845]
[20171227,21767]
[20171226,21786]
[20171225,21707]
[20171222,21640]
[20171221,21578]
[20171220,21656]
[20171219,22004]
[20171218,21894]
[20171215,21823]
[20171214,21885]
[20171213,21928]
[20171212,22012]
[20171211,22517]
[20171208,22324]
[20171207,22384]
[20171206,22392]
[20171205,22470]
[20171204,22467]
[20171201,22298]
[20171130,22107]
[20171129,22084]
[20171128,22026]
[20171127,21890]
[20171124,21818]
[20171123,21877]
[20171122,21936]
[20171121,21964]
[20171120,22112]
[20171117,22114]
[20171116,22115]
[20171115,22270]
[20171114,22362]
[20171113,22408]
[20171110,22304]
[20171109,22316]
[20171108,22424]
[20171107,22329]
[20171106,22313]
[20171103,22217]
[20171102,22073]
[20171101,22063]
[20171031,22003]
[20171030,22026]
[20171027,22097]
[20171026,22140]
[20171025,22106]
[20171024,22017]
[20171023,22004]
[20171020,22097]
[20171019,22286]
[20171018,22364]
[20171017,22394]
[20171016,22286]
[20171013,22162]
[20171012,22235]
[20171011,22195]
[20171010,22225]
[20171009,22130]
[20170929,22232]
[20170928,22538]
[20170927,22950]
[20170926,22874]
[20170925,22686]
[20170922,22725]
[20170921,22980]
[20170920,22784]
[20170919,22553]
[20170918,22491]
[20170915,22589]
[20170914,22781]
[20170913,23029]
[20170912,23084]
[20170911,23052]
[20170908,23280]
[20170907,23321]
[20170906,23386]
[20170905,23218]
[20170904,22980]
[20170901,22523]
[20170831,22373]
[20170830,22470]
[20170829,22551]
[20170828,22502]
[20170825,22490]
[20170824,22520]
[20170823,22565]
[20170822,22560]
[20170821,22488]
[20170818,22420]
[20170817,22344]
[20170816,22430]
[20170815,22605]
[20170814,22656]
[20170811,22671]
[20170810,22633]
[20170809,22514]
[20170808,22423]
[20170807,22210]
[20170804,22180]
[20170803,22239]
[20170802,22105]
[20170801,21969]
[20170731,21667]
[20170728,22101]
[20170727,22098]
[20170726,22299]
[20170725,22359]
[20170724,22440]
[20170721,23129]
[20170720,23174]
[20170719,23167]
[20170718,23059]
[20170717,22804]
[20170714,22519]
[20170713,22463]
[20170712,22365]
[20170711,22495]
[20170710,22462]
[20170707,22132]
[20170706,22204]
[20170705,22265]
[20170704,22303]
[20170703,22225]
[20170630,22019]
[20170629,22038]
[20170628,22472]
[20170627,22756]
[20170626,22702]
[20170623,22537]
[20170622,22553]
[20170621,22534]
[20170620,22599]
[20170619,22455]
[20170616,22636]
[20170615,22663]
[20170614,22571]
[20170613,22702]
[20170612,23174]
[20170609,23259]
[20170608,23046]
[20170607,22781]
[20170606,22741]
[20170605,22808]
[20170602,22838]
[20170601,22945]
[20170531,23276]
[20170526,23472]
[20170525,23590]
[20170524,23507]
[20170523,23254]
[20170522,23616]
[20170519,23544]
[20170518,23883]
[20170517,24011]
[20170516,24059]
[20170515,23674]
[20170512,23201]
[20170511,23018]
[20170510,23093]
[20170509,23081]
[20170508,23452]
[20170505,23986]
[20170504,23994]
[20170503,23869]
[20170502,23730]
[20170428,23935]
[20170427,23963]
[20170426,23729]
[20170425,23747]
[20170424,23934]
[20170421,23846]
[20170420,23636]
[20170419,23513]
[20170418,23430]
[20170417,23362]
[20170414,23489]
[20170413,23301]
[20170412,23152]
[20170411,23272]
[20170410,23133]
[20170407,22830]
[20170406,23048]
[20170405,22851]
[20170331,22822]
[20170330,22993]
[20170329,23053]
[20170328,23143]
[20170327,23396]
[20170324,23518]
[20170323,23264]
[20170322,23085]
[20170321,23279]
[20170320,23348]
[20170317,23504]
[20170316,23455]
[20170315,23436]
[20170314,23755]
[20170313,23775]
[20170310,23828]
[20170309,24119]
[20170308,25019]
[20170307,25164]
[20170306,24845]
[20170303,24440]
[20170302,24535]
[20170301,24413]
[20170228,24356]
[20170227,24361]
[20170224,24072]
[20170223,23797]
[20170222,24010]
[20170221,24071]
[20170220,23778]
[20170217,23994]
[20170216,24310]
[20170215,24447]
[20170214,24445]
[20170213,24377]
[20170210,24292]
[20170209,24308]
[20170208,24457]
[20170207,24677]
[20170206,24742]
[20170203,24318]
[20170126,24215]
[20170125,24084]
[20170124,23971]
[20170123,23526]
[20170120,23463]
[20170119,23293]
[20170118,23265]
[20170117,23227]
[20170116,23190]
[20170113,23477]
[20170112,23612]
[20170111,23695]
[20170110,23577]
[20170109,23410]
[20170106,23463]
[20170105,23382]
[20170104,23151]
[20170103,23322]
[20161230,23003]
[20161229,22831]
[20161228,22940]
[20161227,22783]
[20161226,23245]
[20161223,23350]
[20161222,23333]
[20161221,22990]
[20161220,23657]
[20161219,24135]
[20161216,24287]
[20161215,24228]
[20161214,24765]
[20161213,24506]
[20161212,24397]
[20161209,24071]
[20161208,24393]
[20161207,24197]
[20161206,24159]
[20161205,24008]
[20161202,24317]
[20161201,24533]
[20161130,24542]
[20161129,24834]
[20161128,24543]
[20161125,24796]
[20161124,24948]
[20161123,25125]
[20161122,25267]
[20161121,25215]
[20161118,24908]
[20161117,24844]
[20161116,24208]
[20161115,23820]
[20161114,24827]
[20161111,24619]
[20161110,23816]
[20161109,23503]
[20161108,23617]
[20161107,23583]
[20161104,23527]
[20161103,23285]
[20161102,23352]
[20161101,23663]
[20161031,23630]
[20161028,23669]
[20161027,23349]
[20161026,23294]
[20161025,23100]
[20161024,22918]
[20161021,23162]
[20161020,23055]
[20161019,23228]
[20161018,23421]
[20161017,23590]
[20161014,23234]
[20161013,23528]
[20161012,23773]
[20161011,24165]
[20161010,24107]
[20160930,23876]
[20160929,23614]
[20160928,23914]
[20160927,23985]
[20160926,23557]
[20160923,23049]
[20160922,23132]
[20160921,23072]
[20160920,22876]
[20160919,22517]
[20160914,22242]
[20160913,21608]
[20160912,21836]
[20160909,21887]
[20160908,21754]
[20160907,21908]
[20160906,21640]
[20160905,21354]
[20160902,21315]
[20160901,21027]
[20160831,21372]
[20160830,21389]
[20160829,21563]
[20160826,21599]
[20160825,22519]
[20160824,22539]
[20160823,22529]
[20160822,22616]
[20160819,22901]
[20160818,22873]
[20160817,22775]
[20160816,22705]
[20160815,22625]
[20160812,22829]
[20160811,22789]
[20160810,22709]
[20160809,22776]
[20160808,23395]
[20160805,23117]
[20160804,22445]
[20160803,22710]
[20160802,22828]
[20160801,22726]
[20160729,23003]
[20160728,24200]
[20160727,24146]
[20160726,23709]
[20160725,23566]
[20160722,23961]
[20160721,23892]
[20160720,24191]
[20160719,24366]
[20160718,24660]
[20160715,24593]
[20160714,24317]
[20160713,24159]
[20160712,23421]
[20160711,22630]
[20160708,22923]
[20160707,23332]
[20160706,22977]
[20160705,23659]
[20160704,23271]
[20160701,22712]
[20160630,22633]
[20160629,22182]
[20160628,21640]
[20160627,20986]
[20160624,20968]
[20160623,20805]
[20160622,20504]
[20160621,20969]
[20160620,21033]
[20160617,20704]
[20160616,20118]
[20160615,20082]
[20160614,20371]
[20160613,20498]
[20160608,20300]
[20160607,20048]
[20160606,19551]
[20160603,19705]
[20160602,19755]
[20160601,20119]
[20160531,20778]
[20160530,20686]
[20160527,20454]
[20160526,19891]
[20160525,19491]
[20160524,19375]
[20160523,19899]
[20160520,19943]
[20160519,19675]
[20160518,19676]
[20160517,19296]
[20160516,19295]
[20160513,19585]
[20160512,19537]
[20160511,19132]
[20160510,19020]
[20160509,19238]
[20160506,19584]
[20160505,19542]
[20160504,19906]
[20160503,19962]
[20160429,19581]
[20160428,19978]
[20160427,20172]
[20160426,20206]
[20160425,20315]
[20160422,20944]
[20160421,18945]
[20160420,19320]
[20160419,18380]
[20160418,17958]
[20160415,18056]
[20160414,17813]
[20160413,17250]
[20160412,16842]
[20160411,16492]
[20160408,16192]
[20160407,16269]
[20160406,16194]
[20160405,16044]
[20160401,15944]
[20160331,16047]
[20160330,15974]
[20160329,16125]
[20160328,16246]
[20160325,16160]
[20160324,16407]
[20160323,16433]
[20160322,16423]
[20160321,16210]
[20160318,16110]
[20160317,15879]
[20160316,15750]
[20160315,15875]
[20160314,15842]
[20160311,15890]
[20160310,16028]
[20160309,16214]
[20160308,16382]
[20160307,16264]
[20160304,15905]
[20160303,15803]
[20160302,15669]
[20160301,15581]
[20160229,15694]
[20160226,15837]
[20160225,16116]
[20160224,16350]
[20160223,16387]
[20160222,16421]
[20160219,16484]
[20160218,16458]
[20160217,16396]
[20160216,16297]
[20160215,16259]
[20160205,16642]
[20160204,16721]
[20160203,16967]
[20160202,16962]
[20160201,17062]
[20160129,17104]
[20160128,17178]
[20160127,17129]
[20160126,17122]
[20160125,17151]
[20160122,17092]
[20160121,17059]
[20160120,17007]
[20160119,16851]
[20160118,16823]
[20160115,16957]
[20160114,16964]
[20160113,16956]
[20160112,16917]
[20160111,16970]
[20160108,17055]
[20160107,16999]
[20160106,16918]
[20160105,16916]
[20160104,17083]
[20151231,17083]
[20151230,17192]
[20151229,17202]
[20151228,17215]
[20151225,17129]
[20151224,17064]
[20151223,17228]
[20151222,17234]
[20151221,17202]
[20151218,17108]
[20151217,17177]
[20151216,17159]
[20151215,17122]
[20151214,17172]
[20151211,17082]
[20151210,17203]
[20151209,17210]
[20151208,17458]
[20151207,17341]
[20151204,17348]
[20151203,17564]
[20151202,17549]
[20151201,17563]
[20151130,17485]
[20151127,17691]
[20151126,17752]
[20151125,17793]
[20151124,17744]
[20151123,17874]
[20151120,17826]
[20151119,17950]
[20151118,17988]
[20151117,17862]
[20151116,17793]
[20151113,17780]
[20151112,17607]
[20151111,17679]
[20151110,17617]
[20151109,17485]
[20151106,17522]
[20151105,17648]
[20151104,17628]
[20151103,17724]
[20151102,17665]
[20151030,17606]
[20151029,17547]
[20151028,17630]
[20151027,17564]
[20151026,17517]
[20151023,17526]
[20151022,17454]
[20151021,17317]
[20151020,17297]
[20151019,17370]
[20151016,17506]
[20151015,17781]
[20151014,17774]
[20151013,17720]
[20151012,17759]
[20151009,17794]
[20151008,17873]
[20150930,17855]
[20150929,17731]
