[20210830,69598]
[20210827,68545]
[20210826,69068]
[20210825,68593]
[20210824,67546]
[20210823,67446]
[20210820,66585]
[20210819,68534]
[20210818,69414]
[20210817,69414]
[20210816,69984]
[20210813,70213]
[20210812,69807]
[20210811,69622]
[20210810,69753]
[20210809,70028]
[20210806,69498]
[20210805,69856]
[20210804,70261]
[20210803,71287]
[20210802,71541]
[20210730,71403]
[20210729,71624]
[20210728,71483]
[20210727,71339]
[20210726,69732]
[20210723,69008]
[20210722,67966]
[20210721,68160]
[20210720,68877]
[20210719,69182]
[20210716,68832]
[20210715,68672]
[20210714,69113]
[20210713,69014]
[20210712,68675]
[20210709,68776]
[20210708,68910]
[20210707,69963]
[20210706,69705]
[20210705,68716]
[20210702,68079]
[20210701,68369]
[20210630,68163]
[20210629,68481]
[20210628,68564]
[20210625,68463]
[20210624,68724]
[20210623,67936]
[20210622,66930]
[20210621,67242]
[20210618,68762]
[20210617,68813]
[20210616,70289]
[20210615,71796]
[20210611,71567]
[20210610,71682]
[20210609,72132]
[20210608,71586]
[20210607,70887]
[20210604,72981]
[20210603,73678]
[20210602,74681]
[20210601,74002]
[20210531,74107]
[20210528,73221]
[20210527,71836]
[20210526,72296]
[20210525,72226]
[20210524,72123]
[20210521,73667]
[20210520,74264]
[20210519,76317]
[20210518,75780]
[20210517,75153]
[20210514,76102]
[20210513,77178]
[20210512,76527]
[20210511,77992]
[20210510,76661]
[20210507,74110]
[20210506,72652]
[20210430,72493]
[20210429,71983]
[20210428,72642]
[20210427,72016]
[20210426,70288]
[20210423,69313]
[20210422,69138]
[20210421,69588]
[20210420,69878]
[20210419,68647]
[20210416,68799]
[20210415,67125]
[20210414,66137]
[20210413,65906]
[20210412,66991]
[20210409,67065]
[20210408,67196]
[20210407,67286]
[20210406,67349]
[20210402,66293]
[20210401,65852]
[20210331,66152]
[20210330,66592]
[20210329,66512]
[20210326,66232]
[20210325,66661]
[20210324,67288]
[20210323,67013]
[20210322,66464]
[20210319,67042]
[20210318,67424]
[20210317,67044]
[20210316,67784]
[20210315,67718]
[20210312,67572]
[20210311,66530]
[20210310,66352]
[20210309,66561]
[20210308,66600]
[20210305,67226]
[20210304,68222]
[20210303,67139]
[20210302,67771]
[20210301,68073]
[20210226,70396]
[20210225,69463]
[20210224,68242]
[20210223,67977]
[20210222,66174]
[20210219,64210]
[20210218,62954]
[20210210,61502]
[20210209,60545]
[20210208,59705]
[20210205,59240]
[20210204,58362]
[20210203,58530]
[20210202,59164]
[20210201,58759]
[20210129,59340]
[20210128,59933]
[20210127,59837]
[20210126,60371]
[20210125,60564]
[20210122,60637]
[20210121,60540]
[20210120,60227]
[20210119,60583]
[20210118,60222]
[20210115,60441]
[20210114,60174]
[20210113,60049]
[20210112,59910]
[20210111,61680]
[20210108,61549]
[20210107,60378]
[20210106,60057]
[20210105,59558]
[20210104,59323]
[20201231,59831]
[20201230,59588]
[20201229,60137]
[20201228,60238]
[20201225,59769]
[20201224,59354]
[20201223,59243]
[20201222,60657]
[20201221,60761]
[20201218,60446]
[20201217,59475]
[20201216,59227]
[20201215,59301]
[20201214,59288]
[20201211,59805]
[20201210,58656]
[20201209,58551]
[20201208,58468]
[20201207,59016]
[20201204,58213]
[20201203,58672]
[20201202,58468]
[20201201,59005]
[20201130,58348]
[20201127,57125]
[20201126,56319]
[20201125,56097]
[20201124,55769]
[20201123,54677]
[20201120,54332]
[20201119,54354]
[20201118,54207]
[20201117,55080]
[20201116,54439]
[20201113,53228]
[20201112,53362]
[20201111,53142]
[20201110,53180]
[20201109,52790]
[20201106,52821]
[20201105,53038]
[20201104,53165]
[20201103,52702]
[20201102,52289]
[20201030,52834]
[20201029,53271]
[20201028,53043]
[20201027,53219]
[20201026,53350]
[20201023,53760]
[20201022,53651]
[20201021,53020]
[20201020,52653]
[20201019,52946]
[20201016,52948]
[20201015,53025]
[20201014,52841]
[20201013,53008]
[20201012,52931]
[20201009,52416]
[20200930,52636]
[20200929,52703]
[20200928,52629]
[20200925,52154]
[20200924,52789]
[20200923,53302]
[20200922,53702]
[20200921,54104]
[20200918,53209]
[20200917,53213]
[20200916,53671]
[20200915,53634]
[20200914,53313]
[20200911,53129]
[20200910,53349]
[20200909,54046]
[20200908,53760]
[20200907,53416]
[20200904,53199]
[20200903,53577]
[20200902,54480]
[20200901,53970]
[20200831,53542]
[20200828,52989]
[20200827,52941]
[20200826,52638]
[20200825,53039]
[20200824,53391]
[20200821,53538]
[20200820,53743]
[20200819,52932]
[20200818,52581]
[20200817,51767]
[20200814,51990]
[20200813,51648]
[20200812,51845]
[20200811,51772]
[20200810,52877]
[20200807,53020]
[20200806,53143]
[20200805,53217]
[20200804,52811]
[20200803,53414]
[20200731,53241]
[20200730,53583]
[20200729,53357]
[20200728,53589]
[20200727,53069]
[20200724,53641]
[20200723,54053]
[20200722,53839]
[20200721,53367]
[20200720,53041]
[20200717,52546]
[20200716,53700]
[20200715,53780]
[20200714,54495]
[20200713,53295]
[20200710,52185]
[20200709,51710]
[20200708,51148]
[20200707,50619]
[20200706,50450]
[20200703,50861]
[20200702,51089]
[20200701,50406]
[20200630,50017]
[20200629,49534]
[20200624,49250]
[20200623,48876]
[20200622,49066]
[20200619,48612]
[20200618,48032]
[20200617,48430]
[20200616,48030]
[20200615,48256]
[20200612,48323]
[20200611,48127]
[20200610,47872]
[20200609,47288]
[20200608,46625]
[20200605,46158]
[20200604,46042]
[20200603,45846]
[20200602,46016]
[20200601,45523]
[20200530,43936]
[20200529,43775]
[20200528,43670]
[20200527,43845]
[20200526,43630]
[20200525,43350]
[20200522,44115]
[20200521,44016]
[20200520,43696]
[20200519,43339]
[20200518,43086]
[20200515,43074]
[20200514,42860]
[20200513,42782]
[20200512,43253]
[20200511,43319]
[20200508,42912]
[20200507,42513]
[20200506,42918]
[20200430,42259]
[20200429,42048]
[20200428,42249]
[20200427,41651]
[20200424,41734]
[20200423,41227]
[20200422,41189]
[20200421,42103]
[20200420,42342]
[20200417,41812]
[20200416,41376]
[20200415,41555]
[20200414,41579]
[20200413,41380]
[20200410,40767]
[20200409,40110]
[20200408,40239]
[20200407,39919]
[20200403,39529]
[20200402,39121]
[20200401,38887]
[20200331,38587]
[20200330,38939]
[20200327,38595]
[20200326,39124]
[20200325,37971]
[20200324,36848]
[20200323,38566]
[20200320,37880]
[20200319,39721]
[20200318,42278]
[20200317,42303]
[20200316,43321]
[20200313,43044]
[20200312,43964]
[20200311,44404]
[20200310,43688]
[20200309,44720]
[20200306,45178]
[20200305,45119]
[20200304,45449]
[20200303,45543]
[20200302,44967]
[20200228,45737]
[20200227,45922]
[20200226,46243]
[20200225,46301]
[20200224,46277]
[20200221,46723]
[20200220,46699]
[20200219,46570]
[20200218,46789]
[20200217,46536]
[20200214,46175]
[20200213,45973]
[20200212,45981]
[20200211,45791]
[20200210,46096]
[20200207,46437]
[20200206,46134]
[20200205,45560]
[20200204,45130]
[20200203,48318]
[20200123,48781]
[20200122,48658]
[20200121,49356]
[20200120,49499]
[20200117,49430]
[20200116,49512]
[20200115,49635]
[20200114,49372]
[20200113,49326]
[20200110,49216]
[20200109,49149]
[20200108,49260]
[20200107,49064]
[20200106,49317]
[20200103,49608]
[20200102,49582]
[20191231,49894]
[20191230,50114]
[20191227,50076]
[20191226,50083]
[20191225,50021]
[20191224,49649]
[20191223,49397]
[20191220,49664]
[20191219,49447]
[20191218,49631]
[20191217,49547]
[20191216,49393]
[20191213,49591]
[20191212,49564]
[20191211,49214]
[20191210,49033]
[20191209,48321]
[20191206,47636]
[20191205,47408]
[20191204,47477]
[20191203,47724]
[20191202,47734]
[20191129,47762]
[20191128,47800]
[20191127,47563]
[20191126,47513]
[20191125,47280]
[20191122,47520]
[20191121,47458]
[20191120,47323]
[20191119,47389]
[20191118,47311]
[20191115,47448]
[20191114,47429]
[20191113,47680]
[20191112,47566]
[20191111,47764]
[20191108,47656]
[20191107,47713]
[20191106,47855]
[20191105,47549]
[20191104,47632]
[20191101,47865]
[20191031,48057]
[20191030,47887]
[20191029,47964]
[20191028,47974]
[20191025,47893]
[20191024,47645]
[20191023,47651]
[20191022,47547]
[20191021,47074]
[20191018,47184]
[20191017,47295]
[20191016,47490]
[20191015,47567]
[20191014,47456]
[20191011,47248]
[20191010,47168]
[20191009,47334]
[20191008,47836]
[20190930,47608]
[20190927,47690]
[20190926,47675]
[20190925,47690]
[20190924,47557]
[20190923,47701]
[20190920,47638]
[20190919,47885]
[20190918,47997]
[20190917,48138]
[20190916,48069]
[20190912,47898]
[20190911,48097]
[20190910,48016]
[20190909,48031]
[20190906,47571]
[20190905,47449]
[20190904,47280]
[20190903,47228]
[20190902,47313]
[20190830,47159]
[20190829,47211]
[20190828,46957]
[20190827,46659]
[20190826,46979]
[20190823,46883]
[20190822,47028]
[20190821,47203]
[20190820,47193]
[20190819,47217]
[20190816,47015]
[20190815,47155]
[20190814,47294]
[20190813,47332]
[20190812,47232]
[20190809,47051]
[20190808,46871]
[20190807,46803]
[20190806,46815]
[20190805,47041]
[20190802,47245]
[20190801,47353]
[20190731,47898]
[20190730,47632]
[20190729,47696]
[20190726,47666]
[20190725,47722]
[20190724,47954]
[20190723,48046]
[20190722,48623]
[20190719,46879]
[20190718,47519]
[20190717,47621]
[20190716,47547]
[20190715,47552]
[20190712,47241]
[20190711,46700]
[20190710,46764]
[20190709,47036]
[20190708,47005]
[20190705,47039]
[20190704,46953]
[20190703,47331]
[20190702,48088]
[20190701,47934]
[20190628,47860]
[20190627,47902]
[20190626,47946]
[20190625,47482]
[20190624,47634]
[20190621,47593]
[20190620,47535]
[20190619,47056]
[20190618,46963]
[20190617,47042]
[20190614,47077]
[20190613,47132]
[20190612,47610]
[20190611,47315]
[20190610,46830]
[20190606,47312]
[20190605,47204]
[20190604,46893]
[20190603,46952]
[20190531,47307]
[20190530,47582]
[20190529,47934]
[20190528,48090]
[20190527,48007]
[20190524,47657]
[20190523,47953]
[20190522,48503]
[20190521,48464]
[20190520,48442]
[20190517,48609]
[20190516,48685]
[20190515,48312]
[20190514,48465]
[20190513,48569]
[20190510,48317]
[20190509,48661]
[20190508,49135]
[20190507,49023]
[20190506,50104]
[20190430,49806]
[20190429,49830]
[20190426,50044]
[20190425,49912]
[20190424,50021]
[20190423,50211]
[20190422,50391]
[20190419,50493]
[20190418,50332]
[20190417,50431]
[20190416,50356]
[20190415,50147]
[20190412,50131]
[20190411,50451]
[20190410,50726]
[20190409,50407]
[20190408,50195]
[20190404,50217]
[20190403,50034]
[20190402,50038]
[20190401,49451]
[20190329,49071]
[20190328,48954]
[20190327,48880]
[20190326,48693]
[20190325,49459]
[20190322,49993]
[20190321,49844]
[20190320,49902]
[20190319,49926]
[20190318,49977]
[20190315,49802]
[20190314,49928]
[20190313,50013]
[20190312,49844]
[20190311,49781]
[20190308,49778]
[20190307,49966]
[20190306,50080]
[20190305,50461]
[20190304,50736]
[20190301,50455]
[20190228,50312]
[20190227,50391]
[20190226,50721]
[20190225,50126]
[20190222,49848]
[20190221,50034]
[20190220,49793]
[20190219,49411]
[20190218,48767]
[20190215,48691]
[20190214,48619]
[20190213,48470]
[20190212,48509]
[20190211,48915]
[20190201,48737]
[20190131,48482]
[20190130,48311]
[20190129,48163]
[20190128,48360]
[20190125,47969]
[20190124,48180]
[20190123,48141]
[20190122,48443]
[20190121,48623]
[20190118,48284]
[20190117,48023]
[20190116,47862]
[20190115,47553]
[20190114,47924]
[20190111,48145]
[20190110,48314]
[20190109,48094]
[20190108,48069]
[20190107,47911]
[20190104,47844]
[20190103,48328]
[20190102,48995]
[20181228,48899]
[20181227,48651]
[20181226,48589]
[20181225,48658]
[20181224,49009]
[20181221,48817]
[20181220,48664]
[20181219,49512]
[20181218,49813]
[20181217,49626]
[20181214,49912]
[20181213,49719]
[20181212,49724]
[20181211,49509]
[20181210,49783]
[20181207,49734]
[20181206,49935]
[20181205,50248]
[20181204,50848]
[20181203,50472]
[20181130,50196]
[20181129,50052]
[20181128,49465]
[20181127,49937]
[20181126,50016]
[20181123,50205]
[20181122,50018]
[20181121,50104]
[20181120,50392]
[20181119,50350]
[20181116,50129]
[20181115,49612]
[20181114,49662]
[20181113,49480]
[20181112,49790]
[20181109,50014]
[20181108,50098]
[20181107,50244]
[20181106,50400]
[20181105,50618]
[20181102,49868]
[20181101,49578]
[20181031,50279]
[20181030,50342]
[20181029,50515]
[20181026,50462]
[20181025,50875]
[20181024,50913]
[20181023,51102]
[20181022,50778]
[20181019,50671]
[20181018,50760]
[20181017,50646]
[20181016,51009]
[20181015,51448]
[20181012,50779]
[20181011,51293]
[20181010,51433]
[20181009,50716]
[20181008,50692]
[20180928,50669]
[20180927,51045]
[20180926,50858]
[20180925,50219]
[20180921,50166]
[20180920,50106]
[20180919,49269]
[20180918,48789]
[20180917,48854]
[20180914,49071]
[20180913,48622]
[20180912,48652]
[20180911,47985]
[20180910,48016]
[20180907,47968]
[20180906,47934]
[20180905,48164]
[20180904,48563]
[20180903,48952]
[20180831,49176]
[20180830,49222]
[20180829,49068]
[20180828,49177]
[20180827,48950]
[20180824,48683]
[20180823,48655]
[20180822,49059]
[20180821,48784]
[20180820,48308]
[20180817,47931]
[20180816,48908]
[20180815,49881]
[20180814,50084]
[20180813,49955]
[20180810,50307]
[20180809,50187]
[20180808,49970]
[20180807,49993]
[20180806,49680]
[20180803,49795]
[20180802,50256]
[20180801,50358]
[20180731,49807]
[20180730,50490]
[20180727,50607]
[20180726,50394]
[20180725,49850]
[20180724,49438]
[20180723,48991]
[20180720,49111]
[20180719,48906]
[20180718,49243]
[20180717,49121]
[20180716,49157]
[20180713,49437]
[20180712,48400]
[20180711,50164]
[20180710,50519]
[20180709,49541]
[20180706,49802]
[20180705,50619]
[20180704,51970]
[20180703,51806]
[20180702,52250]
[20180629,52276]
[20180628,52254]
[20180627,52246]
[20180626,52273]
[20180625,52572]
[20180622,52399]
[20180621,52652]
[20180620,52472]
[20180619,54232]
[20180615,54268]
[20180614,54242]
[20180613,54589]
[20180612,54832]
[20180611,54547]
[20180608,54833]
[20180607,54353]
[20180606,53497]
[20180605,52664]
[20180604,52608]
[20180601,52303]
[20180531,51808]
[20180530,52546]
[20180529,52640]
[20180528,52335]
[20180525,52274]
[20180524,52593]
[20180523,52336]
[20180522,52181]
[20180521,52212]
[20180518,51854]
[20180517,51850]
[20180516,52009]
[20180515,52374]
[20180514,52281]
[20180511,51877]
[20180510,51685]
[20180509,52201]
[20180508,52143]
[20180507,52288]
[20180504,52013]
[20180503,52153]
[20180502,52661]
[20180427,52719]
[20180426,52525]
[20180425,52538]
[20180424,53246]
[20180423,52410]
[20180420,52881]
[20180419,52287]
[20180418,52121]
[20180417,51607]
[20180416,51489]
[20180413,51616]
[20180412,52095]
[20180411,52037]
[20180410,51894]
[20180409,51320]
[20180404,51448]
[20180403,51474]
[20180402,51423]
[20180330,51037]
[20180329,50415]
[20180328,50716]
[20180327,50670]
[20180326,51200]
[20180323,52356]
[20180322,52211]
[20180321,52566]
[20180320,52610]
[20180319,53271]
[20180316,53496]
[20180315,53450]
[20180314,52981]
[20180313,53140]
[20180312,52929]
[20180309,53121]
[20180308,53671]
[20180307,53778]
[20180306,53603]
[20180305,53715]
[20180302,53923]
[20180301,53979]
[20180228,54787]
[20180227,55026]
[20180226,55162]
[20180223,54654]
[20180222,54206]
[20180214,53760]
[20180213,53379]
[20180212,52988]
[20180209,53480]
[20180208,54275]
[20180207,54367]
[20180206,55009]
[20180205,55150]
[20180202,54967]
[20180201,54853]
[20180131,54604]
[20180130,55219]
[20180129,55186]
[20180126,55493]
[20180125,54991]
[20180124,55362]
[20180123,55562]
[20180122,55331]
[20180119,55295]
[20180118,55180]
[20180117,55924]
[20180116,56666]
[20180115,56771]
[20180112,56772]
[20180111,56448]
[20180110,56648]
[20180109,56488]
[20180108,56657]
[20180105,57016]
[20180104,56824]
[20180103,57056]
[20180102,57289]
[20171229,57608]
[20171228,57097]
[20171227,57069]
[20171226,56720]
[20171225,56720]
[20171222,56010]
[20171221,55806]
[20171220,55247]
[20171219,55327]
[20171218,55174]
[20171215,54097]
[20171214,54058]
[20171213,53797]
[20171212,53323]
[20171211,53391]
[20171208,53049]
[20171207,53208]
[20171206,54336]
[20171205,55373]
[20171204,55141]
[20171201,54631]
[20171130,54941]
[20171129,55222]
[20171128,55579]
[20171127,56166]
[20171124,55914]
[20171123,56004]
[20171122,55527]
[20171121,54995]
[20171120,54969]
[20171117,54576]
[20171116,54628]
[20171115,55824]
[20171114,56018]
[20171113,55378]
[20171110,55199]
[20171109,55196]
[20171108,56421]
[20171107,56643]
[20171106,56247]
[20171103,56409]
[20171102,56383]
[20171101,56442]
[20171031,55656]
[20171030,55896]
[20171027,56703]
[20171026,56528]
[20171025,57465]
[20171024,56946]
[20171023,57042]
[20171020,57082]
[20171019,56945]
[20171018,57066]
[20171017,57327]
[20171016,56304]
[20171013,55147]
[20171012,54791]
[20171011,53985]
[20171010,54051]
[20171009,54074]
[20170929,53266]
[20170928,52603]
[20170927,52732]
[20170926,52627]
[20170925,51999]
[20170922,52187]
[20170921,52888]
[20170920,52832]
[20170919,52758]
[20170918,52590]
[20170915,52421]
[20170914,53079]
[20170913,53977]
[20170912,53619]
[20170911,53837]
[20170908,54931]
[20170907,55502]
[20170906,55939]
[20170905,55784]
[20170904,55568]
[20170901,55139]
[20170831,55077]
[20170830,54946]
[20170829,55214]
[20170828,55012]
[20170825,54664]
[20170824,54098]
[20170823,54463]
[20170822,54061]
[20170821,53634]
[20170818,53690]
[20170817,52960]
[20170816,52519]
[20170815,52228]
[20170814,52138]
[20170811,53003]
[20170810,53515]
[20170809,53182]
[20170808,52956]
[20170807,52872]
[20170804,52183]
[20170803,52409]
[20170802,52493]
[20170801,53063]
[20170731,52634]
[20170728,52322]
[20170727,52612]
[20170726,51723]
[20170725,50410]
[20170724,50248]
[20170721,50041]
[20170720,50202]
[20170719,50050]
[20170718,50059]
[20170717,49780]
[20170714,49620]
[20170713,49487]
[20170712,49515]
[20170711,49175]
[20170710,49348]
[20170707,49263]
[20170706,49363]
[20170705,49312]
[20170704,49843]
[20170703,49825]
[20170630,49838]
[20170629,49539]
[20170628,49114]
[20170627,49129]
[20170626,49009]
[20170623,48335]
[20170622,47850]
[20170621,48094]
[20170620,47966]
[20170619,47718]
[20170616,47867]
[20170615,48211]
[20170614,48185]
[20170613,48646]
[20170612,48286]
[20170609,47629]
[20170608,47133]
[20170607,47264]
[20170606,47501]
[20170605,47847]
[20170602,47621]
[20170601,47516]
[20170531,48291]
[20170526,48447]
[20170525,48082]
[20170524,48044]
[20170523,48095]
[20170522,47734]
[20170519,47566]
[20170518,47683]
[20170517,47545]
[20170516,47705]
[20170515,47317]
[20170512,47529]
[20170511,47156]
[20170510,47066]
[20170509,46926]
[20170508,47395]
[20170505,47510]
[20170504,48901]
[20170503,49138]
[20170502,48639]
[20170428,48577]
[20170427,48507]
[20170426,48271]
[20170425,48263]
[20170424,48285]
[20170421,47774]
[20170420,48023]
[20170419,48081]
[20170418,48727]
[20170417,49161]
[20170414,48807]
[20170413,48459]
[20170412,48920]
[20170411,49520]
[20170410,49954]
[20170407,50250]
[20170406,49965]
[20170405,50537]
[20170331,50361]
[20170330,50042]
[20170329,49619]
[20170328,49099]
[20170327,49520]
[20170324,49601]
[20170323,49408]
[20170322,49768]
[20170321,50468]
[20170320,50337]
[20170317,50711]
[20170316,50206]
[20170315,50090]
[20170314,50078]
[20170313,49434]
[20170310,49227]
[20170309,49785]
[20170308,50409]
[20170307,50610]
[20170306,51028]
[20170303,51457]
[20170302,51360]
[20170301,50850]
[20170228,50388]
[20170227,50642]
[20170224,51122]
[20170223,51449]
[20170222,51639]
[20170221,51514]
[20170220,51145]
[20170217,51359]
[20170216,51699]
[20170215,52865]
[20170214,52899]
[20170213,52035]
[20170210,50375]
[20170209,50602]
[20170208,50207]
[20170207,49625]
[20170206,49675]
[20170203,51032]
[20170126,50947]
[20170125,50029]
[20170124,49796]
[20170123,49450]
[20170120,49606]
[20170119,49518]
[20170118,49639]
[20170117,50868]
[20170116,50773]
[20170113,50101]
[20170112,50055]
[20170111,49404]
[20170110,48885]
[20170109,48310]
[20170106,48596]
[20170105,48687]
[20170104,48590]
[20170103,48584]
[20161230,48638]
[20161229,48558]
[20161228,48180]
[20161227,47207]
[20161226,47920]
[20161223,47605]
[20161222,48200]
[20161221,47773]
[20161220,48557]
[20161219,49365]
[20161216,49997]
[20161215,49350]
[20161214,49919]
[20161213,50168]
[20161212,50572]
[20161209,50063]
[20161208,51343]
[20161207,51118]
[20161206,50764]
[20161205,50171]
[20161202,49954]
[20161201,49864]
[20161130,49919]
[20161129,52957]
[20161128,52475]
[20161125,52078]
[20161124,50707]
[20161123,49513]
[20161122,49036]
[20161121,47938]
[20161118,47180]
[20161117,47799]
[20161116,47372]
[20161115,48654]
[20161114,49802]
[20161111,48120]
[20161110,45516]
[20161109,44263]
[20161108,43281]
[20161107,41965]
[20161104,41815]
[20161103,41495]
[20161102,41587]
[20161101,41396]
[20161031,41131]
[20161028,40685]
[20161027,40562]
[20161026,40774]
[20161025,40406]
[20161024,40049]
[20161021,40070]
[20161020,39920]
[20161019,40156]
[20161018,40110]
[20161017,40152]
[20161014,40461]
[20161013,40750]
[20161012,40986]
[20161011,40716]
[20161010,40548]
[20160930,40525]
[20160929,40421]
[20160928,40495]
[20160927,40588]
[20160926,40705]
[20160923,40484]
[20160922,40215]
[20160921,40089]
[20160920,40014]
[20160919,39470]
[20160914,39334]
[20160913,38973]
[20160912,39345]
[20160909,39313]
[20160908,39491]
[20160907,39326]
[20160906,39243]
[20160905,39410]
[20160902,39326]
[20160901,39125]
[20160831,38990]
[20160830,39184]
[20160829,39219]
[20160826,39150]
[20160825,39400]
[20160824,39918]
[20160823,39977]
[20160822,40225]
[20160819,40196]
[20160818,40047]
[20160817,40030]
[20160816,39880]
[20160815,40394]
[20160812,40360]
[20160811,40304]
[20160810,40030]
[20160809,40321]
[20160808,40419]
[20160805,40546]
[20160804,40587]
[20160803,40842]
[20160802,41168]
[20160801,40677]
[20160729,40760]
[20160728,40661]
[20160727,40782]
[20160726,41132]
[20160725,41095]
[20160722,41641]
[20160721,41546]
[20160720,41282]
[20160719,41172]
[20160718,41437]
[20160715,41646]
[20160714,41545]
[20160713,40988]
[20160712,39897]
[20160711,39474]
[20160708,39755]
[20160707,40393]
[20160706,40718]
[20160705,41392]
[20160704,40877]
[20160701,40470]
[20160630,40279]
[20160629,40186]
[20160628,40058]
[20160627,39176]
[20160624,39161]
[20160623,39177]
[20160622,38749]
[20160621,38382]
[20160620,38491]
[20160617,38443]
[20160616,38139]
[20160615,38014]
[20160614,38234]
[20160613,38425]
[20160608,38727]
[20160607,39175]
[20160606,38597]
[20160603,38386]
[20160602,38127]
[20160601,38605]
[20160531,38618]
[20160530,38810]
[20160527,38950]
[20160526,38450]
[20160525,38063]
[20160524,38010]
[20160523,38149]
[20160520,38053]
[20160519,38441]
[20160518,38828]
[20160517,38725]
[20160516,38497]
[20160513,39104]
[20160512,39032]
[20160511,38850]
[20160510,38754]
[20160509,39599]
[20160506,39789]
[20160505,40208]
[20160504,40946]
[20160503,40780]
[20160429,40602]
[20160428,40844]
[20160427,40898]
[20160426,41371]
[20160425,41657]
[20160422,41290]
[20160421,40873]
[20160420,40452]
[20160419,39827]
[20160418,40034]
[20160415,39985]
[20160414,39965]
[20160413,39736]
[20160412,38896]
[20160411,38872]
[20160408,39789]
[20160407,39975]
[20160406,39924]
[20160405,40362]
[20160401,40159]
[20160331,40190]
[20160330,40716]
[20160329,40849]
[20160328,40935]
[20160325,40912]
[20160324,41373]
[20160323,41337]
[20160322,41363]
[20160321,41571]
[20160318,41503]
[20160317,40929]
[20160316,40498]
[20160315,40924]
[20160314,41114]
[20160311,40504]
[20160310,40431]
[20160309,40928]
[20160308,41147]
[20160307,41317]
[20160304,40451]
[20160303,40060]
[20160302,39344]
[20160301,38885]
[20160229,38764]
[20160226,38984]
[20160225,39012]
[20160224,39302]
[20160223,39436]
[20160222,39199]
[20160219,38767]
[20160218,38527]
[20160217,38784]
[20160216,38897]
[20160215,38873]
[20160205,38915]
[20160204,38516]
[20160203,38102]
[20160202,37920]
[20160201,38156]
[20160129,38038]
[20160128,38305]
[20160127,37552]
[20160126,37424]
[20160125,37612]
[20160122,37341]
[20160121,37507]
[20160120,37783]
[20160119,37668]
[20160118,37546]
[20160115,37529]
[20160114,37159]
[20160113,37040]
[20160112,37131]
[20160111,38079]
[20160108,38511]
[20160107,38932]
[20160106,39019]
[20160105,38771]
[20160104,39072]
[20151231,38893]
[20151230,38901]
[20151229,38427]
[20151228,38733]
[20151225,38579]
[20151224,38801]
[20151223,38735]
[20151222,38728]
[20151221,38160]
[20151218,37804]
[20151217,37767]
[20151216,37947]
[20151215,38596]
[20151214,38547]
[20151211,37853]
[20151210,37371]
[20151209,37098]
[20151208,37655]
[20151207,36918]
[20151204,36718]
[20151203,37345]
[20151202,37461]
[20151201,37158]
[20151130,37653]
[20151127,37604]
[20151126,37881]
[20151125,36711]
[20151124,35826]
[20151123,37215]
[20151120,37199]
[20151119,37108]
[20151118,37246]
[20151117,38359]
[20151116,38622]
[20151113,39773]
[20151112,39499]
[20151111,40018]
[20151110,40043]
[20151109,40489]
[20151106,40738]
[20151105,41468]
[20151104,40958]
[20151103,40988]
[20151102,41270]
[20151030,41478]
[20151029,41573]
[20151028,41779]
[20151027,41508]
[20151026,42185]
[20151023,41699]
[20151022,41522]
[20151021,41619]
[20151020,41810]
[20151019,41985]
[20151016,42502]
[20151015,42215]
[20151014,42212]
[20151013,42689]
[20151012,42611]
[20151009,42114]
[20151008,41799]
[20150930,41091]
[20150929,41468]
