[20210830,3148]
[20210827,3203]
[20210826,3277]
[20210825,3233]
[20210824,3137]
[20210823,2940]
[20210820,2880]
[20210819,2877]
[20210818,2945]
[20210817,2941]
[20210816,2929]
[20210813,2880]
[20210812,2968]
[20210811,2945]
[20210810,2876]
[20210809,2825]
[20210806,2791]
[20210805,2787]
[20210804,2719]
[20210803,2730]
[20210802,2769]
[20210730,2789]
[20210729,2779]
[20210728,2740]
[20210727,2706]
[20210726,2662]
[20210723,2592]
[20210722,2572]
[20210721,2580]
[20210720,2556]
[20210719,2535]
[20210716,2509]
[20210715,2469]
[20210714,2424]
[20210713,2380]
[20210712,2341]
[20210709,2339]
[20210708,2460]
[20210707,2484]
[20210706,2532]
[20210705,2494]
[20210702,2455]
[20210701,2481]
[20210630,2480]
[20210629,2560]
[20210628,2659]
[20210625,2645]
[20210624,2624]
[20210623,2574]
[20210622,2491]
[20210621,2533]
[20210618,2587]
[20210617,2568]
[20210616,2563]
[20210615,2555]
[20210611,2492]
[20210610,2469]
[20210609,2434]
[20210608,2379]
[20210607,2386]
[20210604,2529]
[20210603,2496]
[20210602,2437]
[20210601,2388]
[20210531,2344]
[20210528,2281]
[20210527,2249]
[20210526,2260]
[20210525,2258]
[20210524,2223]
[20210521,2346]
[20210520,2416]
[20210519,2497]
[20210518,2497]
[20210517,2477]
[20210514,2562]
[20210513,2667]
[20210512,2685]
[20210511,2782]
[20210510,2729]
[20210507,2654]
[20210506,2538]
[20210430,2542]
[20210429,2535]
[20210428,2524]
[20210427,2520]
[20210426,2492]
[20210423,2448]
[20210422,2435]
[20210421,2435]
[20210420,2406]
[20210419,2394]
[20210416,2358]
[20210415,2363]
[20210414,2347]
[20210413,2285]
[20210412,2270]
[20210409,2284]
[20210408,2286]
[20210407,2277]
[20210406,2307]
[20210402,2259]
[20210401,2228]
[20210331,2177]
[20210330,2191]
[20210329,2169]
[20210326,2097]
[20210325,2060]
[20210324,2050]
[20210323,2036]
[20210322,2151]
[20210319,2219]
[20210318,2219]
[20210317,2185]
[20210316,2147]
[20210315,2139]
[20210312,2238]
[20210311,2203]
[20210310,2181]
[20210309,2226]
[20210308,2236]
[20210305,2375]
[20210304,2407]
[20210303,2436]
[20210302,2363]
[20210301,2401]
[20210226,2509]
[20210225,2502]
[20210224,2456]
[20210223,2499]
[20210222,2582]
[20210219,2634]
[20210218,2528]
[20210210,2507]
[20210209,2500]
[20210208,2469]
[20210205,2440]
[20210204,2394]
[20210203,2375]
[20210202,2433]
[20210201,2456]
[20210129,2488]
[20210128,2542]
[20210127,2527]
[20210126,2574]
[20210125,2648]
[20210122,2676]
[20210121,2636]
[20210120,2572]
[20210119,2653]
[20210118,2688]
[20210115,2665]
[20210114,2608]
[20210113,2636]
[20210112,2720]
[20210111,2789]
[20210108,2866]
[20210107,2851]
[20210106,2855]
[20210105,2832]
[20210104,2751]
[20201231,2691]
[20201230,2659]
[20201229,2700]
[20201228,2721]
[20201225,2673]
[20201224,2623]
[20201223,2600]
[20201222,2700]
[20201221,2630]
[20201218,2503]
[20201217,2454]
[20201216,2421]
[20201215,2390]
[20201214,2393]
[20201211,2454]
[20201210,2427]
[20201209,2378]
[20201208,2375]
[20201207,2376]
[20201204,2338]
[20201203,2364]
[20201202,2352]
[20201201,2300]
[20201130,2278]
[20201127,2254]
[20201126,2236]
[20201125,2229]
[20201124,2226]
[20201123,2278]
[20201120,2254]
[20201119,2221]
[20201118,2226]
[20201117,2243]
[20201116,2231]
[20201113,2197]
[20201112,2225]
[20201111,2227]
[20201110,2278]
[20201109,2252]
[20201106,2186]
[20201105,2146]
[20201104,2121]
[20201103,2074]
[20201102,2042]
[20201030,2013]
[20201029,1991]
[20201028,1995]
[20201027,1980]
[20201026,1957]
[20201023,1961]
[20201022,1962]
[20201021,1954]
[20201020,1922]
[20201019,1924]
[20201016,1914]
[20201015,1929]
[20201014,1932]
[20201013,1912]
[20201012,1912]
[20201009,1853]
[20200930,1805]
[20200929,1774]
[20200928,1762]
[20200925,1769]
[20200924,1776]
[20200923,1806]
[20200922,1784]
[20200921,1829]
[20200918,1808]
[20200917,1780]
[20200916,1817]
[20200915,1831]
[20200914,1821]
[20200911,1805]
[20200910,1824]
[20200909,1841]
[20200908,1859]
[20200907,1868]
[20200904,1876]
[20200903,1863]
[20200902,1833]
[20200901,1815]
[20200831,1795]
[20200828,1758]
[20200827,1768]
[20200826,1766]
[20200825,1781]
[20200824,1778]
[20200821,1797]
[20200820,1847]
[20200819,1842]
[20200818,1844]
[20200817,1855]
[20200814,1831]
[20200813,1850]
[20200812,1846]
[20200811,1885]
[20200810,1907]
[20200807,1908]
[20200806,1883]
[20200805,1875]
[20200804,1861]
[20200803,1851]
[20200731,1815]
[20200730,1820]
[20200729,1811]
[20200728,1802]
[20200727,1819]
[20200724,1850]
[20200723,1830]
[20200722,1813]
[20200721,1796]
[20200720,1792]
[20200717,1768]
[20200716,1743]
[20200715,1749]
[20200714,1763]
[20200713,1751]
[20200710,1756]
[20200709,1759]
[20200708,1743]
[20200707,1722]
[20200706,1721]
[20200703,1727]
[20200702,1721]
[20200701,1734]
[20200630,1740]
[20200629,1801]
[20200624,1794]
[20200623,1799]
[20200622,1814]
[20200619,1807]
[20200618,1792]
[20200617,1796]
[20200616,1789]
[20200615,1813]
[20200612,1795]
[20200611,1805]
[20200610,1803]
[20200609,1801]
[20200608,1810]
[20200605,1807]
[20200604,1807]
[20200603,1781]
[20200602,1765]
[20200601,1894]
[20200529,1870]
[20200528,1862]
[20200527,1872]
[20200526,1864]
[20200525,1811]
[20200522,1847]
[20200521,1843]
[20200520,1837]
[20200519,1819]
[20200518,1810]
[20200515,1774]
[20200514,1746]
[20200513,1738]
[20200512,1735]
[20200511,1748]
[20200508,1739]
[20200507,1725]
[20200506,1694]
[20200430,1670]
[20200429,1641]
[20200428,1701]
[20200427,1714]
[20200424,1694]
[20200423,1696]
[20200422,1686]
[20200421,1707]
[20200420,1717]
[20200417,1717]
[20200416,1700]
[20200415,1724]
[20200414,1729]
[20200413,1729]
[20200410,1716]
[20200409,1675]
[20200408,1663]
[20200407,1614]
[20200403,1665]
[20200402,1553]
[20200401,1655]
[20200331,1697]
[20200330,1725]
[20200327,1722]
[20200326,1730]
[20200325,1723]
[20200324,1692]
[20200323,1725]
[20200320,1733]
[20200319,1755]
[20200318,1787]
[20200317,1778]
[20200316,1803]
[20200313,1771]
[20200312,1749]
[20200311,1747]
[20200310,1743]
[20200309,1742]
[20200306,1752]
[20200305,1758]
[20200304,1754]
[20200303,1762]
[20200302,1747]
[20200228,1730]
[20200227,1770]
[20200226,1795]
[20200225,1794]
[20200224,1788]
[20200221,1801]
[20200220,1780]
[20200219,1774]
[20200218,1796]
[20200217,1807]
[20200214,1805]
[20200213,1810]
[20200212,1798]
[20200211,1760]
[20200210,1725]
[20200207,1721]
[20200206,1705]
[20200205,1706]
[20200204,1686]
[20200203,1781]
[20200123,1785]
[20200122,1785]
[20200121,1806]
[20200120,1806]
[20200117,1796]
[20200116,1784]
[20200115,1789]
[20200114,1783]
[20200113,1807]
[20200110,1811]
[20200109,1833]
[20200108,1829]
[20200107,1809]
[20200106,1799]
[20200103,1798]
[20200102,1810]
[20191231,1791]
[20191230,1786]
[20191227,1782]
[20191226,1773]
[20191225,1781]
[20191224,1790]
[20191223,1798]
[20191220,1813]
[20191219,1792]
[20191218,1781]
[20191217,1760]
[20191216,1767]
[20191213,1772]
[20191212,1783]
[20191211,1783]
[20191210,1792]
[20191209,1769]
[20191206,1737]
[20191205,1744]
[20191204,1737]
[20191203,1723]
[20191202,1714]
[20191129,1726]
[20191128,1731]
[20191127,1726]
[20191126,1767]
[20191125,1727]
[20191122,1674]
[20191121,1684]
[20191120,1681]
[20191119,1654]
[20191118,1645]
[20191115,1631]
[20191114,1609]
[20191113,1595]
[20191112,1589]
[20191111,1622]
[20191108,1623]
[20191107,1628]
[20191106,1640]
[20191105,1625]
[20191104,1618]
[20191101,1622]
[20191031,1621]
[20191030,1632]
[20191029,1630]
[20191028,1663]
[20191025,1659]
[20191024,1646]
[20191023,1634]
[20191022,1621]
[20191021,1651]
[20191018,1658]
[20191017,1657]
[20191016,1677]
[20191015,1673]
[20191014,1726]
[20191011,1723]
[20191010,1721]
[20191009,1742]
[20191008,1736]
[20190930,1760]
[20190927,1750]
[20190926,1765]
[20190925,1749]
[20190924,1835]
[20190923,1824]
[20190920,1822]
[20190919,1834]
[20190918,1839]
[20190917,1849]
[20190916,1860]
[20190912,1845]
[20190911,1819]
[20190910,1821]
[20190909,1794]
[20190906,1785]
[20190905,1786]
[20190904,1765]
[20190903,1777]
[20190902,1770]
[20190830,1748]
[20190829,1751]
[20190828,1736]
[20190827,1747]
[20190826,1805]
[20190823,1814]
[20190822,1822]
[20190821,1843]
[20190820,1837]
[20190819,1837]
[20190816,1839]
[20190815,1833]
[20190814,1852]
[20190813,1862]
[20190812,1834]
[20190809,1870]
[20190808,1877]
[20190807,1876]
[20190806,1870]
[20190805,1872]
[20190802,1921]
[20190801,1954]
[20190731,1963]
[20190730,1977]
[20190729,1989]
[20190726,1958]
[20190725,1939]
[20190724,1965]
[20190723,1958]
[20190722,1996]
[20190719,2004]
[20190718,2017]
[20190717,1989]
[20190716,1978]
[20190715,1959]
[20190712,1921]
[20190711,1901]
[20190710,1932]
[20190709,1942]
[20190708,1950]
[20190705,1965]
[20190704,1948]
[20190703,1936]
[20190702,1945]
[20190701,1922]
[20190628,1888]
[20190627,1918]
[20190626,1919]
[20190625,1903]
[20190624,1925]
[20190621,1905]
[20190620,1893]
[20190619,1879]
[20190618,1883]
[20190617,1931]
[20190614,1964]
[20190613,1948]
[20190612,2017]
[20190611,1982]
[20190610,1959]
[20190606,1933]
[20190605,1942]
[20190604,1924]
[20190603,1952]
[20190531,2007]
[20190530,2033]
[20190529,2042]
[20190528,2063]
[20190527,2122]
[20190524,2103]
[20190523,2095]
[20190522,2102]
[20190521,2031]
[20190520,1974]
[20190517,1970]
[20190516,1959]
[20190515,1934]
[20190514,1940]
[20190513,1977]
[20190510,1974]
[20190509,1965]
[20190508,1949]
[20190507,1913]
[20190506,1889]
[20190430,1869]
[20190429,1854]
[20190426,1858]
[20190425,1874]
[20190424,1868]
[20190423,1866]
[20190422,1874]
[20190419,1858]
[20190418,1868]
[20190417,1882]
[20190416,1874]
[20190415,1861]
[20190412,1830]
[20190411,1840]
[20190410,1866]
[20190409,1894]
[20190408,1873]
[20190404,1848]
[20190403,1841]
[20190402,1837]
[20190401,1820]
[20190329,1801]
[20190328,1781]
[20190327,1792]
[20190326,1798]
[20190325,1822]
[20190322,1809]
[20190321,1796]
[20190320,1787]
[20190319,1792]
[20190318,1819]
[20190315,1829]
[20190314,1815]
[20190313,1826]
[20190312,1807]
[20190311,1845]
[20190308,1896]
[20190307,1887]
[20190306,1902]
[20190305,1921]
[20190304,1976]
[20190301,1950]
[20190228,1933]
[20190227,1953]
[20190226,1948]
[20190225,1969]
[20190222,1947]
[20190221,1929]
[20190220,1905]
[20190219,1883]
[20190218,1868]
[20190215,1903]
[20190214,1885]
[20190213,1908]
[20190212,1911]
[20190211,1925]
[20190201,1891]
[20190131,1852]
[20190130,1851]
[20190129,1859]
[20190128,1880]
[20190125,1865]
[20190124,1861]
[20190123,1846]
[20190122,1864]
[20190121,1880]
[20190118,1870]
[20190117,1856]
[20190116,1842]
[20190115,1835]
[20190114,1814]
[20190111,1780]
[20190110,1772]
[20190109,1785]
[20190108,1790]
[20190107,1776]
[20190104,1764]
[20190103,1743]
[20190102,1737]
[20181228,1722]
[20181227,1748]
[20181226,1729]
[20181225,1805]
[20181224,1816]
[20181221,1811]
[20181220,1799]
[20181219,1806]
[20181218,1846]
[20181217,1839]
[20181214,1840]
[20181213,1823]
[20181212,1796]
[20181211,1809]
[20181210,1875]
[20181207,1828]
[20181206,1808]
[20181205,1791]
[20181204,1765]
[20181203,1708]
[20181130,1646]
[20181129,1658]
[20181128,1635]
[20181127,1660]
[20181126,1692]
[20181123,1755]
[20181122,1772]
[20181121,1783]
[20181120,1829]
[20181119,1864]
[20181116,1858]
[20181115,1823]
[20181114,1802]
[20181113,1787]
[20181112,1821]
[20181109,1841]
[20181108,1852]
[20181107,1865]
[20181106,1867]
[20181105,1843]
[20181102,1814]
[20181101,1844]
[20181031,1860]
[20181030,1853]
[20181029,1884]
[20181026,1902]
[20181025,1886]
[20181024,1859]
[20181023,1828]
[20181022,1845]
[20181019,1859]
[20181018,1944]
[20181017,1915]
[20181016,1915]
[20181015,1955]
[20181012,1931]
[20181011,1902]
[20181010,1892]
[20181009,1836]
[20181008,1774]
[20180928,1746]
[20180927,1771]
[20180926,1794]
[20180925,1847]
[20180921,1820]
[20180920,1804]
[20180919,1792]
[20180918,1768]
[20180917,1766]
[20180914,1745]
[20180913,1742]
[20180912,1758]
[20180911,1866]
[20180910,1845]
[20180907,1860]
[20180906,1843]
[20180905,1860]
[20180904,1828]
[20180903,1872]
[20180831,1892]
[20180830,1996]
[20180829,1999]
[20180828,1972]
[20180827,1966]
[20180824,1939]
[20180823,2022]
[20180822,2021]
[20180821,2065]
[20180820,2083]
[20180817,2045]
[20180816,1912]
[20180815,1904]
[20180814,1916]
[20180813,1896]
[20180810,1911]
[20180809,1881]
[20180808,1898]
[20180807,1939]
[20180806,1921]
[20180803,1863]
[20180802,1812]
[20180801,1784]
[20180731,1772]
[20180730,1760]
[20180727,1699]
[20180726,1669]
[20180725,1663]
[20180724,1636]
[20180723,1622]
[20180720,1592]
[20180719,1581]
[20180718,1567]
[20180717,1558]
[20180716,1577]
[20180713,1612]
[20180712,1600]
[20180711,1577]
[20180710,1582]
[20180709,1572]
[20180706,1568]
[20180705,1592]
[20180704,1583]
[20180703,1574]
[20180702,1645]
[20180629,1629]
[20180628,1595]
[20180627,1577]
[20180626,1621]
[20180625,1640]
[20180622,1656]
[20180621,1671]
[20180620,1637]
[20180619,1703]
[20180615,1699]
[20180614,1681]
[20180613,1666]
[20180612,1642]
[20180611,1613]
[20180608,1616]
[20180607,1606]
[20180606,1591]
[20180605,1576]
[20180604,1614]
[20180601,1632]
[20180531,1614]
[20180530,1600]
[20180529,1584]
[20180528,1552]
[20180525,1563]
[20180524,1540]
[20180523,1575]
[20180522,1603]
[20180521,1621]
[20180518,1637]
[20180517,1648]
[20180516,1657]
[20180515,1638]
[20180514,1613]
[20180511,1586]
[20180510,1554]
[20180509,1576]
[20180508,1578]
[20180507,1568]
[20180504,1543]
[20180503,1550]
[20180502,1500]
[20180427,1489]
[20180426,1502]
[20180425,1510]
[20180424,1510]
[20180423,1471]
[20180420,1475]
[20180419,1436]
[20180418,1419]
[20180417,1374]
[20180416,1365]
[20180413,1358]
[20180412,1357]
[20180411,1390]
[20180410,1400]
[20180409,1398]
[20180404,1402]
[20180403,1380]
[20180402,1385]
[20180330,1335]
[20180329,1310]
[20180328,1359]
[20180327,1355]
[20180326,1370]
[20180323,1452]
[20180322,1453]
[20180321,1447]
[20180320,1432]
[20180319,1475]
[20180316,1476]
[20180315,1492]
[20180314,1459]
[20180313,1476]
[20180312,1496]
[20180309,1555]
[20180308,1586]
[20180307,1620]
[20180306,1616]
[20180305,1656]
[20180302,1671]
[20180301,1653]
[20180228,1681]
[20180227,1684]
[20180226,1667]
[20180223,1625]
[20180222,1592]
[20180214,1573]
[20180213,1559]
[20180212,1553]
[20180209,1582]
[20180208,1594]
[20180207,1567]
[20180206,1566]
[20180205,1540]
[20180202,1489]
[20180201,1487]
[20180131,1488]
[20180130,1504]
[20180129,1512]
[20180126,1526]
[20180125,1508]
[20180124,1477]
[20180123,1477]
[20180122,1486]
[20180119,1460]
[20180118,1455]
[20180117,1449]
[20180116,1468]
[20180115,1488]
[20180112,1501]
[20180111,1499]
[20180110,1532]
[20180109,1546]
[20180108,1535]
[20180105,1544]
[20180104,1521]
[20180103,1497]
[20180102,1487]
[20171229,1474]
[20171228,1462]
[20171227,1497]
[20171226,1491]
[20171225,1562]
[20171222,1545]
[20171221,1552]
[20171220,1567]
[20171219,1596]
[20171218,1566]
[20171215,1495]
[20171214,1527]
[20171213,1558]
[20171212,1552]
[20171211,1554]
[20171208,1500]
[20171207,1615]
[20171206,1605]
[20171205,1630]
[20171204,1640]
[20171201,1597]
[20171130,1567]
[20171129,1548]
[20171128,1549]
[20171127,1561]
[20171124,1540]
[20171123,1550]
[20171122,1509]
[20171121,1473]
[20171120,1444]
[20171117,1405]
[20171116,1385]
[20171115,1417]
[20171114,1385]
[20171113,1410]
[20171110,1417]
[20171109,1450]
[20171108,1419]
[20171107,1382]
[20171106,1352]
[20171103,1350]
[20171102,1323]
[20171101,1287]
[20171031,1296]
[20171030,1326]
[20171027,1332]
[20171026,1324]
[20171025,1290]
[20171024,1296]
[20171023,1358]
[20171020,1326]
[20171019,1372]
[20171018,1398]
[20171017,1469]
[20171016,1490]
[20171013,1432]
[20171012,1373]
[20171011,1389]
[20171010,1456]
[20171009,1492]
[20170929,1458]
[20170928,1528]
[20170927,1544]
[20170926,1554]
[20170925,1566]
[20170922,1611]
[20170921,1694]
[20170920,1678]
[20170919,1697]
[20170918,1759]
[20170915,1836]
[20170914,1876]
[20170913,1908]
[20170912,1881]
[20170911,1852]
[20170908,1865]
[20170907,1820]
[20170906,1793]
[20170905,1771]
[20170904,1821]
[20170901,1835]
[20170831,1846]
[20170830,1846]
[20170829,1906]
[20170828,1909]
[20170825,1887]
[20170824,1846]
[20170823,1817]
[20170822,1804]
[20170821,1790]
[20170818,1748]
[20170817,1694]
[20170816,1640]
[20170815,1623]
[20170814,1672]
[20170811,1693]
[20170810,1660]
[20170809,1636]
[20170808,1602]
[20170807,1596]
[20170804,1562]
[20170803,1579]
[20170802,1573]
[20170801,1562]
[20170731,1525]
[20170728,1477]
[20170727,1473]
[20170726,1468]
[20170725,1442]
[20170724,1464]
[20170721,1456]
[20170720,1471]
[20170719,1459]
[20170718,1444]
[20170717,1418]
[20170714,1415]
[20170713,1410]
[20170712,1422]
[20170711,1405]
[20170710,1369]
[20170707,1357]
[20170706,1341]
[20170705,1339]
[20170704,1357]
[20170703,1342]
[20170630,1323]
[20170629,1316]
[20170628,1270]
[20170627,1248]
[20170626,1237]
[20170623,1226]
[20170622,1225]
[20170621,1201]
[20170620,1202]
[20170619,1195]
[20170616,1157]
[20170615,1146]
[20170614,1109]
[20170613,1101]
[20170612,1091]
[20170609,1080]
[20170608,1081]
[20170607,1083]
[20170606,1067]
[20170605,1067]
[20170602,1081]
[20170601,1087]
[20170531,1168]
[20170526,1177]
[20170525,1168]
[20170524,1195]
[20170523,1184]
[20170522,1198]
[20170519,1183]
[20170518,1173]
[20170517,1162]
[20170516,1140]
[20170515,1139]
[20170512,1165]
[20170511,1186]
[20170510,1171]
[20170509,1145]
[20170508,1128]
[20170505,1128]
[20170504,1187]
[20170503,1232]
[20170502,1233]
[20170428,1219]
[20170427,1197]
[20170426,1224]
[20170425,1218]
[20170424,1249]
[20170421,1238]
[20170420,1172]
[20170419,1213]
[20170418,1249]
[20170417,1222]
[20170414,1230]
[20170413,1230]
[20170412,1306]
[20170411,1360]
[20170410,1382]
[20170407,1448]
[20170406,1433]
[20170405,1375]
[20170331,1319]
[20170330,1314]
[20170329,1271]
[20170328,1253]
[20170327,1280]
[20170324,1284]
[20170323,1268]
[20170322,1282]
[20170321,1289]
[20170320,1272]
[20170317,1273]
[20170316,1263]
[20170315,1265]
[20170314,1253]
[20170313,1213]
[20170310,1219]
[20170309,1210]
[20170308,1219]
[20170307,1214]
[20170306,1225]
[20170303,1228]
[20170302,1234]
[20170301,1197]
[20170228,1179]
[20170227,1169]
[20170224,1140]
[20170223,1132]
[20170222,1175]
[20170221,1193]
[20170220,1161]
[20170217,1132]
[20170216,1151]
[20170215,1139]
[20170214,1130]
[20170213,1104]
[20170210,1070]
[20170209,1063]
[20170208,1065]
[20170207,1048]
[20170206,1069]
[20170203,1153]
[20170126,1126]
[20170125,1118]
[20170124,1119]
[20170123,1091]
[20170120,1135]
[20170119,1138]
[20170118,1131]
[20170117,1236]
[20170116,1199]
[20170113,1142]
[20170112,1131]
[20170111,1143]
[20170110,1090]
[20170109,1036]
[20170106,1023]
[20170105,1008]
[20170104,999]
[20170103,1021]
[20161230,1039]
[20161229,1045]
[20161228,1066]
[20161227,1051]
[20161226,1110]
[20161223,1120]
[20161222,1201]
[20161221,1205]
[20161220,1191]
[20161219,1196]
[20161216,1212]
[20161215,1199]
[20161214,1192]
[20161213,1176]
[20161212,1238]
[20161209,1234]
[20161208,1266]
[20161207,1231]
[20161206,1199]
[20161205,1192]
[20161202,1206]
[20161201,1222]
[20161130,1251]
[20161129,1390]
[20161128,1389]
[20161125,1347]
[20161124,1379]
[20161123,1380]
[20161122,1327]
[20161121,1273]
[20161118,1294]
[20161117,1312]
[20161116,1269]
[20161115,1370]
[20161114,1385]
[20161111,1342]
[20161110,1365]
[20161109,1309]
[20161108,1248]
[20161107,1235]
[20161104,1174]
[20161103,1134]
[20161102,1145]
[20161101,1147]
[20161031,1108]
[20161028,1082]
[20161027,1072]
[20161026,1085]
[20161025,1033]
[20161024,1000]
[20161021,981]
[20161020,983]
[20161019,972]
[20161018,938]
[20161017,933]
[20161014,911]
[20161013,892]
[20161012,869]
[20161011,848]
[20161010,826]
[20160930,818]
[20160929,813]
[20160928,791]
[20160927,803]
[20160926,796]
[20160923,774]
[20160922,784]
[20160921,757]
[20160920,741]
[20160919,725]
[20160914,714]
[20160913,720]
[20160912,745]
[20160909,763]
[20160908,761]
[20160907,805]
[20160906,804]
[20160905,789]
[20160902,765]
[20160901,741]
[20160831,770]
[20160830,772]
[20160829,775]
[20160826,788]
[20160825,801]
[20160824,807]
[20160823,798]
[20160822,795]
[20160819,777]
[20160818,792]
[20160817,787]
[20160816,756]
[20160815,746]
[20160812,754]
[20160811,761]
[20160810,759]
[20160809,727]
[20160808,708]
[20160805,674]
[20160804,672]
[20160803,672]
[20160802,668]
[20160801,655]
[20160729,649]
[20160728,643]
[20160727,638]
[20160726,634]
[20160725,616]
[20160722,608]
[20160721,596]
[20160720,577]
[20160719,580]
[20160718,610]
[20160715,607]
[20160714,603]
[20160713,607]
[20160712,590]
[20160711,570]
[20160708,562]
[20160707,571]
[20160706,566]
[20160705,580]
[20160704,572]
[20160701,565]
[20160630,559]
[20160629,557]
[20160628,560]
[20160627,544]
[20160624,522]
[20160623,520]
[20160622,513]
[20160621,509]
[20160620,508]
[20160617,504]
[20160616,498]
[20160615,498]
[20160614,521]
[20160613,528]
[20160608,531]
[20160607,533]
[20160606,520]
[20160603,512]
[20160602,508]
[20160601,508]
[20160531,515]
[20160530,507]
[20160527,503]
[20160526,490]
[20160525,496]
[20160524,516]
[20160523,549]
[20160520,542]
[20160519,536]
[20160518,550]
[20160517,538]
[20160516,525]
[20160513,545]
[20160512,548]
[20160511,558]
[20160510,561]
[20160509,589]
[20160506,613]
[20160505,635]
[20160504,642]
[20160503,658]
[20160429,645]
[20160428,630]
[20160427,656]
[20160426,670]
[20160425,649]
[20160422,629]
[20160421,614]
[20160420,583]
[20160419,562]
[20160418,550]
[20160415,545]
[20160414,553]
[20160413,552]
[20160412,526]
[20160411,505]
[20160408,493]
[20160407,490]
[20160406,492]
[20160405,485]
[20160401,476]
[20160331,468]
[20160330,468]
[20160329,462]
[20160328,468]
[20160325,457]
[20160324,466]
[20160323,467]
[20160322,460]
[20160321,471]
[20160318,466]
[20160317,457]
[20160316,447]
[20160315,453]
[20160314,453]
[20160311,443]
[20160310,443]
[20160309,453]
[20160308,439]
[20160307,432]
[20160304,422]
[20160303,429]
[20160302,427]
[20160301,429]
[20160229,424]
[20160226,421]
[20160225,424]
[20160224,421]
[20160223,415]
[20160222,409]
[20160219,400]
[20160218,394]
[20160217,395]
[20160216,391]
[20160215,389]
[20160205,391]
[20160204,390]
[20160203,386]
[20160202,387]
[20160201,389]
[20160129,388]
[20160128,393]
[20160127,390]
[20160126,389]
[20160125,390]
[20160122,387]
[20160121,383]
[20160120,385]
[20160119,384]
[20160118,382]
[20160115,377]
[20160114,371]
[20160113,369]
[20160112,375]
[20160111,377]
[20160108,375]
[20160107,377]
[20160106,385]
[20160105,384]
[20160104,390]
[20151231,388]
[20151230,391]
[20151229,383]
[20151228,380]
[20151225,378]
[20151224,382]
[20151223,384]
[20151222,384]
[20151221,383]
[20151218,377]
[20151217,375]
[20151216,370]
[20151215,373]
[20151214,371]
[20151211,366]
[20151210,365]
[20151209,368]
[20151208,371]
[20151207,370]
[20151204,370]
[20151203,375]
[20151202,375]
[20151201,368]
[20151130,372]
[20151127,381]
[20151126,386]
[20151125,378]
[20151124,373]
[20151123,373]
[20151120,376]
[20151119,388]
[20151118,388]
[20151117,389]
[20151116,389]
[20151113,389]
[20151112,390]
[20151111,393]
[20151110,392]
[20151109,392]
[20151106,392]
[20151105,392]
[20151104,395]
[20151103,395]
[20151102,399]
[20151030,399]
[20151029,399]
[20151028,401]
[20151027,406]
[20151026,408]
[20151023,407]
[20151022,406]
[20151021,406]
[20151020,405]
[20151019,407]
[20151016,406]
[20151015,406]
[20151014,409]
[20151013,410]
[20151012,421]
[20151009,420]
[20151008,418]
[20150930,420]
[20150929,422]
