[20210830,2519]
[20210827,2517]
[20210826,2577]
[20210825,2530]
[20210824,2449]
[20210823,2337]
[20210820,2279]
[20210819,2143]
[20210818,2228]
[20210817,2199]
[20210816,2228]
[20210813,2191]
[20210812,2252]
[20210811,2226]
[20210810,2216]
[20210809,2242]
[20210806,2201]
[20210805,2179]
[20210804,2129]
[20210803,2140]
[20210802,2159]
[20210730,2101]
[20210729,2082]
[20210728,2031]
[20210727,2032]
[20210726,2013]
[20210723,1963]
[20210722,1955]
[20210721,1940]
[20210720,1941]
[20210719,1908]
[20210716,1890]
[20210715,1869]
[20210714,1841]
[20210713,1803]
[20210712,1738]
[20210709,1727]
[20210708,1808]
[20210707,1825]
[20210706,1843]
[20210705,1822]
[20210702,1788]
[20210701,1820]
[20210630,1819]
[20210629,1851]
[20210628,1908]
[20210625,1911]
[20210624,1901]
[20210623,1875]
[20210622,1819]
[20210621,1824]
[20210618,1883]
[20210617,1859]
[20210616,1826]
[20210615,1853]
[20210611,1797]
[20210610,1757]
[20210609,1750]
[20210608,1720]
[20210607,1731]
[20210604,1757]
[20210603,1770]
[20210602,1752]
[20210601,1710]
[20210531,1704]
[20210528,1687]
[20210527,1666]
[20210526,1667]
[20210525,1651]
[20210524,1599]
[20210521,1668]
[20210520,1806]
[20210519,1842]
[20210518,1845]
[20210517,1827]
[20210514,1853]
[20210513,1975]
[20210512,1951]
[20210511,1931]
[20210510,1875]
[20210507,1797]
[20210506,1713]
[20210430,1652]
[20210429,1660]
[20210428,1670]
[20210427,1677]
[20210426,1669]
[20210423,1642]
[20210422,1632]
[20210421,1629]
[20210420,1625]
[20210419,1642]
[20210416,1603]
[20210415,1570]
[20210414,1571]
[20210413,1559]
[20210412,1552]
[20210409,1543]
[20210408,1546]
[20210407,1557]
[20210406,1561]
[20210402,1563]
[20210401,1616]
[20210331,1617]
[20210330,1628]
[20210329,1582]
[20210326,1511]
[20210325,1524]
[20210324,1510]
[20210323,1513]
[20210322,1557]
[20210319,1571]
[20210318,1566]
[20210317,1533]
[20210316,1483]
[20210315,1466]
[20210312,1503]
[20210311,1498]
[20210310,1467]
[20210309,1474]
[20210308,1479]
[20210305,1469]
[20210304,1490]
[20210303,1469]
[20210302,1415]
[20210301,1429]
[20210226,1493]
[20210225,1475]
[20210224,1438]
[20210223,1471]
[20210222,1530]
[20210219,1572]
[20210218,1525]
[20210210,1518]
[20210209,1513]
[20210208,1495]
[20210205,1482]
[20210204,1445]
[20210203,1435]
[20210202,1464]
[20210201,1479]
[20210129,1529]
[20210128,1565]
[20210127,1553]
[20210126,1591]
[20210125,1586]
[20210122,1612]
[20210121,1613]
[20210120,1617]
[20210119,1664]
[20210118,1688]
[20210115,1676]
[20210114,1617]
[20210113,1687]
[20210112,1740]
[20210111,1730]
[20210108,1734]
[20210107,1668]
[20210106,1665]
[20210105,1685]
[20210104,1637]
[20201231,1600]
[20201230,1621]
[20201229,1670]
[20201228,1672]
[20201225,1614]
[20201224,1596]
[20201223,1573]
[20201222,1631]
[20201221,1627]
[20201218,1561]
[20201217,1516]
[20201216,1499]
[20201215,1461]
[20201214,1501]
[20201211,1555]
[20201210,1528]
[20201209,1496]
[20201208,1440]
[20201207,1436]
[20201204,1414]
[20201203,1438]
[20201202,1403]
[20201201,1355]
[20201130,1320]
[20201127,1321]
[20201126,1315]
[20201125,1301]
[20201124,1283]
[20201123,1257]
[20201120,1231]
[20201119,1226]
[20201118,1231]
[20201117,1247]
[20201116,1259]
[20201113,1255]
[20201112,1242]
[20201111,1215]
[20201110,1218]
[20201109,1225]
[20201106,1221]
[20201105,1200]
[20201104,1212]
[20201103,1242]
[20201102,1238]
[20201030,1235]
[20201029,1226]
[20201028,1220]
[20201027,1225]
[20201026,1238]
[20201023,1253]
[20201022,1243]
[20201021,1236]
[20201020,1231]
[20201019,1245]
[20201016,1247]
[20201015,1255]
[20201014,1248]
[20201013,1256]
[20201012,1236]
[20201009,1199]
[20200930,1181]
[20200929,1172]
[20200928,1160]
[20200925,1164]
[20200924,1177]
[20200923,1184]
[20200922,1174]
[20200921,1181]
[20200918,1177]
[20200917,1164]
[20200916,1160]
[20200915,1173]
[20200914,1170]
[20200911,1158]
[20200910,1164]
[20200909,1173]
[20200908,1189]
[20200907,1187]
[20200904,1188]
[20200903,1188]
[20200902,1173]
[20200901,1160]
[20200831,1141]
[20200828,1136]
[20200827,1126]
[20200826,1127]
[20200825,1126]
[20200824,1119]
[20200821,1113]
[20200820,1098]
[20200819,1101]
[20200818,1096]
[20200817,1098]
[20200814,1088]
[20200813,1098]
[20200812,1093]
[20200811,1107]
[20200810,1112]
[20200807,1119]
[20200806,1112]
[20200805,1105]
[20200804,1122]
[20200803,1118]
[20200731,1107]
[20200730,1117]
[20200729,1112]
[20200728,1119]
[20200727,1132]
[20200724,1127]
[20200723,1119]
[20200722,1127]
[20200721,1123]
[20200720,1107]
[20200717,1105]
[20200716,1095]
[20200715,1096]
[20200714,1105]
[20200713,1099]
[20200710,1114]
[20200709,1105]
[20200708,1093]
[20200707,1088]
[20200706,1090]
[20200703,1092]
[20200702,1083]
[20200701,1080]
[20200630,1074]
[20200629,1088]
[20200624,1090]
[20200623,1081]
[20200622,1089]
[20200619,1090]
[20200618,1081]
[20200617,1084]
[20200616,1075]
[20200615,1086]
[20200612,1083]
[20200611,1084]
[20200610,1097]
[20200609,1091]
[20200608,1082]
[20200605,1078]
[20200604,1081]
[20200603,1076]
[20200602,1083]
[20200601,1071]
[20200529,1059]
[20200528,1064]
[20200527,1062]
[20200526,1054]
[20200525,1056]
[20200522,1065]
[20200521,1058]
[20200520,1070]
[20200519,1058]
[20200518,1040]
[20200515,1029]
[20200514,1030]
[20200513,1018]
[20200512,1006]
[20200511,996]
[20200508,999]
[20200507,990]
[20200506,977]
[20200430,966]
[20200429,944]
[20200428,984]
[20200427,998]
[20200424,1006]
[20200423,1021]
[20200422,1019]
[20200421,1035]
[20200420,1039]
[20200417,1040]
[20200416,1027]
[20200415,1035]
[20200414,1036]
[20200413,1035]
[20200410,1025]
[20200409,1006]
[20200408,999]
[20200407,991]
[20200403,1022]
[20200402,1030]
[20200401,1047]
[20200331,1034]
[20200330,1041]
[20200327,1036]
[20200326,1045]
[20200325,1056]
[20200324,1039]
[20200323,1041]
[20200320,1059]
[20200319,1055]
[20200318,1067]
[20200317,1068]
[20200316,1072]
[20200313,1065]
[20200312,1050]
[20200311,1044]
[20200310,1048]
[20200309,1040]
[20200306,1047]
[20200305,1058]
[20200304,1056]
[20200303,1059]
[20200302,1048]
[20200228,1050]
[20200227,1054]
[20200226,1060]
[20200225,1063]
[20200224,1056]
[20200221,1062]
[20200220,1053]
[20200219,1055]
[20200218,1055]
[20200217,1059]
[20200214,1054]
[20200213,1063]
[20200212,1058]
[20200211,1031]
[20200210,1022]
[20200207,1021]
[20200206,987]
[20200205,999]
[20200204,985]
[20200203,997]
[20200123,1012]
[20200122,1017]
[20200121,1019]
[20200120,1014]
[20200117,1016]
[20200116,1013]
[20200115,1006]
[20200114,1007]
[20200113,1001]
[20200110,1002]
[20200109,999]
[20200108,996]
[20200107,987]
[20200106,978]
[20200103,977]
[20200102,967]
[20191231,966]
[20191230,954]
[20191227,951]
[20191226,956]
[20191225,955]
[20191224,970]
[20191223,982]
[20191220,983]
[20191219,992]
[20191218,990]
[20191217,991]
[20191216,989]
[20191213,982]
[20191212,983]
[20191211,990]
[20191210,990]
[20191209,990]
[20191206,983]
[20191205,980]
[20191204,986]
[20191203,985]
[20191202,979]
[20191129,976]
[20191128,979]
[20191127,981]
[20191126,1002]
[20191125,1005]
[20191122,1001]
[20191121,1008]
[20191120,1002]
[20191119,990]
[20191118,980]
[20191115,986]
[20191114,984]
[20191113,979]
[20191112,979]
[20191111,987]
[20191108,986]
[20191107,985]
[20191106,993]
[20191105,984]
[20191104,985]
[20191101,986]
[20191031,1003]
[20191030,1002]
[20191029,998]
[20191028,1001]
[20191025,1002]
[20191024,997]
[20191023,995]
[20191022,984]
[20191021,987]
[20191018,985]
[20191017,977]
[20191016,989]
[20191015,983]
[20191014,995]
[20191011,998]
[20191010,995]
[20191009,1002]
[20191008,989]
[20190930,996]
[20190927,997]
[20190926,1006]
[20190925,996]
[20190924,1033]
[20190923,1032]
[20190920,1046]
[20190919,1061]
[20190918,1071]
[20190917,1081]
[20190916,1080]
[20190912,1074]
[20190911,1074]
[20190910,1069]
[20190909,1061]
[20190906,1057]
[20190905,1056]
[20190904,1043]
[20190903,1047]
[20190902,1042]
[20190830,1033]
[20190829,1039]
[20190828,1032]
[20190827,1035]
[20190826,1056]
[20190823,1062]
[20190822,1059]
[20190821,1064]
[20190820,1066]
[20190819,1060]
[20190816,1049]
[20190815,1048]
[20190814,1060]
[20190813,1059]
[20190812,1065]
[20190809,1058]
[20190808,1052]
[20190807,1054]
[20190806,1054]
[20190805,1053]
[20190802,1046]
[20190801,1049]
[20190731,1048]
[20190730,1047]
[20190729,1051]
[20190726,1056]
[20190725,1058]
[20190724,1050]
[20190723,1047]
[20190722,1063]
[20190719,1060]
[20190718,1059]
[20190717,1065]
[20190716,1056]
[20190715,1053]
[20190712,1047]
[20190711,1041]
[20190710,1037]
[20190709,1034]
[20190708,1026]
[20190705,1032]
[20190704,1029]
[20190703,1049]
[20190702,1053]
[20190701,1042]
[20190628,1039]
[20190627,1042]
[20190626,1037]
[20190625,1034]
[20190624,1044]
[20190621,1048]
[20190620,1049]
[20190619,1046]
[20190618,1037]
[20190617,1043]
[20190614,1052]
[20190613,1049]
[20190612,1077]
[20190611,1061]
[20190610,1044]
[20190606,1032]
[20190605,1035]
[20190604,1030]
[20190603,1038]
[20190531,1050]
[20190530,1051]
[20190529,1036]
[20190528,1041]
[20190527,1060]
[20190524,1052]
[20190523,1042]
[20190522,1063]
[20190521,1044]
[20190520,1042]
[20190517,1037]
[20190516,1027]
[20190515,1015]
[20190514,1013]
[20190513,1021]
[20190510,1017]
[20190509,1026]
[20190508,1029]
[20190507,1028]
[20190506,1020]
[20190430,1015]
[20190429,1013]
[20190426,1014]
[20190425,1012]
[20190424,1004]
[20190423,999]
[20190422,1003]
[20190419,993]
[20190418,993]
[20190417,989]
[20190416,994]
[20190415,988]
[20190412,983]
[20190411,989]
[20190410,1001]
[20190409,1025]
[20190408,1017]
[20190404,1016]
[20190403,1013]
[20190402,1017]
[20190401,1008]
[20190329,999]
[20190328,1005]
[20190327,1003]
[20190326,1004]
[20190325,1017]
[20190322,1007]
[20190321,1002]
[20190320,1001]
[20190319,1007]
[20190318,1008]
[20190315,1009]
[20190314,1003]
[20190313,1004]
[20190312,1001]
[20190311,1010]
[20190308,1035]
[20190307,1033]
[20190306,1041]
[20190305,1044]
[20190304,1068]
[20190301,1060]
[20190228,1054]
[20190227,1061]
[20190226,1050]
[20190225,1053]
[20190222,1045]
[20190221,1028]
[20190220,1021]
[20190219,1024]
[20190218,1033]
[20190215,1035]
[20190214,1040]
[20190213,1050]
[20190212,1047]
[20190211,1046]
[20190201,1038]
[20190131,1010]
[20190130,989]
[20190129,995]
[20190128,997]
[20190125,997]
[20190124,1003]
[20190123,998]
[20190122,990]
[20190121,1012]
[20190118,1008]
[20190117,1003]
[20190116,1008]
[20190115,1014]
[20190114,1015]
[20190111,988]
[20190110,970]
[20190109,969]
[20190108,974]
[20190107,966]
[20190104,961]
[20190103,946]
[20190102,962]
[20181228,958]
[20181227,966]
[20181226,956]
[20181225,976]
[20181224,975]
[20181221,978]
[20181220,974]
[20181219,989]
[20181218,1011]
[20181217,1022]
[20181214,1011]
[20181213,1002]
[20181212,980]
[20181211,980]
[20181210,988]
[20181207,981]
[20181206,958]
[20181205,954]
[20181204,944]
[20181203,936]
[20181130,908]
[20181129,904]
[20181128,896]
[20181127,892]
[20181126,909]
[20181123,925]
[20181122,935]
[20181121,927]
[20181120,939]
[20181119,940]
[20181116,939]
[20181115,929]
[20181114,917]
[20181113,922]
[20181112,919]
[20181109,922]
[20181108,923]
[20181107,930]
[20181106,941]
[20181105,930]
[20181102,940]
[20181101,947]
[20181031,946]
[20181030,947]
[20181029,954]
[20181026,963]
[20181025,954]
[20181024,943]
[20181023,934]
[20181022,930]
[20181019,938]
[20181018,949]
[20181017,943]
[20181016,925]
[20181015,933]
[20181012,927]
[20181011,923]
[20181010,922]
[20181009,902]
[20181008,879]
[20180928,861]
[20180927,873]
[20180926,872]
[20180925,874]
[20180921,871]
[20180920,887]
[20180919,882]
[20180918,877]
[20180917,881]
[20180914,873]
[20180913,866]
[20180912,873]
[20180911,896]
[20180910,878]
[20180907,870]
[20180906,855]
[20180905,840]
[20180904,832]
[20180903,846]
[20180831,851]
[20180830,846]
[20180829,863]
[20180828,856]
[20180827,873]
[20180824,878]
[20180823,904]
[20180822,899]
[20180821,900]
[20180820,889]
[20180817,878]
[20180816,863]
[20180815,856]
[20180814,857]
[20180813,845]
[20180810,865]
[20180809,864]
[20180808,873]
[20180807,883]
[20180806,875]
[20180803,854]
[20180802,851]
[20180801,857]
[20180731,860]
[20180730,855]
[20180727,859]
[20180726,856]
[20180725,854]
[20180724,838]
[20180723,834]
[20180720,831]
[20180719,827]
[20180718,821]
[20180717,816]
[20180716,810]
[20180713,824]
[20180712,825]
[20180711,816]
[20180710,827]
[20180709,822]
[20180706,820]
[20180705,824]
[20180704,834]
[20180703,834]
[20180702,858]
[20180629,851]
[20180628,847]
[20180627,848]
[20180626,854]
[20180625,857]
[20180622,847]
[20180621,866]
[20180620,862]
[20180619,902]
[20180615,896]
[20180614,898]
[20180613,913]
[20180612,903]
[20180611,898]
[20180608,900]
[20180607,897]
[20180606,889]
[20180605,885]
[20180604,895]
[20180601,890]
[20180531,874]
[20180530,870]
[20180529,870]
[20180528,854]
[20180525,855]
[20180524,845]
[20180523,872]
[20180522,879]
[20180521,878]
[20180518,892]
[20180517,909]
[20180516,908]
[20180515,914]
[20180514,900]
[20180511,893]
[20180510,878]
[20180509,893]
[20180508,892]
[20180507,887]
[20180504,859]
[20180503,865]
[20180502,841]
[20180427,834]
[20180426,832]
[20180425,844]
[20180424,844]
[20180423,827]
[20180420,840]
[20180419,820]
[20180418,815]
[20180417,802]
[20180416,807]
[20180413,809]
[20180412,822]
[20180411,840]
[20180410,841]
[20180409,848]
[20180404,850]
[20180403,840]
[20180402,844]
[20180330,827]
[20180329,796]
[20180328,814]
[20180327,818]
[20180326,809]
[20180323,829]
[20180322,839]
[20180321,848]
[20180320,835]
[20180319,834]
[20180316,836]
[20180315,842]
[20180314,829]
[20180313,824]
[20180312,845]
[20180309,862]
[20180308,876]
[20180307,896]
[20180306,897]
[20180305,907]
[20180302,913]
[20180301,920]
[20180228,930]
[20180227,922]
[20180226,917]
[20180223,901]
[20180222,897]
[20180214,892]
[20180213,888]
[20180212,881]
[20180209,887]
[20180208,890]
[20180207,884]
[20180206,892]
[20180205,882]
[20180202,854]
[20180201,843]
[20180131,845]
[20180130,841]
[20180129,850]
[20180126,859]
[20180125,852]
[20180124,837]
[20180123,829]
[20180122,842]
[20180119,832]
[20180118,838]
[20180117,833]
[20180116,863]
[20180115,876]
[20180112,897]
[20180111,890]
[20180110,902]
[20180109,909]
[20180108,897]
[20180105,890]
[20180104,885]
[20180103,881]
[20180102,864]
[20171229,857]
[20171228,846]
[20171227,865]
[20171226,862]
[20171225,905]
[20171222,895]
[20171221,898]
[20171220,897]
[20171219,878]
[20171218,851]
[20171215,816]
[20171214,836]
[20171213,839]
[20171212,834]
[20171211,840]
[20171208,815]
[20171207,887]
[20171206,882]
[20171205,897]
[20171204,920]
[20171201,906]
[20171130,892]
[20171129,875]
[20171128,867]
[20171127,881]
[20171124,869]
[20171123,867]
[20171122,830]
[20171121,802]
[20171120,786]
[20171117,771]
[20171116,767]
[20171115,794]
[20171114,795]
[20171113,798]
[20171110,793]
[20171109,797]
[20171108,778]
[20171107,766]
[20171106,753]
[20171103,747]
[20171102,729]
[20171101,704]
[20171031,717]
[20171030,724]
[20171027,725]
[20171026,724]
[20171025,720]
[20171024,734]
[20171023,754]
[20171020,739]
[20171019,762]
[20171018,765]
[20171017,769]
[20171016,782]
[20171013,768]
[20171012,734]
[20171011,721]
[20171010,717]
[20171009,745]
[20170929,735]
[20170928,766]
[20170927,765]
[20170926,772]
[20170925,793]
[20170922,803]
[20170921,856]
[20170920,842]
[20170919,851]
[20170918,865]
[20170915,921]
[20170914,939]
[20170913,964]
[20170912,958]
[20170911,916]
[20170908,933]
[20170907,910]
[20170906,933]
[20170905,923]
[20170904,931]
[20170901,947]
[20170831,928]
[20170830,922]
[20170829,961]
[20170828,986]
[20170825,986]
[20170824,970]
[20170823,976]
[20170822,967]
[20170821,966]
[20170818,967]
[20170817,922]
[20170816,884]
[20170815,855]
[20170814,870]
[20170811,871]
[20170810,877]
[20170809,863]
[20170808,837]
[20170807,845]
[20170804,833]
[20170803,866]
[20170802,856]
[20170801,869]
[20170731,847]
[20170728,830]
[20170727,824]
[20170726,827]
[20170725,809]
[20170724,814]
[20170721,804]
[20170720,811]
[20170719,823]
[20170718,801]
[20170717,777]
[20170714,766]
[20170713,752]
[20170712,748]
[20170711,742]
[20170710,734]
[20170707,729]
[20170706,726]
[20170705,729]
[20170704,740]
[20170703,733]
[20170630,733]
[20170629,714]
[20170628,688]
[20170627,670]
[20170626,673]
[20170623,667]
[20170622,669]
[20170621,657]
[20170620,651]
[20170619,640]
[20170616,631]
[20170615,637]
[20170614,623]
[20170613,625]
[20170612,623]
[20170609,628]
[20170608,631]
[20170607,629]
[20170606,625]
[20170605,617]
[20170602,615]
[20170601,616]
[20170531,668]
[20170526,680]
[20170525,679]
[20170524,695]
[20170523,681]
[20170522,687]
[20170519,679]
[20170518,679]
[20170517,674]
[20170516,661]
[20170515,662]
[20170512,663]
[20170511,688]
[20170510,688]
[20170509,674]
[20170508,668]
[20170505,678]
[20170504,716]
[20170503,738]
[20170502,728]
[20170428,721]
[20170427,706]
[20170426,706]
[20170425,708]
[20170424,735]
[20170421,728]
[20170420,709]
[20170419,710]
[20170418,728]
[20170417,728]
[20170414,735]
[20170413,747]
[20170412,784]
[20170411,818]
[20170410,828]
[20170407,869]
[20170406,852]
[20170405,814]
[20170331,781]
[20170330,784]
[20170329,760]
[20170328,749]
[20170327,783]
[20170324,796]
[20170323,780]
[20170322,790]
[20170321,794]
[20170320,776]
[20170317,787]
[20170316,793]
[20170315,796]
[20170314,801]
[20170313,778]
[20170310,791]
[20170309,785]
[20170308,793]
[20170307,793]
[20170306,797]
[20170303,803]
[20170302,808]
[20170301,783]
[20170228,769]
[20170227,769]
[20170224,744]
[20170223,745]
[20170222,770]
[20170221,779]
[20170220,760]
[20170217,747]
[20170216,756]
[20170215,745]
[20170214,739]
[20170213,720]
[20170210,708]
[20170209,715]
[20170208,712]
[20170207,709]
[20170206,719]
[20170203,766]
[20170126,749]
[20170125,739]
[20170124,732]
[20170123,719]
[20170120,752]
[20170119,747]
[20170118,750]
[20170117,807]
[20170116,790]
[20170113,764]
[20170112,764]
[20170111,772]
[20170110,755]
[20170109,717]
[20170106,706]
[20170105,698]
[20170104,690]
[20170103,719]
[20161230,716]
[20161229,711]
[20161228,723]
[20161227,714]
[20161226,757]
[20161223,767]
[20161222,809]
[20161221,808]
[20161220,802]
[20161219,788]
[20161216,784]
[20161215,775]
[20161214,763]
[20161213,753]
[20161212,783]
[20161209,799]
[20161208,816]
[20161207,801]
[20161206,785]
[20161205,780]
[20161202,792]
[20161201,811]
[20161130,791]
[20161129,838]
[20161128,832]
[20161125,826]
[20161124,821]
[20161123,848]
[20161122,814]
[20161121,784]
[20161118,819]
[20161117,828]
[20161116,806]
[20161115,862]
[20161114,850]
[20161111,811]
[20161110,819]
[20161109,793]
[20161108,795]
[20161107,770]
[20161104,719]
[20161103,692]
[20161102,700]
[20161101,680]
[20161031,688]
[20161028,666]
[20161027,670]
[20161026,683]
[20161025,675]
[20161024,654]
[20161021,637]
[20161020,646]
[20161019,637]
[20161018,616]
[20161017,598]
[20161014,576]
[20161013,565]
[20161012,555]
[20161011,543]
[20161010,533]
[20160930,528]
[20160929,525]
[20160928,505]
[20160927,507]
[20160926,504]
[20160923,490]
[20160922,500]
[20160921,492]
[20160920,483]
[20160919,465]
[20160914,454]
[20160913,458]
[20160912,475]
[20160909,479]
[20160908,481]
[20160907,498]
[20160906,493]
[20160905,486]
[20160902,471]
[20160901,456]
[20160831,465]
[20160830,463]
[20160829,455]
[20160826,452]
[20160825,455]
[20160824,457]
[20160823,458]
[20160822,451]
[20160819,445]
[20160818,454]
[20160817,461]
[20160816,463]
[20160815,484]
[20160812,484]
[20160811,480]
[20160810,484]
[20160809,486]
[20160808,480]
[20160805,464]
[20160804,464]
[20160803,467]
[20160802,470]
[20160801,459]
[20160729,460]
[20160728,451]
[20160727,447]
[20160726,448]
[20160725,442]
[20160722,442]
[20160721,438]
[20160720,430]
[20160719,430]
[20160718,442]
[20160715,441]
[20160714,449]
[20160713,459]
[20160712,450]
[20160711,436]
[20160708,429]
[20160707,433]
[20160706,426]
[20160705,432]
[20160704,432]
[20160701,427]
[20160630,426]
[20160629,432]
[20160628,436]
[20160627,427]
[20160624,423]
[20160623,417]
[20160622,411]
[20160621,401]
[20160620,402]
[20160617,396]
[20160616,392]
[20160615,387]
[20160614,394]
[20160613,406]
[20160608,413]
[20160607,419]
[20160606,414]
[20160603,414]
[20160602,408]
[20160601,406]
[20160531,410]
[20160530,407]
[20160527,406]
[20160526,394]
[20160525,392]
[20160524,411]
[20160523,430]
[20160520,423]
[20160519,417]
[20160518,426]
[20160517,417]
[20160516,400]
[20160513,404]
[20160512,408]
[20160511,408]
[20160510,404]
[20160509,415]
[20160506,419]
[20160505,433]
[20160504,430]
[20160503,459]
[20160429,447]
[20160428,453]
[20160427,473]
[20160426,489]
[20160425,471]
[20160422,465]
[20160421,458]
[20160420,438]
[20160419,427]
[20160418,426]
[20160415,422]
[20160414,427]
[20160413,421]
[20160412,406]
[20160411,394]
[20160408,388]
[20160407,389]
[20160406,395]
[20160405,390]
[20160401,384]
[20160331,375]
[20160330,368]
[20160329,367]
[20160328,371]
[20160325,367]
[20160324,375]
[20160323,381]
[20160322,376]
[20160321,384]
[20160318,381]
[20160317,374]
[20160316,371]
[20160315,370]
[20160314,376]
[20160311,367]
[20160310,366]
[20160309,376]
[20160308,371]
[20160307,362]
[20160304,363]
[20160303,368]
[20160302,369]
[20160301,369]
[20160229,364]
[20160226,366]
[20160225,368]
[20160224,359]
[20160223,360]
[20160222,350]
[20160219,345]
[20160218,340]
[20160217,342]
[20160216,340]
[20160215,339]
[20160205,340]
[20160204,337]
[20160203,336]
[20160202,336]
[20160201,336]
[20160129,332]
[20160128,337]
[20160127,334]
[20160126,330]
[20160125,328]
[20160122,325]
[20160121,323]
[20160120,325]
[20160119,326]
[20160118,323]
[20160115,321]
[20160114,318]
[20160113,321]
[20160112,331]
[20160111,331]
[20160108,330]
[20160107,333]
[20160106,337]
[20160105,336]
[20160104,339]
[20151231,339]
[20151230,338]
[20151229,330]
[20151228,327]
[20151225,328]
[20151224,327]
[20151223,328]
[20151222,326]
[20151221,323]
[20151218,318]
[20151217,314]
[20151216,311]
[20151215,314]
[20151214,312]
[20151211,307]
[20151210,305]
[20151209,314]
[20151208,316]
[20151207,310]
[20151204,309]
[20151203,315]
[20151202,314]
[20151201,310]
[20151130,308]
[20151127,313]
[20151126,310]
[20151125,302]
[20151124,296]
[20151123,298]
[20151120,300]
[20151119,309]
[20151118,313]
[20151117,311]
[20151116,312]
[20151113,310]
[20151112,307]
[20151111,308]
[20151110,306]
[20151109,308]
[20151106,310]
[20151105,308]
[20151104,306]
[20151103,304]
[20151102,304]
[20151030,304]
[20151029,304]
[20151028,309]
[20151027,309]
[20151026,313]
[20151023,313]
[20151022,312]
[20151021,312]
[20151020,311]
[20151019,311]
[20151016,308]
[20151015,309]
[20151014,310]
[20151013,310]
[20151012,318]
[20151009,317]
[20151008,313]
[20150930,313]
[20150929,315]
