[20210830,2814]
[20210827,2800]
[20210826,2859]
[20210825,2852]
[20210824,2917]
[20210823,2865]
[20210820,2813]
[20210819,2853]
[20210818,2869]
[20210817,2850]
[20210816,2850]
[20210813,2833]
[20210812,2829]
[20210811,2793]
[20210810,2760]
[20210809,2774]
[20210806,2761]
[20210805,2781]
[20210804,2769]
[20210803,2829]
[20210802,2918]
[20210730,2881]
[20210729,2808]
[20210728,2805]
[20210727,2822]
[20210726,2847]
[20210723,2882]
[20210722,2889]
[20210721,2864]
[20210720,2899]
[20210719,2874]
[20210716,2828]
[20210715,2811]
[20210714,2794]
[20210713,2771]
[20210712,2753]
[20210709,2704]
[20210708,2700]
[20210707,2776]
[20210706,2771]
[20210705,2753]
[20210702,2709]
[20210701,2713]
[20210630,2727]
[20210629,2686]
[20210628,2730]
[20210625,2701]
[20210624,2701]
[20210623,2686]
[20210622,2618]
[20210621,2585]
[20210618,2629]
[20210617,2646]
[20210616,2651]
[20210615,2616]
[20210611,2585]
[20210610,2590]
[20210609,2571]
[20210608,2573]
[20210607,2635]
[20210604,2674]
[20210603,2660]
[20210602,2695]
[20210601,2681]
[20210531,2697]
[20210528,2735]
[20210527,2829]
[20210526,2783]
[20210525,2718]
[20210524,2689]
[20210521,2683]
[20210520,2800]
[20210519,2836]
[20210518,2808]
[20210517,2854]
[20210514,2870]
[20210513,2893]
[20210512,2777]
[20210511,2695]
[20210510,2711]
[20210507,2692]
[20210506,2628]
[20210430,2602]
[20210429,2576]
[20210428,2589]
[20210427,2586]
[20210426,2549]
[20210423,2533]
[20210422,2559]
[20210421,2584]
[20210420,2596]
[20210419,2590]
[20210416,2572]
[20210415,2512]
[20210414,2472]
[20210413,2450]
[20210412,2541]
[20210409,2537]
[20210408,2546]
[20210407,2543]
[20210406,2531]
[20210402,2495]
[20210401,2464]
[20210331,2496]
[20210330,2482]
[20210329,2449]
[20210326,2430]
[20210325,2430]
[20210324,2440]
[20210323,2426]
[20210322,2405]
[20210319,2487]
[20210318,2516]
[20210317,2535]
[20210316,2539]
[20210315,2554]
[20210312,2535]
[20210311,2547]
[20210310,2656]
[20210309,2705]
[20210308,2700]
[20210305,2625]
[20210304,2620]
[20210303,2620]
[20210302,2607]
[20210301,2599]
[20210226,2602]
[20210225,2582]
[20210224,2527]
[20210223,2518]
[20210222,2496]
[20210219,2449]
[20210218,2408]
[20210210,2396]
[20210209,2397]
[20210208,2411]
[20210205,2395]
[20210204,2357]
[20210203,2347]
[20210202,2369]
[20210201,2392]
[20210129,2359]
[20210128,2333]
[20210127,2318]
[20210126,2351]
[20210125,2408]
[20210122,2398]
[20210121,2364]
[20210120,2387]
[20210119,2416]
[20210118,2395]
[20210115,2401]
[20210114,2437]
[20210113,2428]
[20210112,2391]
[20210111,2410]
[20210108,2452]
[20210107,2460]
[20210106,2489]
[20210105,2497]
[20210104,2476]
[20201231,2459]
[20201230,2422]
[20201229,2434]
[20201228,2525]
[20201225,2586]
[20201224,2539]
[20201223,2545]
[20201222,2596]
[20201221,2602]
[20201218,2607]
[20201217,2570]
[20201216,2595]
[20201215,2564]
[20201214,2561]
[20201211,2475]
[20201210,2412]
[20201209,2355]
[20201208,2366]
[20201207,2370]
[20201204,2361]
[20201203,2417]
[20201202,2422]
[20201201,2410]
[20201130,2376]
[20201127,2357]
[20201126,2420]
[20201125,2428]
[20201124,2400]
[20201123,2423]
[20201120,2397]
[20201119,2380]
[20201118,2339]
[20201117,2338]
[20201116,2366]
[20201113,2328]
[20201112,2264]
[20201111,2255]
[20201110,2182]
[20201109,2182]
[20201106,2156]
[20201105,2163]
[20201104,2147]
[20201103,2124]
[20201102,2116]
[20201030,2159]
[20201029,2162]
[20201028,2148]
[20201027,2117]
[20201026,2152]
[20201023,2187]
[20201022,2213]
[20201021,2190]
[20201020,2142]
[20201019,2169]
[20201016,2172]
[20201015,2144]
[20201014,2136]
[20201013,2125]
[20201012,2107]
[20201009,2077]
[20200930,2070]
[20200929,2082]
[20200928,2113]
[20200925,2104]
[20200924,2104]
[20200923,2108]
[20200922,2178]
[20200921,2173]
[20200918,2194]
[20200917,2197]
[20200916,2187]
[20200915,2173]
[20200914,2121]
[20200911,2092]
[20200910,2081]
[20200909,2122]
[20200908,2150]
[20200907,2162]
[20200904,2145]
[20200903,2136]
[20200902,2140]
[20200901,2111]
[20200831,2065]
[20200828,2055]
[20200827,2061]
[20200826,2049]
[20200825,2039]
[20200824,2032]
[20200821,2008]
[20200820,2017]
[20200819,2019]
[20200818,2013]
[20200817,2004]
[20200814,1999]
[20200813,1997]
[20200812,1983]
[20200811,1977]
[20200810,1966]
[20200807,1930]
[20200806,1936]
[20200805,1939]
[20200804,1940]
[20200803,1970]
[20200731,1996]
[20200730,2016]
[20200729,1999]
[20200728,1992]
[20200727,1972]
[20200724,2027]
[20200723,2023]
[20200722,2020]
[20200721,2027]
[20200720,2055]
[20200717,2100]
[20200716,2105]
[20200715,2106]
[20200714,2072]
[20200713,2051]
[20200710,2066]
[20200709,2061]
[20200708,2049]
[20200707,2076]
[20200706,2068]
[20200703,2048]
[20200702,2032]
[20200701,1998]
[20200630,1993]
[20200629,2004]
[20200624,2022]
[20200623,2002]
[20200622,1999]
[20200619,1974]
[20200618,1956]
[20200617,1969]
[20200616,1941]
[20200615,1960]
[20200612,1969]
[20200611,1991]
[20200610,2004]
[20200609,2021]
[20200608,2011]
[20200605,1999]
[20200604,2011]
[20200603,1979]
[20200602,1961]
[20200601,1947]
[20200529,1958]
[20200528,1964]
[20200527,1943]
[20200526,1936]
[20200525,1927]
[20200522,1996]
[20200521,1997]
[20200520,1973]
[20200519,1964]
[20200518,2014]
[20200515,2014]
[20200514,2001]
[20200513,1971]
[20200512,2009]
[20200511,2020]
[20200508,2005]
[20200507,2058]
[20200506,2043]
[20200430,2006]
[20200429,1951]
[20200428,1924]
[20200427,1937]
[20200424,1974]
[20200423,1922]
[20200422,1894]
[20200421,1993]
[20200420,1977]
[20200417,1974]
[20200416,2048]
[20200415,2047]
[20200414,2088]
[20200413,2161]
[20200410,2148]
[20200409,2097]
[20200408,2051]
[20200407,2012]
[20200403,1989]
[20200402,1933]
[20200401,1936]
[20200331,1915]
[20200330,1917]
[20200327,2055]
[20200326,2040]
[20200325,2118]
[20200324,2138]
[20200323,2196]
[20200320,2143]
[20200319,2177]
[20200318,2196]
[20200317,2228]
[20200316,2249]
[20200313,2305]
[20200312,2293]
[20200311,2338]
[20200310,2321]
[20200309,2489]
[20200306,2475]
[20200305,2496]
[20200304,2508]
[20200303,2502]
[20200302,2500]
[20200228,2549]
[20200227,2538]
[20200226,2611]
[20200225,2566]
[20200224,2593]
[20200221,2611]
[20200220,2597]
[20200219,2573]
[20200218,2584]
[20200217,2576]
[20200214,2555]
[20200213,2566]
[20200212,2583]
[20200211,2597]
[20200210,2623]
[20200207,2586]
[20200206,2552]
[20200205,2538]
[20200204,2606]
[20200203,2598]
[20200123,2743]
[20200122,2803]
[20200121,2868]
[20200120,2832]
[20200117,2850]
[20200116,2878]
[20200115,2904]
[20200114,2880]
[20200113,2814]
[20200110,2739]
[20200109,2853]
[20200108,2857]
[20200107,2806]
[20200106,2759]
[20200103,2714]
[20200102,2691]
[20191231,2720]
[20191230,2708]
[20191227,2669]
[20191226,2661]
[20191225,2647]
[20191224,2641]
[20191223,2644]
[20191220,2611]
[20191219,2583]
[20191218,2640]
[20191217,2618]
[20191216,2595]
[20191213,2601]
[20191212,2578]
[20191211,2582]
[20191210,2584]
[20191209,2598]
[20191206,2598]
[20191205,2576]
[20191204,2549]
[20191203,2509]
[20191202,2509]
[20191129,2516]
[20191128,2537]
[20191127,2546]
[20191126,2583]
[20191125,2543]
[20191122,2515]
[20191121,2476]
[20191120,2478]
[20191119,2521]
[20191118,2527]
[20191115,2518]
[20191114,2521]
[20191113,2538]
[20191112,2523]
[20191111,2580]
[20191108,2636]
[20191107,2673]
[20191106,2732]
[20191105,2712]
[20191104,2689]
[20191101,2694]
[20191031,2712]
[20191030,2715]
[20191029,2694]
[20191028,2678]
[20191025,2743]
[20191024,2747]
[20191023,2771]
[20191022,2769]
[20191021,2836]
[20191018,2827]
[20191017,2838]
[20191016,2924]
[20191015,2947]
[20191014,2988]
[20191011,3043]
[20191010,3077]
[20191009,3088]
[20191008,3089]
[20190930,3077]
[20190927,3056]
[20190926,3087]
[20190925,3078]
[20190924,3053]
[20190923,3021]
[20190920,2951]
[20190919,2965]
[20190918,3076]
[20190917,3061]
[20190916,2991]
[20190912,2951]
[20190911,2888]
[20190910,2909]
[20190909,2871]
[20190906,2811]
[20190905,2848]
[20190904,2847]
[20190903,2840]
[20190902,2805]
[20190830,2756]
[20190829,2782]
[20190828,2751]
[20190827,2752]
[20190826,2794]
[20190823,2764]
[20190822,2746]
[20190821,2823]
[20190820,2841]
[20190819,2835]
[20190816,2875]
[20190815,2887]
[20190814,2926]
[20190813,2897]
[20190812,2897]
[20190809,2909]
[20190808,2905]
[20190807,2857]
[20190806,2814]
[20190805,2893]
[20190802,2886]
[20190801,2874]
[20190731,2860]
[20190730,2826]
[20190729,2792]
[20190726,2833]
[20190725,2866]
[20190724,2869]
[20190723,2930]
[20190722,2966]
[20190719,2964]
[20190718,2962]
[20190717,2954]
[20190716,3027]
[20190715,3043]
[20190712,3068]
[20190711,3097]
[20190710,3079]
[20190709,3142]
[20190708,3182]
[20190705,3165]
[20190704,3167]
[20190703,3190]
[20190702,3163]
[20190701,3113]
[20190628,3152]
[20190627,3222]
[20190626,3216]
[20190625,3267]
[20190624,3261]
[20190621,3272]
[20190620,3247]
[20190619,3226]
[20190618,3200]
[20190617,3183]
[20190614,3206]
[20190613,3174]
[20190612,3171]
[20190611,3175]
[20190610,3172]
[20190606,3150]
[20190605,3174]
[20190604,3142]
[20190603,3245]
[20190531,3314]
[20190530,3397]
[20190529,3359]
[20190528,3324]
[20190527,3310]
[20190524,3353]
[20190523,3449]
[20190522,3444]
[20190521,3441]
[20190520,3395]
[20190517,3319]
[20190516,3293]
[20190515,3235]
[20190514,3286]
[20190513,3336]
[20190510,3350]
[20190509,3348]
[20190508,3343]
[20190507,3305]
[20190506,3280]
[20190430,3271]
[20190429,3272]
[20190426,3342]
[20190425,3330]
[20190424,3343]
[20190423,3341]
[20190422,3345]
[20190419,3285]
[20190418,3361]
[20190417,3356]
[20190416,3390]
[20190415,3436]
[20190412,3470]
[20190411,3480]
[20190410,3503]
[20190409,3549]
[20190408,3527]
[20190404,3476]
[20190403,3433]
[20190402,3433]
[20190401,3401]
[20190329,3380]
[20190328,3429]
[20190327,3478]
[20190326,3495]
[20190325,3507]
[20190322,3506]
[20190321,3508]
[20190320,3466]
[20190319,3465]
[20190318,3540]
[20190315,3636]
[20190314,3683]
[20190313,3696]
[20190312,3664]
[20190311,3643]
[20190308,3637]
[20190307,3732]
[20190306,3735]
[20190305,3747]
[20190304,3745]
[20190301,3643]
[20190228,3552]
[20190227,3594]
[20190226,3571]
[20190225,3567]
[20190222,3546]
[20190221,3539]
[20190220,3485]
[20190219,3458]
[20190218,3490]
[20190215,3630]
[20190214,3574]
[20190213,3591]
[20190212,3607]
[20190211,3577]
[20190201,3547]
[20190131,3509]
[20190130,3453]
[20190129,3451]
[20190128,3515]
[20190125,3538]
[20190124,3508]
[20190123,3522]
[20190122,3608]
[20190121,3568]
[20190118,3511]
[20190117,3551]
[20190116,3555]
[20190115,3522]
[20190114,3536]
[20190111,3507]
[20190110,3497]
[20190109,3486]
[20190108,3488]
[20190107,3493]
[20190104,3454]
[20190103,3405]
[20190102,3398]
[20181228,3379]
[20181227,3362]
[20181226,3280]
[20181225,3393]
[20181224,3450]
[20181221,3499]
[20181220,3494]
[20181219,3481]
[20181218,3518]
[20181217,3506]
[20181214,3487]
[20181213,3426]
[20181212,3412]
[20181211,3528]
[20181210,3557]
[20181207,3562]
[20181206,3556]
[20181205,3538]
[20181204,3374]
[20181203,3443]
[20181130,3447]
[20181129,3506]
[20181128,3449]
[20181127,3455]
[20181126,3544]
[20181123,3651]
[20181122,3661]
[20181121,3833]
[20181120,3897]
[20181119,3972]
[20181116,3936]
[20181115,3886]
[20181114,3978]
[20181113,4007]
[20181112,4057]
[20181109,4096]
[20181108,4056]
[20181107,4140]
[20181106,4278]
[20181105,4254]
[20181102,4184]
[20181101,4314]
[20181031,4317]
[20181030,4406]
[20181029,4604]
[20181026,4662]
[20181025,4810]
[20181024,4790]
[20181023,4779]
[20181022,4796]
[20181019,4856]
[20181018,4847]
[20181017,4841]
[20181016,4963]
[20181015,4999]
[20181012,4928]
[20181011,4938]
[20181010,4896]
[20181009,4834]
[20181008,4705]
[20180928,4652]
[20180927,4675]
[20180926,4771]
[20180925,4761]
[20180921,4788]
[20180920,4779]
[20180919,4707]
[20180918,4674]
[20180917,4662]
[20180914,4647]
[20180913,4690]
[20180912,4766]
[20180911,4860]
[20180910,4813]
[20180907,4752]
[20180906,4699]
[20180905,4659]
[20180904,4597]
[20180903,4671]
[20180831,4710]
[20180830,4679]
[20180829,4702]
[20180828,4749]
[20180827,4715]
[20180824,4734]
[20180823,4821]
[20180822,4912]
[20180821,4806]
[20180820,4642]
[20180817,4754]
[20180816,4741]
[20180815,4807]
[20180814,4771]
[20180813,4639]
[20180810,4690]
[20180809,4747]
[20180808,4741]
[20180807,4717]
[20180806,4677]
[20180803,4497]
[20180802,4389]
[20180801,4339]
[20180731,4360]
[20180730,4342]
[20180727,4292]
[20180726,4294]
[20180725,4350]
[20180724,4337]
[20180723,4300]
[20180720,4279]
[20180719,4247]
[20180718,4200]
[20180717,4209]
[20180716,4238]
[20180713,4276]
[20180712,4262]
[20180711,4283]
[20180710,4254]
[20180709,4268]
[20180706,4250]
[20180705,4233]
[20180704,4197]
[20180703,4149]
[20180702,4180]
[20180629,4140]
[20180628,4085]
[20180627,4026]
[20180626,4030]
[20180625,4033]
[20180622,4028]
[20180621,4095]
[20180620,4072]
[20180619,4102]
[20180615,4124]
[20180614,4140]
[20180613,4182]
[20180612,4168]
[20180611,4122]
[20180608,4125]
[20180607,4090]
[20180606,4037]
[20180605,4066]
[20180604,4098]
[20180601,4060]
[20180531,4032]
[20180530,4027]
[20180529,4017]
[20180528,4011]
[20180525,4067]
[20180524,4081]
[20180523,4091]
[20180522,4147]
[20180521,4154]
[20180518,4172]
[20180517,4170]
[20180516,4179]
[20180515,4101]
[20180514,4103]
[20180511,4099]
[20180510,4076]
[20180509,4054]
[20180508,4056]
[20180507,4045]
[20180504,4016]
[20180503,3973]
[20180502,3972]
[20180427,3950]
[20180426,3936]
[20180425,3999]
[20180424,3990]
[20180423,3909]
[20180420,3980]
[20180419,3990]
[20180418,3968]
[20180417,3903]
[20180416,3912]
[20180413,3892]
[20180412,3846]
[20180411,3803]
[20180410,3809]
[20180409,3807]
[20180404,3749]
[20180403,3731]
[20180402,3769]
[20180330,3759]
[20180329,3729]
[20180328,3724]
[20180327,3742]
[20180326,3820]
[20180323,3909]
[20180322,3885]
[20180321,3872]
[20180320,3873]
[20180319,3822]
[20180316,3798]
[20180315,3829]
[20180314,3793]
[20180313,3767]
[20180312,3749]
[20180309,3716]
[20180308,3722]
[20180307,3701]
[20180306,3733]
[20180305,3718]
[20180302,3715]
[20180301,3697]
[20180228,3716]
[20180227,3753]
[20180226,3830]
[20180223,3812]
[20180222,3792]
[20180214,3772]
[20180213,3779]
[20180212,3836]
[20180209,3870]
[20180208,3889]
[20180207,3908]
[20180206,3898]
[20180205,3871]
[20180202,3854]
[20180201,3858]
[20180131,3906]
[20180130,3955]
[20180129,3957]
[20180126,3936]
[20180125,3917]
[20180124,3944]
[20180123,3927]
[20180122,3886]
[20180119,3915]
[20180118,3913]
[20180117,3924]
[20180116,4078]
[20180115,4095]
[20180112,4130]
[20180111,4136]
[20180110,4133]
[20180109,4153]
[20180108,4118]
[20180105,4069]
[20180104,4043]
[20180103,4058]
[20180102,4037]
[20171229,3974]
[20171228,3970]
[20171227,4020]
[20171226,3999]
[20171225,4049]
[20171222,4056]
[20171221,4113]
[20171220,4089]
[20171219,4091]
[20171218,4053]
[20171215,4029]
[20171214,4074]
[20171213,4107]
[20171212,4038]
[20171211,3990]
[20171208,3976]
[20171207,4054]
[20171206,4051]
[20171205,3982]
[20171204,3844]
[20171201,3752]
[20171130,3764]
[20171129,3678]
[20171128,3660]
[20171127,3747]
[20171124,3780]
[20171123,3809]
[20171122,3790]
[20171121,3745]
[20171120,3693]
[20171117,3656]
[20171116,3621]
[20171115,3675]
[20171114,3697]
[20171113,3653]
[20171110,3630]
[20171109,3639]
[20171108,3617]
[20171107,3611]
[20171106,3572]
[20171103,3512]
[20171102,3464]
[20171101,3415]
[20171031,3389]
[20171030,3416]
[20171027,3486]
[20171026,3498]
[20171025,3509]
[20171024,3521]
[20171023,3479]
[20171020,3420]
[20171019,3421]
[20171018,3418]
[20171017,3361]
[20171016,3354]
[20171013,3311]
[20171012,3280]
[20171011,3384]
[20171010,3477]
[20171009,3491]
[20170929,3431]
[20170928,3415]
[20170927,3422]
[20170926,3411]
[20170925,3404]
[20170922,3402]
[20170921,3547]
[20170920,3520]
[20170919,3542]
[20170918,3553]
[20170915,3619]
[20170914,3664]
[20170913,3741]
[20170912,3712]
[20170911,3652]
[20170908,3668]
[20170907,3714]
[20170906,3732]
[20170905,3735]
[20170904,3769]
[20170901,3677]
[20170831,3642]
[20170830,3612]
[20170829,3572]
[20170828,3507]
[20170825,3474]
[20170824,3482]
[20170823,3497]
[20170822,3462]
[20170821,3440]
[20170818,3425]
[20170817,3360]
[20170816,3295]
[20170815,3305]
[20170814,3338]
[20170811,3404]
[20170810,3406]
[20170809,3399]
[20170808,3341]
[20170807,3295]
[20170804,3272]
[20170803,3262]
[20170802,3243]
[20170801,3222]
[20170731,3167]
[20170728,3185]
[20170727,3179]
[20170726,3301]
[20170725,3283]
[20170724,3326]
[20170721,3368]
[20170720,3412]
[20170719,3347]
[20170718,3348]
[20170717,3293]
[20170714,3278]
[20170713,3302]
[20170712,3336]
[20170711,3296]
[20170710,3298]
[20170707,3277]
[20170706,3239]
[20170705,3187]
[20170704,3195]
[20170703,3175]
[20170630,3118]
[20170629,3082]
[20170628,3057]
[20170627,3071]
[20170626,3078]
[20170623,3075]
[20170622,3148]
[20170621,3191]
[20170620,3149]
[20170619,3129]
[20170616,3084]
[20170615,3114]
[20170614,3082]
[20170613,3101]
[20170612,3103]
[20170609,3116]
[20170608,3062]
[20170607,3049]
[20170606,3036]
[20170605,2988]
[20170602,3014]
[20170601,3000]
[20170531,3160]
[20170526,3206]
[20170525,3180]
[20170524,3157]
[20170523,3182]
[20170522,3204]
[20170519,3127]
[20170518,3068]
[20170517,3053]
[20170516,3000]
[20170515,2972]
[20170512,2985]
[20170511,2953]
[20170510,2982]
[20170509,2990]
[20170508,2979]
[20170505,3019]
[20170504,3165]
[20170503,3186]
[20170502,3174]
[20170428,3189]
[20170427,3164]
[20170426,3139]
[20170425,3141]
[20170424,3168]
[20170421,3192]
[20170420,3186]
[20170419,3164]
[20170418,3176]
[20170417,3202]
[20170414,3269]
[20170413,3266]
[20170412,3286]
[20170411,3361]
[20170410,3447]
[20170407,3441]
[20170406,3407]
[20170405,3353]
[20170331,3320]
[20170330,3288]
[20170329,3244]
[20170328,3226]
[20170327,3269]
[20170324,3255]
[20170323,3249]
[20170322,3303]
[20170321,3378]
[20170320,3435]
[20170317,3456]
[20170316,3495]
[20170315,3479]
[20170314,3473]
[20170313,3504]
[20170310,3526]
[20170309,3566]
[20170308,3660]
[20170307,3648]
[20170306,3677]
[20170303,3674]
[20170302,3697]
[20170301,3710]
[20170228,3827]
[20170227,3804]
[20170224,3720]
[20170223,3800]
[20170222,3810]
[20170221,3920]
[20170220,3928]
[20170217,3937]
[20170216,3965]
[20170215,3991]
[20170214,3949]
[20170213,3848]
[20170210,3759]
[20170209,3789]
[20170208,3785]
[20170207,3770]
[20170206,3755]
[20170203,3764]
[20170126,3814]
[20170125,3726]
[20170124,3676]
[20170123,3642]
[20170120,3620]
[20170119,3649]
[20170118,3637]
[20170117,3688]
[20170116,3637]
[20170113,3519]
[20170112,3501]
[20170111,3490]
[20170110,3488]
[20170109,3441]
[20170106,3436]
[20170105,3437]
[20170104,3423]
[20170103,3544]
[20161230,3660]
[20161229,3686]
[20161228,3681]
[20161227,3600]
[20161226,3512]
[20161223,3600]
[20161222,3606]
[20161221,3613]
[20161220,3622]
[20161219,3802]
[20161216,3831]
[20161215,3820]
[20161214,3707]
[20161213,3694]
[20161212,3722]
[20161209,3637]
[20161208,3664]
[20161207,3595]
[20161206,3437]
[20161205,3375]
[20161202,3265]
[20161201,3255]
[20161130,3245]
[20161129,3300]
[20161128,3279]
[20161125,3270]
[20161124,3327]
[20161123,3369]
[20161122,3339]
[20161121,3269]
[20161118,3208]
[20161117,3146]
[20161116,3034]
[20161115,3076]
[20161114,3179]
[20161111,3198]
[20161110,3154]
[20161109,3164]
[20161108,3138]
[20161107,3119]
[20161104,3142]
[20161103,3111]
[20161102,3181]
[20161101,3199]
[20161031,3168]
[20161028,3065]
[20161027,3042]
[20161026,3017]
[20161025,2980]
[20161024,2907]
[20161021,2926]
[20161020,2953]
[20161019,2991]
[20161018,2931]
[20161017,2920]
[20161014,2927]
[20161013,2927]
[20161012,2901]
[20161011,2901]
[20161010,2837]
[20160930,2792]
[20160929,2720]
[20160928,2651]
[20160927,2629]
[20160926,2637]
[20160923,2654]
[20160922,2670]
[20160921,2707]
[20160920,2707]
[20160919,2689]
[20160914,2657]
[20160913,2648]
[20160912,2660]
[20160909,2644]
[20160908,2641]
[20160907,2639]
[20160906,2615]
[20160905,2578]
[20160902,2551]
[20160901,2526]
[20160831,2508]
[20160830,2493]
[20160829,2526]
[20160826,2568]
[20160825,2552]
[20160824,2540]
[20160823,2558]
[20160822,2631]
[20160819,2641]
[20160818,2657]
[20160817,2666]
[20160816,2677]
[20160815,2674]
[20160812,2659]
[20160811,2639]
[20160810,2658]
[20160809,2631]
[20160808,2642]
[20160805,2634]
[20160804,2642]
[20160803,2664]
[20160802,2662]
[20160801,2635]
[20160729,2585]
[20160728,2556]
[20160727,2585]
[20160726,2568]
[20160725,2565]
[20160722,2626]
[20160721,2616]
[20160720,2611]
[20160719,2611]
[20160718,2661]
[20160715,2721]
[20160714,2708]
[20160713,2706]
[20160712,2653]
[20160711,2622]
[20160708,2684]
[20160707,2694]
[20160706,2716]
[20160705,2816]
[20160704,2800]
[20160701,2749]
[20160630,2754]
[20160629,2731]
[20160628,2698]
[20160627,2612]
[20160624,2617]
[20160623,2640]
[20160622,2640]
[20160621,2648]
[20160620,2621]
[20160617,2598]
[20160616,2575]
[20160615,2558]
[20160614,2580]
[20160613,2605]
[20160608,2643]
[20160607,2659]
[20160606,2646]
[20160603,2652]
[20160602,2628]
[20160601,2607]
[20160531,2626]
[20160530,2603]
[20160527,2616]
[20160526,2588]
[20160525,2521]
[20160524,2538]
[20160523,2575]
[20160520,2584]
[20160519,2613]
[20160518,2668]
[20160517,2641]
[20160516,2628]
[20160513,2690]
[20160512,2704]
[20160511,2681]
[20160510,2671]
[20160509,2688]
[20160506,2731]
[20160505,2753]
[20160504,2774]
[20160503,2806]
[20160429,2799]
[20160428,2837]
[20160427,2808]
[20160426,2807]
[20160425,2816]
[20160422,2840]
[20160421,2798]
[20160420,2711]
[20160419,2731]
[20160418,2717]
[20160415,2736]
[20160414,2699]
[20160413,2663]
[20160412,2577]
[20160411,2613]
[20160408,2640]
[20160407,2649]
[20160406,2644]
[20160405,2679]
[20160401,2666]
[20160331,2681]
[20160330,2694]
[20160329,2702]
[20160328,2741]
[20160325,2755]
[20160324,2823]
[20160323,2853]
[20160322,2881]
[20160321,2845]
[20160318,2839]
[20160317,2751]
[20160316,2720]
[20160315,2729]
[20160314,2740]
[20160311,2734]
[20160310,2784]
[20160309,2667]
[20160308,2663]
[20160307,2645]
[20160304,2578]
[20160303,2582]
[20160302,2598]
[20160301,2572]
[20160229,2540]
[20160226,2582]
[20160225,2605]
[20160224,2648]
[20160223,2639]
[20160222,2675]
[20160219,2632]
[20160218,2598]
[20160217,2608]
[20160216,2596]
[20160215,2590]
[20160205,2576]
[20160204,2540]
[20160203,2505]
[20160202,2495]
[20160201,2505]
[20160129,2494]
[20160128,2527]
[20160127,2495]
[20160126,2487]
[20160125,2498]
[20160122,2517]
[20160121,2506]
[20160120,2534]
[20160119,2511]
[20160118,2478]
[20160115,2450]
[20160114,2425]
[20160113,2436]
[20160112,2454]
[20160111,2518]
[20160108,2499]
[20160107,2485]
[20160106,2491]
[20160105,2467]
[20160104,2496]
[20151231,2494]
[20151230,2470]
[20151229,2438]
[20151228,2439]
[20151225,2443]
[20151224,2438]
[20151223,2413]
[20151222,2413]
[20151221,2393]
[20151218,2361]
[20151217,2382]
[20151216,2383]
[20151215,2400]
[20151214,2349]
[20151211,2330]
[20151210,2322]
[20151209,2317]
[20151208,2344]
[20151207,2333]
[20151204,2359]
[20151203,2380]
[20151202,2400]
[20151201,2381]
[20151130,2384]
[20151127,2419]
[20151126,2435]
[20151125,2356]
[20151124,2286]
[20151123,2328]
[20151120,2366]
[20151119,2378]
[20151118,2453]
[20151117,2440]
[20151116,2476]
[20151113,2462]
[20151112,2421]
[20151111,2457]
[20151110,2460]
[20151109,2471]
[20151106,2443]
[20151105,2465]
[20151104,2437]
[20151103,2434]
[20151102,2412]
[20151030,2424]
[20151029,2433]
[20151028,2424]
[20151027,2433]
[20151026,2449]
[20151023,2482]
[20151022,2486]
[20151021,2501]
[20151020,2519]
[20151019,2540]
[20151016,2580]
[20151015,2597]
[20151014,2622]
[20151013,2640]
[20151012,2633]
[20151009,2608]
[20151008,2553]
[20150930,2545]
[20150929,2521]
