[20210830,15346]
[20210827,15330]
[20210826,15429]
[20210825,15507]
[20210824,15476]
[20210823,15353]
[20210820,15486]
[20210819,15432]
[20210818,15449]
[20210817,15459]
[20210816,15449]
[20210813,15550]
[20210812,15469]
[20210811,15568]
[20210810,15556]
[20210809,15818]
[20210806,15781]
[20210805,15936]
[20210804,15830]
[20210803,16099]
[20210802,15941]
[20210730,16021]
[20210729,15914]
[20210728,16104]
[20210727,16119]
[20210726,16376]
[20210723,16191]
[20210722,16037]
[20210721,15811]
[20210720,15946]
[20210719,16008]
[20210716,16085]
[20210715,15920]
[20210714,15744]
[20210713,15990]
[20210712,15892]
[20210709,15836]
[20210708,15993]
[20210707,15937]
[20210706,15936]
[20210705,15839]
[20210702,15845]
[20210701,16160]
[20210630,15829]
[20210629,15529]
[20210628,15749]
[20210625,15628]
[20210624,15552]
[20210623,15693]
[20210622,15572]
[20210621,15396]
[20210618,15528]
[20210617,15388]
[20210616,15430]
[20210615,15603]
[20210611,15586]
[20210610,15607]
[20210609,15423]
[20210608,15134]
[20210607,15181]
[20210604,15462]
[20210603,15508]
[20210602,15582]
[20210601,15795]
[20210531,15794]
[20210528,15689]
[20210527,15577]
[20210526,15464]
[20210525,15600]
[20210524,15818]
[20210521,16018]
[20210520,15821]
[20210519,15797]
[20210518,15584]
[20210517,15303]
[20210514,15522]
[20210513,15861]
[20210512,15938]
[20210511,15927]
[20210510,15991]
[20210507,15727]
[20210506,15471]
[20210430,15517]
[20210429,15585]
[20210428,15700]
[20210427,15628]
[20210426,15548]
[20210423,15575]
[20210422,15481]
[20210421,15582]
[20210420,15368]
[20210419,15283]
[20210416,15116]
[20210415,15115]
[20210414,15026]
[20210413,14971]
[20210412,15143]
[20210409,15102]
[20210408,15150]
[20210407,15198]
[20210406,15248]
[20210402,15463]
[20210401,15608]
[20210331,15692]
[20210330,15448]
[20210329,15261]
[20210326,15144]
[20210325,15465]
[20210324,15516]
[20210323,15400]
[20210322,15063]
[20210319,14987]
[20210318,15090]
[20210317,15068]
[20210316,15049]
[20210315,15187]
[20210312,15262]
[20210311,15060]
[20210310,15136]
[20210309,15070]
[20210308,15340]
[20210305,15310]
[20210304,15607]
[20210303,15627]
[20210302,15580]
[20210301,15831]
[20210226,16030]
[20210225,16039]
[20210224,16143]
[20210223,16043]
[20210222,15898]
[20210219,15843]
[20210218,15824]
[20210210,15415]
[20210209,15523]
[20210208,15567]
[20210205,15500]
[20210204,15127]
[20210203,15189]
[20210202,15336]
[20210201,15381]
[20210129,15613]
[20210128,15752]
[20210127,15740]
[20210126,15876]
[20210125,15633]
[20210122,15472]
[20210121,15462]
[20210120,15227]
[20210119,15266]
[20210118,15295]
[20210115,15265]
[20210114,15150]
[20210113,14967]
[20210112,14782]
[20210111,15266]
[20210108,15585]
[20210107,15305]
[20210106,15356]
[20210105,15361]
[20210104,15144]
[20201231,15172]
[20201230,15097]
[20201229,15225]
[20201228,15111]
[20201225,14970]
[20201224,14924]
[20201223,14607]
[20201222,14903]
[20201221,15353]
[20201218,15332]
[20201217,15172]
[20201216,15021]
[20201215,15358]
[20201214,15308]
[20201211,15485]
[20201210,15533]
[20201209,15523]
[20201208,15371]
[20201207,15399]
[20201204,15255]
[20201203,15435]
[20201202,15677]
[20201201,15969]
[20201130,15653]
[20201127,15683]
[20201126,15615]
[20201125,15799]
[20201124,15575]
[20201123,15592]
[20201120,15384]
[20201119,15056]
[20201118,15094]
[20201117,15130]
[20201116,15229]
[20201113,15139]
[20201112,15048]
[20201111,14972]
[20201110,14982]
[20201109,14803]
[20201106,14872]
[20201105,14755]
[20201104,14814]
[20201103,14897]
[20201102,14820]
[20201030,14965]
[20201029,14955]
[20201028,14827]
[20201027,14704]
[20201026,14871]
[20201023,14850]
[20201022,14803]
[20201021,14753]
[20201020,14806]
[20201019,14860]
[20201016,14987]
[20201015,14911]
[20201014,15218]
[20201013,15177]
[20201012,15128]
[20201009,15487]
[20200930,15624]
[20200929,15421]
[20200928,15350]
[20200925,15507]
[20200924,15576]
[20200923,15550]
[20200922,15427]
[20200921,15378]
[20200918,15122]
[20200917,15068]
[20200916,15207]
[20200915,15161]
[20200914,15099]
[20200911,15145]
[20200910,15260]
[20200909,15662]
[20200908,15644]
[20200907,15560]
[20200904,15737]
[20200903,15972]
[20200902,16034]
[20200901,15836]
[20200831,15852]
[20200828,15701]
[20200827,15838]
[20200826,15951]
[20200825,16029]
[20200824,16093]
[20200821,16080]
[20200820,16208]
[20200819,16224]
[20200818,16320]
[20200817,16243]
[20200814,16087]
[20200813,16047]
[20200812,16108]
[20200811,16234]
[20200810,16337]
[20200807,16451]
[20200806,16218]
[20200805,15913]
[20200804,15940]
[20200803,15874]
[20200731,15783]
[20200730,15725]
[20200729,15503]
[20200728,15354]
[20200727,15169]
[20200724,14989]
[20200723,15005]
[20200722,15183]
[20200721,14950]
[20200720,14964]
[20200717,14946]
[20200716,15381]
[20200715,15409]
[20200714,15509]
[20200713,15323]
[20200710,15115]
[20200709,15063]
[20200708,14838]
[20200707,14718]
[20200706,14692]
[20200703,14834]
[20200702,14885]
[20200701,14799]
[20200630,14731]
[20200629,14579]
[20200624,14503]
[20200623,14659]
[20200622,14648]
[20200619,14498]
[20200618,14396]
[20200617,14275]
[20200616,14159]
[20200615,14098]
[20200612,14100]
[20200611,14379]
[20200610,14300]
[20200609,14305]
[20200608,14329]
[20200605,14260]
[20200604,14410]
[20200603,14436]
[20200602,14507]
[20200601,14380]
[20200530,14218]
[20200529,14295]
[20200528,14269]
[20200527,14282]
[20200526,14350]
[20200525,14292]
[20200522,14190]
[20200521,14171]
[20200520,14016]
[20200519,13933]
[20200518,13859]
[20200515,13829]
[20200514,13784]
[20200513,14036]
[20200512,14021]
[20200511,13799]
[20200508,13793]
[20200507,13763]
[20200506,13676]
[20200430,13656]
[20200429,13677]
[20200428,13850]
[20200427,13789]
[20200424,13750]
[20200423,13580]
[20200422,13589]
[20200421,13495]
[20200420,13628]
[20200417,13582]
[20200416,13553]
[20200415,13771]
[20200414,13764]
[20200413,13610]
[20200410,13437]
[20200409,13428]
[20200408,13582]
[20200407,13653]
[20200403,13523]
[20200402,13383]
[20200401,13587]
[20200331,13459]
[20200330,13648]
[20200327,13320]
[20200326,13273]
[20200325,13291]
[20200324,13011]
[20200323,13016]
[20200320,12846]
[20200319,12808]
[20200318,13417]
[20200317,13888]
[20200316,13849]
[20200313,13945]
[20200312,14047]
[20200311,14196]
[20200310,14176]
[20200309,14053]
[20200306,14103]
[20200305,14125]
[20200304,14209]
[20200303,14287]
[20200302,14084]
[20200228,14157]
[20200227,14216]
[20200226,14210]
[20200225,14165]
[20200224,14340]
[20200221,14271]
[20200220,14203]
[20200219,14099]
[20200218,14128]
[20200217,14102]
[20200214,13929]
[20200213,13874]
[20200212,13790]
[20200211,13715]
[20200210,13763]
[20200207,13870]
[20200206,13783]
[20200205,13993]
[20200204,13997]
[20200203,14512]
[20200123,14810]
[20200122,14774]
[20200121,15086]
[20200120,15023]
[20200117,14951]
[20200116,14842]
[20200115,14690]
[20200114,14643]
[20200113,14639]
[20200110,14616]
[20200109,14639]
[20200108,14534]
[20200107,14433]
[20200106,14366]
[20200103,14581]
[20200102,14717]
[20191231,14849]
[20191230,14904]
[20191227,14879]
[20191226,14932]
[20191225,14803]
[20191224,14615]
[20191223,14643]
[20191220,14736]
[20191219,14666]
[20191218,14601]
[20191217,14634]
[20191216,14760]
[20191213,14834]
[20191212,14772]
[20191211,14672]
[20191210,14664]
[20191209,14654]
[20191206,14591]
[20191205,14562]
[20191204,14565]
[20191203,14812]
[20191202,14932]
[20191129,14989]
[20191128,14860]
[20191127,14859]
[20191126,15062]
[20191125,15060]
[20191122,15061]
[20191121,15144]
[20191120,15157]
[20191119,15366]
[20191118,15390]
[20191115,15223]
[20191114,15337]
[20191113,15517]
[20191112,15419]
[20191111,15562]
[20191108,15550]
[20191107,15613]
[20191106,15832]
[20191105,15917]
[20191104,16015]
[20191101,16043]
[20191031,16174]
[20191030,16101]
[20191029,16159]
[20191028,16190]
[20191025,16074]
[20191024,16096]
[20191023,16276]
[20191022,16243]
[20191021,16373]
[20191018,16437]
[20191017,16318]
[20191016,16205]
[20191015,16246]
[20191014,16264]
[20191011,16278]
[20191010,16242]
[20191009,16517]
[20191008,16315]
[20190930,16326]
[20190927,16242]
[20190926,16277]
[20190925,16181]
[20190924,16226]
[20190923,16199]
[20190920,16180]
[20190919,16206]
[20190918,16181]
[20190917,16640]
[20190916,16635]
[20190912,16669]
[20190911,16694]
[20190910,16685]
[20190909,16794]
[20190906,16732]
[20190905,16560]
[20190904,16640]
[20190903,16699]
[20190902,16543]
[20190830,16638]
[20190829,16721]
[20190828,16565]
[20190827,16386]
[20190826,16428]
[20190823,16338]
[20190822,16409]
[20190821,16364]
[20190820,16191]
[20190819,16063]
[20190816,16001]
[20190815,16022]
[20190814,15959]
[20190813,16201]
[20190812,16196]
[20190809,16076]
[20190808,15959]
[20190807,15898]
[20190806,15788]
[20190805,15696]
[20190802,15704]
[20190801,15862]
[20190731,16136]
[20190730,16096]
[20190729,16073]
[20190726,16052]
[20190725,15952]
[20190724,15856]
[20190723,15777]
[20190722,16033]
[20190719,15909]
[20190718,15788]
[20190717,15610]
[20190716,15451]
[20190715,15406]
[20190712,15436]
[20190711,15298]
[20190710,15340]
[20190709,15283]
[20190708,15315]
[20190705,15446]
[20190704,15351]
[20190703,15471]
[20190702,15579]
[20190701,15447]
[20190628,15355]
[20190627,15487]
[20190626,15557]
[20190625,15497]
[20190624,15403]
[20190621,15408]
[20190620,15539]
[20190619,15497]
[20190618,15453]
[20190617,15421]
[20190614,15350]
[20190613,15332]
[20190612,15444]
[20190611,15495]
[20190610,15312]
[20190606,15308]
[20190605,15165]
[20190604,15228]
[20190603,15246]
[20190531,15437]
[20190530,15285]
[20190529,15229]
[20190528,15309]
[20190527,15520]
[20190524,15524]
[20190523,15470]
[20190522,15407]
[20190521,15304]
[20190520,15366]
[20190517,15529]
[20190516,15321]
[20190515,15267]
[20190514,15213]
[20190513,15413]
[20190510,15489]
[20190509,15603]
[20190508,15613]
[20190507,15630]
[20190506,16065]
[20190430,15944]
[20190429,15904]
[20190426,15841]
[20190425,15686]
[20190424,15743]
[20190423,15810]
[20190422,15759]
[20190419,15645]
[20190418,15688]
[20190417,15770]
[20190416,15676]
[20190415,15588]
[20190412,15683]
[20190411,15928]
[20190410,16122]
[20190409,16102]
[20190408,16182]
[20190404,16108]
[20190403,16110]
[20190402,16176]
[20190401,16056]
[20190329,15987]
[20190328,16055]
[20190327,16059]
[20190326,16078]
[20190325,16198]
[20190322,16217]
[20190321,16173]
[20190320,16055]
[20190319,16119]
[20190318,16395]
[20190315,16499]
[20190314,16621]
[20190313,16649]
[20190312,16627]
[20190311,16671]
[20190308,16740]
[20190307,16688]
[20190306,16741]
[20190305,16894]
[20190304,16940]
[20190301,16757]
[20190228,16391]
[20190227,16292]
[20190226,16311]
[20190225,16300]
[20190222,16119]
[20190221,15999]
[20190220,16058]
[20190219,16164]
[20190218,16094]
[20190215,16073]
[20190214,16025]
[20190213,16002]
[20190212,16047]
[20190211,16557]
[20190201,16624]
[20190131,16671]
[20190130,16810]
[20190129,16869]
[20190128,16899]
[20190125,16845]
[20190124,16757]
[20190123,16656]
[20190122,16731]
[20190121,16754]
[20190118,16662]
[20190117,16652]
[20190116,16679]
[20190115,16586]
[20190114,16563]
[20190111,16539]
[20190110,16635]
[20190109,16561]
[20190108,16752]
[20190107,16801]
[20190104,16824]
[20190103,17061]
[20190102,17118]
[20181228,16984]
[20181227,16924]
[20181226,16904]
[20181225,16992]
[20181224,17087]
[20181221,17098]
[20181220,17174]
[20181219,17040]
[20181218,17145]
[20181217,17151]
[20181214,17256]
[20181213,17313]
[20181212,17193]
[20181211,17285]
[20181210,17352]
[20181207,17295]
[20181206,17319]
[20181205,17260]
[20181204,17333]
[20181203,17235]
[20181130,17065]
[20181129,16938]
[20181128,16831]
[20181127,16909]
[20181126,17232]
[20181123,17176]
[20181122,17098]
[20181121,17075]
[20181120,16978]
[20181119,16979]
[20181116,17020]
[20181115,16922]
[20181114,16885]
[20181113,16972]
[20181112,16929]
[20181109,16927]
[20181108,16804]
[20181107,16789]
[20181106,16992]
[20181105,17092]
[20181102,17084]
[20181101,17022]
[20181031,16786]
[20181030,16918]
[20181029,16916]
[20181026,16796]
[20181025,16698]
[20181024,16612]
[20181023,16632]
[20181022,16498]
[20181019,16701]
[20181018,16868]
[20181017,16929]
[20181016,16988]
[20181015,16837]
[20181012,16448]
[20181011,16551]
[20181010,16568]
[20181009,16421]
[20181008,16363]
[20180928,16244]
[20180927,16269]
[20180926,16534]
[20180925,16507]
[20180921,16673]
[20180920,16749]
[20180919,16580]
[20180918,16468]
[20180917,16783]
[20180914,16605]
[20180913,16648]
[20180912,16668]
[20180911,16768]
[20180910,16584]
[20180907,16410]
[20180906,16459]
[20180905,16590]
[20180904,16654]
[20180903,16664]
[20180831,16546]
[20180830,16276]
[20180829,16249]
[20180828,16236]
[20180827,16161]
[20180824,15886]
[20180823,15599]
[20180822,15492]
[20180821,15463]
[20180820,15378]
[20180817,15425]
[20180816,15760]
[20180815,15961]
[20180814,15788]
[20180813,15848]
[20180810,16035]
[20180809,16039]
[20180808,15872]
[20180807,15552]
[20180806,15618]
[20180803,15860]
[20180802,15919]
[20180801,16082]
[20180731,16027]
[20180730,16373]
[20180727,16382]
[20180726,16372]
[20180725,16206]
[20180724,16068]
[20180723,15978]
[20180720,16210]
[20180719,16210]
[20180718,15934]
[20180717,16144]
[20180716,16242]
[20180713,16214]
[20180712,16182]
[20180711,16537]
[20180710,16686]
[20180709,16780]
[20180706,16670]
[20180705,16925]
[20180704,17105]
[20180703,17083]
[20180702,17386]
[20180629,17513]
[20180628,17327]
[20180627,17059]
[20180626,16717]
[20180625,16635]
[20180622,16539]
[20180621,16643]
[20180620,16730]
[20180619,16914]
[20180615,16892]
[20180614,17168]
[20180613,17153]
[20180612,17134]
[20180611,17043]
[20180608,17205]
[20180607,17251]
[20180606,17204]
[20180605,16904]
[20180604,16549]
[20180601,16626]
[20180531,16600]
[20180530,16728]
[20180529,16685]
[20180528,16687]
[20180525,16759]
[20180524,16615]
[20180523,16409]
[20180522,16270]
[20180521,16101]
[20180518,15833]
[20180517,15847]
[20180516,15817]
[20180515,15717]
[20180514,15756]
[20180511,15427]
[20180510,15360]
[20180509,15367]
[20180508,15314]
[20180507,15203]
[20180504,15001]
[20180503,15066]
[20180502,14971]
[20180427,14841]
[20180426,14763]
[20180425,14879]
[20180424,14964]
[20180423,14851]
[20180420,14873]
[20180419,14732]
[20180418,14776]
[20180417,14695]
[20180416,14715]
[20180413,14805]
[20180412,14824]
[20180411,14839]
[20180410,14871]
[20180409,14929]
[20180404,14991]
[20180403,15137]
[20180402,15199]
[20180330,15022]
[20180329,14951]
[20180328,14915]
[20180327,14786]
[20180326,14775]
[20180323,15078]
[20180322,14892]
[20180321,14674]
[20180320,14717]
[20180319,14852]
[20180316,14818]
[20180315,14723]
[20180314,14519]
[20180313,14716]
[20180312,14729]
[20180309,14814]
[20180308,14928]
[20180307,14857]
[20180306,14949]
[20180305,15070]
[20180302,15232]
[20180301,15332]
[20180228,15567]
[20180227,15503]
[20180226,15481]
[20180223,15432]
[20180222,15377]
[20180214,15165]
[20180213,15160]
[20180212,15166]
[20180209,15185]
[20180208,15289]
[20180207,15504]
[20180206,15597]
[20180205,15716]
[20180202,15605]
[20180201,15498]
[20180131,15572]
[20180130,15779]
[20180129,15643]
[20180126,15660]
[20180125,15695]
[20180124,15772]
[20180123,15645]
[20180122,15596]
[20180119,15462]
[20180118,15314]
[20180117,15215]
[20180116,15314]
[20180115,15373]
[20180112,15494]
[20180111,15507]
[20180110,15667]
[20180109,15580]
[20180108,15606]
[20180105,15527]
[20180104,15435]
[20180103,15253]
[20180102,15306]
[20171229,15375]
[20171228,15234]
[20171227,15180]
[20171226,15282]
[20171225,15356]
[20171222,15294]
[20171221,15430]
[20171220,15365]
[20171219,15386]
[20171218,15295]
[20171215,15190]
[20171214,15382]
[20171213,15279]
[20171212,15130]
[20171211,14828]
[20171208,14905]
[20171207,14930]
[20171206,15076]
[20171205,15117]
[20171204,15188]
[20171201,14750]
[20171130,14591]
[20171129,14658]
[20171128,14633]
[20171127,14780]
[20171124,14666]
[20171123,15127]
[20171122,14931]
[20171121,14901]
[20171120,14804]
[20171117,14756]
[20171116,14936]
[20171115,15247]
[20171114,15365]
[20171113,15388]
[20171110,15181]
[20171109,14903]
[20171108,15083]
[20171107,15009]
[20171106,14833]
[20171103,14909]
[20171102,14925]
[20171101,15061]
[20171031,14702]
[20171030,14863]
[20171027,15244]
[20171026,15248]
[20171025,15467]
[20171024,15506]
[20171023,15366]
[20171020,15295]
[20171019,15453]
[20171018,16006]
[20171017,16260]
[20171016,16319]
[20171013,16395]
[20171012,16332]
[20171011,16349]
[20171010,16726]
[20171009,16775]
[20170929,16455]
[20170928,16374]
[20170927,16469]
[20170926,16297]
[20170925,16063]
[20170922,16260]
[20170921,16276]
[20170920,15951]
[20170919,15719]
[20170918,15339]
[20170915,15166]
[20170914,14978]
[20170913,14818]
[20170912,14422]
[20170911,14426]
[20170908,14435]
[20170907,14541]
[20170906,14890]
[20170905,14900]
[20170904,15032]
[20170901,14728]
[20170831,14857]
[20170830,14591]
[20170829,14501]
[20170828,14832]
[20170825,14867]
[20170824,14911]
[20170823,14710]
[20170822,14944]
[20170821,15070]
[20170818,15491]
[20170817,15195]
[20170816,14689]
[20170815,14613]
[20170814,14503]
[20170811,14820]
[20170810,15029]
[20170809,14078]
[20170808,14488]
[20170807,14344]
[20170804,14142]
[20170803,14204]
[20170802,13973]
[20170801,14039]
[20170731,13890]
[20170728,13919]
[20170727,13810]
[20170726,13647]
[20170725,13389]
[20170724,13310]
[20170721,13210]
[20170720,13342]
[20170719,13430]
[20170718,13574]
[20170717,13448]
[20170714,13609]
[20170713,13648]
[20170712,13730]
[20170711,13532]
[20170710,13589]
[20170707,13458]
[20170706,13369]
[20170705,13599]
[20170704,13831]
[20170703,13698]
[20170630,13539]
[20170629,13553]
[20170628,13440]
[20170627,13169]
[20170626,13232]
[20170623,13355]
[20170622,13306]
[20170621,13398]
[20170620,13303]
[20170619,13150]
[20170616,13033]
[20170615,12921]
[20170614,12713]
[20170613,12906]
[20170612,12740]
[20170609,12673]
[20170608,12543]
[20170607,12600]
[20170606,12573]
[20170605,12437]
[20170602,12200]
[20170601,12085]
[20170531,12190]
[20170526,12033]
[20170525,12036]
[20170524,11997]
[20170523,11989]
[20170522,11826]
[20170519,11779]
[20170518,11952]
[20170517,11966]
[20170516,12133]
[20170515,12184]
[20170512,12431]
[20170511,12413]
[20170510,12289]
[20170509,12211]
[20170508,12196]
[20170505,12258]
[20170504,12343]
[20170503,12542]
[20170502,12581]
[20170428,12338]
[20170427,12261]
[20170426,12169]
[20170425,12164]
[20170424,12227]
[20170421,12323]
[20170420,12201]
[20170419,12334]
[20170418,12545]
[20170417,12625]
[20170414,12609]
[20170413,12492]
[20170412,12492]
[20170411,12622]
[20170410,12608]
[20170407,13455]
[20170406,13430]
[20170405,13427]
[20170331,13307]
[20170330,13401]
[20170329,13287]
[20170328,13549]
[20170327,13917]
[20170324,14239]
[20170323,13973]
[20170322,14117]
[20170321,14182]
[20170320,14135]
[20170317,14186]
[20170316,14031]
[20170315,13925]
[20170314,13961]
[20170313,13825]
[20170310,13638]
[20170309,13834]
[20170308,13829]
[20170307,13910]
[20170306,14263]
[20170303,14498]
[20170302,14392]
[20170301,14207]
[20170228,14263]
[20170227,14471]
[20170224,14383]
[20170223,14460]
[20170222,14728]
[20170221,14632]
[20170220,14433]
[20170217,14661]
[20170216,14909]
[20170215,15320]
[20170214,15389]
[20170213,15150]
[20170210,14855]
[20170209,14963]
[20170208,14772]
[20170207,14481]
[20170206,14383]
[20170203,14685]
[20170126,14561]
[20170125,14399]
[20170124,14461]
[20170123,14206]
[20170120,14196]
[20170119,14324]
[20170118,14211]
[20170117,14584]
[20170116,14491]
[20170113,14490]
[20170112,14555]
[20170111,14566]
[20170110,14331]
[20170109,13924]
[20170106,13907]
[20170105,13789]
[20170104,13483]
[20170103,13698]
[20161230,13768]
[20161229,13610]
[20161228,13829]
[20161227,13541]
[20161226,14048]
[20161223,14292]
[20161222,14263]
[20161221,14133]
[20161220,14547]
[20161219,15358]
[20161216,16058]
[20161215,15876]
[20161214,15923]
[20161213,15876]
[20161212,15938]
[20161209,16045]
[20161208,16245]
[20161207,15924]
[20161206,15647]
[20161205,15611]
[20161202,16187]
[20161201,16188]
[20161130,16756]
[20161129,17066]
[20161128,15932]
[20161125,15468]
[20161124,15086]
[20161123,14737]
[20161122,14300]
[20161121,13845]
[20161118,13635]
[20161117,14043]
[20161116,13983]
[20161115,13913]
[20161114,13055]
[20161111,13329]
[20161110,13041]
[20161109,12929]
[20161108,13026]
[20161107,12945]
[20161104,12758]
[20161103,12634]
[20161102,12693]
[20161101,12789]
[20161031,12630]
[20161028,12483]
[20161027,12479]
[20161026,12483]
[20161025,12282]
[20161024,12117]
[20161021,11945]
[20161020,11863]
[20161019,11918]
[20161018,11874]
[20161017,11818]
[20161014,11690]
[20161013,11852]
[20161012,12072]
[20161011,11967]
[20161010,11893]
[20160930,11518]
[20160929,11278]
[20160928,11216]
[20160927,11132]
[20160926,11046]
[20160923,11054]
[20160922,11120]
[20160921,11083]
[20160920,10925]
[20160919,10726]
[20160914,10680]
[20160913,10570]
[20160912,10817]
[20160909,10794]
[20160908,10888]
[20160907,10998]
[20160906,11072]
[20160905,11051]
[20160902,11159]
[20160901,10773]
[20160831,10547]
[20160830,10607]
[20160829,10643]
[20160826,10667]
[20160825,10655]
[20160824,10620]
[20160823,10599]
[20160822,10659]
[20160819,10607]
[20160818,10519]
[20160817,10374]
[20160816,10383]
[20160815,10550]
[20160812,10617]
[20160811,10515]
[20160810,10513]
[20160809,10623]
[20160808,10662]
[20160805,10635]
[20160804,10554]
[20160803,10607]
[20160802,10726]
[20160801,10658]
[20160729,10462]
[20160728,10505]
[20160727,10551]
[20160726,10463]
[20160725,10337]
[20160722,10263]
[20160721,10310]
[20160720,10199]
[20160719,10131]
[20160718,10249]
[20160715,10195]
[20160714,10123]
[20160713,10207]
[20160712,10102]
[20160711,10001]
[20160708,9954]
[20160707,10056]
[20160706,10121]
[20160705,10341]
[20160704,10298]
[20160701,10164]
[20160630,10111]
[20160629,10007]
[20160628,9985]
[20160627,9985]
[20160624,10043]
[20160623,9998]
[20160622,9997]
[20160621,9976]
[20160620,9981]
[20160617,9981]
[20160616,9981]
[20160615,9981]
[20160614,10031]
[20160613,9990]
[20160608,9993]
[20160607,9997]
[20160606,10073]
[20160603,10073]
[20160602,10010]
[20160601,10007]
[20160531,10072]
[20160530,10027]
[20160527,10020]
[20160526,9909]
[20160525,9891]
[20160524,9957]
[20160523,10014]
[20160520,10081]
[20160519,10114]
[20160518,10162]
[20160517,10103]
[20160516,10091]
[20160513,10272]
[20160512,10259]
[20160511,10215]
[20160510,10173]
[20160509,10182]
[20160506,10254]
[20160505,10262]
[20160504,10510]
[20160503,10409]
[20160429,10309]
[20160428,10301]
[20160427,10284]
[20160426,10536]
[20160425,10463]
[20160422,10533]
[20160421,10571]
[20160420,10495]
[20160419,10374]
[20160418,10434]
[20160415,10491]
[20160414,10519]
[20160413,10369]
[20160412,10249]
[20160411,10290]
[20160408,10384]
[20160407,10352]
[20160406,10357]
[20160405,10470]
[20160401,10388]
[20160331,10554]
[20160330,10598]
[20160329,10519]
[20160328,10527]
[20160325,10502]
[20160324,10544]
[20160323,10584]
[20160322,10574]
[20160321,10611]
[20160318,10663]
[20160317,10591]
[20160316,10603]
[20160315,10655]
[20160314,10708]
[20160311,10633]
[20160310,10605]
[20160309,10675]
[20160308,10809]
[20160307,10901]
[20160304,10783]
[20160303,10790]
[20160302,10669]
[20160301,10620]
[20160229,10636]
[20160226,10560]
[20160225,10609]
[20160224,10582]
[20160223,10769]
[20160222,10735]
[20160219,10610]
[20160218,10521]
[20160217,10578]
[20160216,10700]
[20160215,10838]
[20160205,11018]
[20160204,10936]
[20160203,10736]
[20160202,10692]
[20160201,10577]
[20160129,10492]
[20160128,10363]
[20160127,10214]
[20160126,10106]
[20160125,10036]
[20160122,10019]
[20160121,10088]
[20160120,10205]
[20160119,10141]
[20160118,10007]
[20160115,10041]
[20160114,10009]
[20160113,9908]
[20160112,9991]
[20160111,10131]
[20160108,10128]
[20160107,10296]
[20160106,10362]
[20160105,10292]
[20160104,10319]
[20151231,10186]
[20151230,10134]
[20151229,10095]
[20151228,10236]
[20151225,10178]
[20151224,10173]
[20151223,10104]
[20151222,10166]
[20151221,10033]
[20151218,9968]
[20151217,10068]
[20151216,10130]
[20151215,10248]
[20151214,10208]
[20151211,10139]
[20151210,10138]
[20151209,10080]
[20151208,10133]
[20151207,10020]
[20151204,9852]
[20151203,9829]
[20151202,9861]
[20151201,9724]
[20151130,9707]
[20151127,9769]
[20151126,9814]
[20151125,9510]
[20151124,9367]
[20151123,9357]
[20151120,9203]
[20151119,9266]
[20151118,9377]
[20151117,9538]
[20151116,9676]
[20151113,9765]
[20151112,9688]
[20151111,9770]
[20151110,9853]
[20151109,9899]
[20151106,9892]
[20151105,10031]
[20151104,9974]
[20151103,9948]
[20151102,10032]
[20151030,10032]
[20151029,9985]
[20151028,9930]
[20151027,9910]
[20151026,9897]
[20151023,9872]
[20151022,10208]
[20151021,10227]
[20151020,10277]
[20151019,10284]
[20151016,10197]
[20151015,10192]
[20151014,10115]
[20151013,10157]
[20151012,10128]
[20151009,9905]
[20151008,10116]
[20150930,9950]
[20150929,9825]
