[20210830,241850]
[20210827,238491]
[20210826,239582]
[20210825,235804]
[20210824,231140]
[20210823,229460]
[20210820,240420]
[20210819,239483]
[20210818,240612]
[20210817,238222]
[20210816,235755]
[20210813,239376]
[20210812,238260]
[20210811,234810]
[20210810,230098]
[20210809,228461]
[20210806,226486]
[20210805,228544]
[20210804,227065]
[20210803,231179]
[20210802,230751]
[20210730,230481]
[20210729,228259]
[20210728,229149]
[20210727,228314]
[20210726,230756]
[20210723,225577]
[20210722,220648]
[20210721,223051]
[20210720,227658]
[20210719,226305]
[20210716,220838]
[20210715,215758]
[20210714,215959]
[20210713,213378]
[20210712,214183]
[20210709,212554]
[20210708,211345]
[20210707,214152]
[20210706,212155]
[20210705,208150]
[20210702,206960]
[20210701,209574]
[20210630,207426]
[20210629,204153]
[20210628,205957]
[20210625,203531]
[20210624,203240]
[20210623,200909]
[20210622,195892]
[20210621,196578]
[20210618,200422]
[20210617,199669]
[20210616,200405]
[20210615,206355]
[20210611,203475]
[20210610,202142]
[20210609,200534]
[20210608,197871]
[20210607,198731]
[20210604,201501]
[20210603,201712]
[20210602,201178]
[20210601,203309]
[20210531,204438]
[20210528,196495]
[20210527,192635]
[20210526,192548]
[20210525,189089]
[20210524,191809]
[20210521,191369]
[20210520,193416]
[20210519,193489]
[20210518,192518]
[20210517,189511]
[20210514,186891]
[20210513,191175]
[20210512,189698]
[20210511,190358]
[20210510,192885]
[20210507,192531]
[20210506,189180]
[20210430,186997]
[20210429,182294]
[20210428,181390]
[20210427,182428]
[20210426,179909]
[20210423,178449]
[20210422,179134]
[20210421,180538]
[20210420,180202]
[20210419,179096]
[20210416,175386]
[20210415,172854]
[20210414,173316]
[20210413,173503]
[20210412,176818]
[20210409,178179]
[20210408,180115]
[20210407,179238]
[20210406,180270]
[20210402,174978]
[20210401,171166]
[20210331,173154]
[20210330,173017]
[20210329,172432]
[20210326,170011]
[20210325,170994]
[20210324,174255]
[20210323,175283]
[20210322,174086]
[20210319,174254]
[20210318,173763]
[20210317,172371]
[20210316,173387]
[20210315,177934]
[20210312,177539]
[20210311,174064]
[20210310,171121]
[20210309,170011]
[20210308,173357]
[20210305,172702]
[20210304,175721]
[20210303,174568]
[20210302,183373]
[20210301,181599]
[20210226,187847]
[20210225,191221]
[20210224,187916]
[20210223,189026]
[20210222,185261]
[20210219,175417]
[20210218,164336]
[20210210,162377]
[20210209,163889]
[20210208,161487]
[20210205,161884]
[20210204,162120]
[20210203,164885]
[20210202,167442]
[20210201,171546]
[20210129,171748]
[20210128,170820]
[20210127,169675]
[20210126,167423]
[20210125,157017]
[20210122,161583]
[20210121,159270]
[20210120,157586]
[20210119,156625]
[20210118,155182]
[20210115,153935]
[20210114,153060]
[20210113,153312]
[20210112,153060]
[20210111,157461]
[20210108,158427]
[20210107,158046]
[20210106,158669]
[20210105,156766]
[20210104,152859]
[20201231,152220]
[20201230,153510]
[20201229,153328]
[20201228,153359]
[20201225,153195]
[20201224,151737]
[20201223,151628]
[20201222,152629]
[20201221,154226]
[20201218,154553]
[20201217,153996]
[20201216,153144]
[20201215,152251]
[20201214,151484]
[20201211,151623]
[20201210,151020]
[20201209,150380]
[20201208,149924]
[20201207,148786]
[20201204,147477]
[20201203,147006]
[20201202,147141]
[20201201,149623]
[20201130,149616]
[20201127,148457]
[20201126,146738]
[20201125,147224]
[20201124,147182]
[20201123,147166]
[20201120,147684]
[20201119,151502]
[20201118,150718]
[20201117,149935]
[20201116,148272]
[20201113,146740]
[20201112,146498]
[20201111,146744]
[20201110,147254]
[20201109,147256]
[20201106,146880]
[20201105,146376]
[20201104,146354]
[20201103,145361]
[20201102,143797]
[20201030,144276]
[20201029,144031]
[20201028,143997]
[20201027,143837]
[20201026,145645]
[20201023,145558]
[20201022,146757]
[20201021,146847]
[20201020,147007]
[20201019,146080]
[20201016,145648]
[20201015,145957]
[20201014,145875]
[20201013,145733]
[20201012,147029]
[20201009,146884]
[20200930,144741]
[20200929,143003]
[20200928,142800]
[20200925,142583]
[20200924,145825]
[20200923,146773]
[20200922,145992]
[20200921,145288]
[20200918,143522]
[20200917,145410]
[20200916,145135]
[20200915,145694]
[20200914,144531]
[20200911,144309]
[20200910,145739]
[20200909,147930]
[20200908,147690]
[20200907,147262]
[20200904,148140]
[20200903,148074]
[20200902,146644]
[20200901,145837]
[20200831,145111]
[20200828,144888]
[20200827,143540]
[20200826,142268]
[20200825,142797]
[20200824,145059]
[20200821,144078]
[20200820,143992]
[20200819,144059]
[20200818,144017]
[20200817,143411]
[20200814,143523]
[20200813,144679]
[20200812,143764]
[20200811,145711]
[20200810,147382]
[20200807,147746]
[20200806,146539]
[20200805,146894]
[20200804,147767]
[20200803,147362]
[20200731,148353]
[20200730,148808]
[20200729,149513]
[20200728,151528]
[20200727,145622]
[20200724,143534]
[20200723,144178]
[20200722,143362]
[20200721,142365]
[20200720,142609]
[20200717,141606]
[20200716,143244]
[20200715,143903]
[20200714,145291]
[20200713,141917]
[20200710,141482]
[20200709,142000]
[20200708,142313]
[20200707,142845]
[20200706,141769]
[20200703,139855]
[20200702,139440]
[20200701,139615]
[20200630,138879]
[20200629,138774]
[20200624,139368]
[20200623,138157]
[20200622,138540]
[20200619,139474]
[20200618,139602]
[20200617,138948]
[20200616,136905]
[20200615,137974]
[20200612,138555]
[20200611,139511]
[20200610,139342]
[20200609,138439]
[20200608,136022]
[20200605,134556]
[20200604,137546]
[20200603,135623]
[20200602,136093]
[20200601,135274]
[20200530,134421]
[20200529,134164]
[20200528,132980]
[20200527,132453]
[20200526,131893]
[20200525,131118]
[20200522,133387]
[20200521,133658]
[20200520,131463]
[20200519,129319]
[20200518,128503]
[20200515,128246]
[20200514,128840]
[20200513,128971]
[20200512,129869]
[20200511,128715]
[20200508,127545]
[20200507,128209]
[20200506,126756]
[20200430,126803]
[20200429,127836]
[20200428,128575]
[20200427,126935]
[20200424,124255]
[20200423,120662]
[20200422,120359]
[20200421,122962]
[20200420,123883]
[20200417,121598]
[20200416,121661]
[20200415,121386]
[20200414,121759]
[20200413,121664]
[20200410,119541]
[20200409,117070]
[20200408,116046]
[20200407,115346]
[20200403,115802]
[20200402,115950]
[20200401,115854]
[20200331,114057]
[20200330,114959]
[20200327,111665]
[20200326,111776]
[20200325,110116]
[20200324,103591]
[20200323,109735]
[20200320,101317]
[20200319,112554]
[20200318,119270]
[20200317,121903]
[20200316,124387]
[20200313,127911]
[20200312,130072]
[20200311,130049]
[20200310,128035]
[20200309,130002]
[20200306,131113]
[20200305,130968]
[20200304,130256]
[20200303,129366]
[20200302,127676]
[20200228,130618]
[20200227,130525]
[20200226,131073]
[20200225,131453]
[20200224,131117]
[20200221,130259]
[20200220,130420]
[20200219,129904]
[20200218,130494]
[20200217,129064]
[20200214,128957]
[20200213,128624]
[20200212,129195]
[20200211,128708]
[20200210,128382]
[20200207,128077]
[20200206,126847]
[20200205,127127]
[20200204,126163]
[20200203,131683]
[20200123,134281]
[20200122,134260]
[20200121,134260]
[20200120,134850]
[20200117,133925]
[20200116,134423]
[20200115,132859]
[20200114,132339]
[20200113,131808]
[20200110,131995]
[20200109,130987]
[20200108,130017]
[20200107,128964]
[20200106,129977]
[20200103,129679]
[20200102,129783]
[20191231,129108]
[20191230,131703]
[20191227,132229]
[20191226,132543]
[20191225,133567]
[20191224,134828]
[20191223,135173]
[20191220,135017]
[20191219,135163]
[20191218,134142]
[20191217,133543]
[20191216,133271]
[20191213,134162]
[20191212,134949]
[20191211,134472]
[20191210,134271]
[20191209,133321]
[20191206,132622]
[20191205,132432]
[20191204,132529]
[20191203,132788]
[20191202,132108]
[20191129,132079]
[20191128,132065]
[20191127,132162]
[20191126,132367]
[20191125,132651]
[20191122,132212]
[20191121,130278]
[20191120,128667]
[20191119,129200]
[20191118,128687]
[20191115,128605]
[20191114,128279]
[20191113,129944]
[20191112,131011]
[20191111,131058]
[20191108,130496]
[20191107,130436]
[20191106,130517]
[20191105,130506]
[20191104,130735]
[20191101,131775]
[20191031,132251]
[20191030,131997]
[20191029,132440]
[20191028,132079]
[20191025,131747]
[20191024,131898]
[20191023,131602]
[20191022,131495]
[20191021,133885]
[20191018,133007]
[20191017,132166]
[20191016,131016]
[20191015,130686]
[20191014,129844]
[20191011,130092]
[20191010,130344]
[20191009,129291]
[20191008,128258]
[20190930,129198]
[20190927,129449]
[20190926,129665]
[20190925,130036]
[20190924,130792]
[20190923,130800]
[20190920,130723]
[20190919,130690]
[20190918,130210]
[20190917,130602]
[20190916,134669]
[20190912,133322]
[20190911,134038]
[20190910,132377]
[20190909,133326]
[20190906,135972]
[20190905,134814]
[20190904,132126]
[20190903,128606]
[20190902,127685]
[20190830,124421]
[20190829,123002]
[20190828,121828]
[20190827,122571]
[20190826,123565]
[20190823,125104]
[20190822,125488]
[20190821,125171]
[20190820,124192]
[20190819,126576]
[20190816,128201]
[20190815,128696]
[20190814,128438]
[20190813,128508]
[20190812,129315]
[20190809,129783]
[20190808,130778]
[20190807,128833]
[20190806,128540]
[20190805,129175]
[20190802,128825]
[20190801,128867]
[20190731,128717]
[20190730,128975]
[20190729,129624]
[20190726,129278]
[20190725,129162]
[20190724,129011]
[20190723,128672]
[20190722,129345]
[20190719,129700]
[20190718,129652]
[20190717,129182]
[20190716,128631]
[20190715,129014]
[20190712,128824]
[20190711,130772]
[20190710,130770]
[20190709,131002]
[20190708,129854]
[20190705,127951]
[20190704,127982]
[20190703,129238]
[20190702,136191]
[20190701,137023]
[20190628,137599]
[20190627,137416]
[20190626,138013]
[20190625,137507]
[20190624,138184]
[20190621,138017]
[20190620,138260]
[20190619,138046]
[20190618,138278]
[20190617,138802]
[20190614,139390]
[20190613,139187]
[20190612,139021]
[20190611,138932]
[20190610,137750]
[20190606,137284]
[20190605,137340]
[20190604,137253]
[20190603,137365]
[20190531,137389]
[20190530,139112]
[20190529,139974]
[20190528,139671]
[20190527,138926]
[20190524,138361]
[20190523,138549]
[20190522,138984]
[20190521,139412]
[20190520,139201]
[20190517,140440]
[20190516,140030]
[20190515,139214]
[20190514,139604]
[20190513,140145]
[20190510,139840]
[20190509,140882]
[20190508,141145]
[20190507,141849]
[20190506,142356]
[20190430,141754]
[20190429,141131]
[20190426,140841]
[20190425,141546]
[20190424,141828]
[20190423,141638]
[20190422,142356]
[20190419,141858]
[20190418,142246]
[20190417,142607]
[20190416,143490]
[20190415,143190]
[20190412,142933]
[20190411,143604]
[20190410,143960]
[20190409,144502]
[20190408,144237]
[20190404,144769]
[20190403,144831]
[20190402,144323]
[20190401,144244]
[20190329,143468]
[20190328,142422]
[20190327,142870]
[20190326,142902]
[20190325,143604]
[20190322,143964]
[20190321,143953]
[20190320,143225]
[20190319,142333]
[20190318,143183]
[20190315,143440]
[20190314,143207]
[20190313,143133]
[20190312,142983]
[20190311,143203]
[20190308,144374]
[20190307,144338]
[20190306,145301]
[20190305,146054]
[20190304,146733]
[20190301,146272]
[20190228,146042]
[20190227,147177]
[20190226,148280]
[20190225,147089]
[20190222,146116]
[20190221,146148]
[20190220,146419]
[20190219,145754]
[20190218,144551]
[20190215,144351]
[20190214,143860]
[20190213,145505]
[20190212,146248]
[20190211,145395]
[20190201,143929]
[20190131,144417]
[20190130,143890]
[20190129,143671]
[20190128,144751]
[20190125,143963]
[20190124,143547]
[20190123,143631]
[20190122,144616]
[20190121,143728]
[20190118,143747]
[20190117,144586]
[20190116,144645]
[20190115,144151]
[20190114,143652]
[20190111,142756]
[20190110,142708]
[20190109,141881]
[20190108,141417]
[20190107,140446]
[20190104,140233]
[20190103,140411]
[20190102,139345]
[20181228,140232]
[20181227,140800]
[20181226,140722]
[20181225,142293]
[20181224,142775]
[20181221,142105]
[20181220,142435]
[20181219,142026]
[20181218,142722]
[20181217,142214]
[20181214,142511]
[20181213,142042]
[20181212,142057]
[20181211,142069]
[20181210,142458]
[20181207,142271]
[20181206,142832]
[20181205,142857]
[20181204,142043]
[20181203,142018]
[20181130,141156]
[20181129,141433]
[20181128,142187]
[20181127,143115]
[20181126,143742]
[20181123,146091]
[20181122,147827]
[20181121,149757]
[20181120,150902]
[20181119,150646]
[20181116,150850]
[20181115,150275]
[20181114,148646]
[20181113,149333]
[20181112,148117]
[20181109,145880]
[20181108,144422]
[20181107,143687]
[20181106,142912]
[20181105,144110]
[20181102,143690]
[20181101,143072]
[20181031,142993]
[20181030,142993]
[20181029,142993]
[20181026,143186]
[20181025,143378]
[20181024,143398]
[20181023,143398]
[20181022,143398]
[20181019,143398]
[20181018,143398]
[20181017,143398]
[20181016,142961]
[20181015,142945]
[20181012,142945]
[20181011,142420]
[20181010,142453]
[20181009,142328]
[20181008,142366]
[20180928,142366]
[20180927,143610]
[20180926,142794]
[20180925,142794]
[20180921,142112]
[20180920,140978]
[20180919,139922]
[20180918,139866]
[20180917,139662]
[20180914,139853]
[20180913,139802]
[20180912,140872]
[20180911,140390]
[20180910,139558]
[20180907,139867]
[20180906,140758]
[20180905,139842]
[20180904,140848]
[20180903,141806]
[20180831,141878]
[20180830,141597]
[20180829,141985]
[20180828,141546]
[20180827,141282]
[20180824,140499]
[20180823,140780]
[20180822,141066]
[20180821,140529]
[20180820,140611]
[20180817,140579]
[20180816,140907]
[20180815,142578]
[20180814,143019]
[20180813,142931]
[20180810,144681]
[20180809,144543]
[20180808,144339]
[20180807,144116]
[20180806,142699]
[20180803,144421]
[20180802,144534]
[20180801,145551]
[20180731,145217]
[20180730,145119]
[20180727,143283]
[20180726,142977]
[20180725,142482]
[20180724,142250]
[20180723,142781]
[20180720,143151]
[20180719,142390]
[20180718,141803]
[20180717,142399]
[20180716,142768]
[20180713,142371]
[20180712,141060]
[20180711,141457]
[20180710,141650]
[20180709,141410]
[20180706,140354]
[20180705,142162]
[20180704,143118]
[20180703,142694]
[20180702,142602]
[20180629,141662]
[20180628,142615]
[20180627,142907]
[20180626,142627]
[20180625,143469]
[20180622,143173]
[20180621,144087]
[20180620,142911]
[20180619,144804]
[20180615,144720]
[20180614,144784]
[20180613,148976]
[20180612,149283]
[20180611,149371]
[20180608,150502]
[20180607,149890]
[20180606,149172]
[20180605,149472]
[20180604,151969]
[20180601,151625]
[20180531,151831]
[20180530,153653]
[20180529,150200]
[20180528,146161]
[20180525,145549]
[20180524,144932]
[20180523,143939]
[20180522,143618]
[20180521,142995]
[20180518,143331]
[20180517,143183]
[20180516,143835]
[20180515,143489]
[20180514,142974]
[20180511,143850]
[20180510,143176]
[20180509,143550]
[20180508,144856]
[20180507,145129]
[20180504,144964]
[20180503,144818]
[20180502,145074]
[20180427,144843]
[20180426,143987]
[20180425,143634]
[20180424,145600]
[20180423,145779]
[20180420,145645]
[20180419,146407]
[20180418,145166]
[20180417,143974]
[20180416,142859]
[20180413,142914]
[20180412,144214]
[20180411,144506]
[20180410,144511]
[20180409,145039]
[20180404,145294]
[20180403,145883]
[20180402,145054]
[20180330,143119]
[20180329,140478]
[20180328,141765]
[20180327,142353]
[20180326,141934]
[20180323,144540]
[20180322,144130]
[20180321,143633]
[20180320,144738]
[20180319,144518]
[20180316,144746]
[20180315,145054]
[20180314,146057]
[20180313,146888]
[20180312,146958]
[20180309,146216]
[20180308,146499]
[20180307,146468]
[20180306,147489]
[20180305,147817]
[20180302,147197]
[20180301,147940]
[20180228,148622]
[20180227,147815]
[20180226,147324]
[20180223,147532]
[20180222,148698]
[20180214,148367]
[20180213,146555]
[20180212,147057]
[20180209,149241]
[20180208,151004]
[20180207,150759]
[20180206,150227]
[20180205,149104]
[20180202,149307]
[20180201,150077]
[20180131,149811]
[20180130,151247]
[20180129,151276]
[20180126,151417]
[20180125,150736]
[20180124,150643]
[20180123,150277]
[20180122,148865]
[20180119,146968]
[20180118,147385]
[20180117,147666]
[20180116,147686]
[20180115,146485]
[20180112,149646]
[20180111,147876]
[20180110,147333]
[20180109,147365]
[20180108,147928]
[20180105,147682]
[20180104,148028]
[20180103,148541]
[20180102,147813]
[20171229,147138]
[20171228,146096]
[20171227,145887]
[20171226,144948]
[20171225,143962]
[20171222,143430]
[20171221,143722]
[20171220,142677]
[20171219,143315]
[20171218,141447]
[20171215,140106]
[20171214,140826]
[20171213,142792]
[20171212,143119]
[20171211,144927]
[20171208,145722]
[20171207,146619]
[20171206,146127]
[20171205,147488]
[20171204,146733]
[20171201,147460]
[20171130,148240]
[20171129,148868]
[20171128,149069]
[20171127,149181]
[20171124,148403]
[20171123,148622]
[20171122,148953]
[20171121,148571]
[20171120,148811]
[20171117,149065]
[20171116,148919]
[20171115,149988]
[20171114,150647]
[20171113,150231]
[20171110,149274]
[20171109,148009]
[20171108,148596]
[20171107,150161]
[20171106,149789]
[20171103,150525]
[20171102,150431]
[20171101,150309]
[20171031,149567]
[20171030,150328]
[20171027,151265]
[20171026,151107]
[20171025,151026]
[20171024,151300]
[20171023,150535]
[20171020,151156]
[20171019,151590]
[20171018,153223]
[20171017,153978]
[20171016,153411]
[20171013,152621]
[20171012,151797]
[20171011,152675]
[20171010,154344]
[20171009,153161]
[20170929,152453]
[20170928,153306]
[20170927,153447]
[20170926,152332]
[20170925,150390]
[20170922,150618]
[20170921,152076]
[20170920,151102]
[20170919,151228]
[20170918,149325]
[20170915,150199]
[20170914,151333]
[20170913,150955]
[20170912,150888]
[20170911,150561]
[20170908,150673]
[20170907,151447]
[20170906,152555]
[20170905,153604]
[20170904,154232]
[20170901,154303]
[20170831,153759]
[20170830,155076]
[20170829,154371]
[20170828,152858]
[20170825,153505]
[20170824,151813]
[20170823,154203]
[20170822,154275]
[20170821,154504]
[20170818,155283]
[20170817,154162]
[20170816,154166]
[20170815,153999]
[20170814,154704]
[20170811,156584]
[20170810,156696]
[20170809,156288]
[20170808,157167]
[20170807,157839]
[20170804,156949]
[20170803,156301]
[20170802,156549]
[20170801,159344]
[20170731,158683]
[20170728,159399]
[20170727,158087]
[20170726,156519]
[20170725,156055]
[20170724,155390]
[20170721,155556]
[20170720,156800]
[20170719,156350]
[20170718,154686]
[20170717,153533]
[20170714,155125]
[20170713,154634]
[20170712,154069]
[20170711,153016]
[20170710,153504]
[20170707,153486]
[20170706,154148]
[20170705,154606]
[20170704,154882]
[20170703,154848]
[20170630,154394]
[20170629,153516]
[20170628,152860]
[20170627,151848]
[20170626,153540]
[20170623,153783]
[20170622,152962]
[20170621,152216]
[20170620,153514]
[20170619,154795]
[20170616,154539]
[20170615,155468]
[20170614,154456]
[20170613,152830]
[20170612,150872]
[20170609,150551]
[20170608,150420]
[20170607,152801]
[20170606,151273]
[20170605,152508]
[20170602,152565]
[20170601,152306]
[20170531,153830]
[20170526,155136]
[20170525,154166]
[20170524,154031]
[20170523,154230]
[20170522,154693]
[20170519,153016]
[20170518,151853]
[20170517,150749]
[20170516,150171]
[20170515,150958]
[20170512,150948]
[20170511,149809]
[20170510,150528]
[20170509,149071]
[20170508,149206]
[20170505,150693]
[20170504,151095]
[20170503,153850]
[20170502,152868]
[20170428,151778]
[20170427,148639]
[20170426,146802]
[20170425,147201]
[20170424,148970]
[20170421,150606]
[20170420,149846]
[20170419,152088]
[20170418,153002]
[20170417,150806]
[20170414,152332]
[20170413,151190]
[20170412,151117]
[20170411,155178]
[20170410,155910]
[20170407,156694]
[20170406,155032]
[20170405,152547]
[20170331,153591]
[20170330,153522]
[20170329,153001]
[20170328,153326]
[20170327,156395]
[20170324,156676]
[20170323,155978]
[20170322,156638]
[20170321,156977]
[20170320,156784]
[20170317,157324]
[20170316,155969]
[20170315,154970]
[20170314,155145]
[20170313,153412]
[20170310,151134]
[20170309,152565]
[20170308,154302]
[20170307,155035]
[20170306,156010]
[20170303,157806]
[20170302,157106]
[20170301,156043]
[20170228,156697]
[20170227,156498]
[20170224,155250]
[20170223,157877]
[20170222,159197]
[20170221,158854]
[20170220,157522]
[20170217,158878]
[20170216,159116]
[20170215,160473]
[20170214,160385]
[20170213,158356]
[20170210,155783]
[20170209,154963]
[20170208,154477]
[20170207,155554]
[20170206,156356]
[20170203,157130]
[20170126,156379]
[20170125,153532]
[20170124,153474]
[20170123,152285]
[20170120,155540]
[20170119,155722]
[20170118,155142]
[20170117,157635]
[20170116,158242]
[20170113,157531]
[20170112,160814]
[20170111,162596]
[20170110,161422]
[20170109,160422]
[20170106,162536]
[20170105,160535]
[20170104,157724]
[20170103,155604]
[20161230,155161]
[20161229,154534]
[20161228,153324]
[20161227,149190]
[20161226,150693]
[20161223,151395]
[20161222,151710]
[20161221,151385]
[20161220,151558]
[20161219,155953]
[20161216,158401]
[20161215,155765]
[20161214,155454]
[20161213,153060]
[20161212,151600]
[20161209,151696]
[20161208,153492]
[20161207,152415]
[20161206,151242]
[20161205,151062]
[20161202,152809]
[20161201,149011]
[20161130,149790]
[20161129,155938]
[20161128,154233]
[20161125,153573]
[20161124,155768]
[20161123,154661]
[20161122,153157]
[20161121,148244]
[20161118,148348]
[20161117,152066]
[20161116,151114]
[20161115,157185]
[20161114,158402]
[20161111,161183]
[20161110,156377]
[20161109,156169]
[20161108,159099]
[20161107,152623]
[20161104,147644]
[20161103,143687]
[20161102,144381]
[20161101,142701]
[20161031,142388]
[20161028,141044]
[20161027,139967]
[20161026,141750]
[20161025,139891]
[20161024,138626]
[20161021,137681]
[20161020,135500]
[20161019,135237]
[20161018,135176]
[20161017,134378]
[20161014,134658]
[20161013,135502]
[20161012,136479]
[20161011,136460]
[20161010,135115]
[20160930,135137]
[20160929,134981]
[20160928,133404]
[20160927,133810]
[20160926,133603]
[20160923,132689]
[20160922,132291]
[20160921,131252]
[20160920,130094]
[20160919,130719]
[20160914,128964]
[20160913,128801]
[20160912,133485]
[20160909,133691]
[20160908,134489]
[20160907,133933]
[20160906,134694]
[20160905,134865]
[20160902,132910]
[20160901,130653]
[20160831,131039]
[20160830,131551]
[20160829,130743]
[20160826,130129]
[20160825,131771]
[20160824,130606]
[20160823,129423]
[20160822,129521]
[20160819,129167]
[20160818,130030]
[20160817,131112]
[20160816,130590]
[20160815,131951]
[20160812,131634]
[20160811,132217]
[20160810,131459]
[20160809,130098]
[20160808,128454]
[20160805,126718]
[20160804,126751]
[20160803,127909]
[20160802,127244]
[20160801,127457]
[20160729,128820]
[20160728,128182]
[20160727,127318]
[20160726,124719]
[20160725,125126]
[20160722,125979]
[20160721,125870]
[20160720,124471]
[20160719,124104]
[20160718,126830]
[20160715,124884]
[20160714,126327]
[20160713,126348]
[20160712,124588]
[20160711,123387]
[20160708,124128]
[20160707,125302]
[20160706,127716]
[20160705,129643]
[20160704,125810]
[20160701,122531]
[20160630,118423]
[20160629,119369]
[20160628,119770]
[20160627,118408]
[20160624,118167]
[20160623,118454]
[20160622,117821]
[20160621,119214]
[20160620,119594]
[20160617,118538]
[20160616,118830]
[20160615,118752]
[20160614,118414]
[20160613,117019]
[20160608,116234]
[20160607,115853]
[20160606,114705]
[20160603,114693]
[20160602,113723]
[20160601,115348]
[20160531,115146]
[20160530,114852]
[20160527,114034]
[20160526,111995]
[20160525,112014]
[20160524,113070]
[20160523,113755]
[20160520,113483]
[20160519,113705]
[20160518,114856]
[20160517,114683]
[20160516,114306]
[20160513,117586]
[20160512,116389]
[20160511,115671]
[20160510,117364]
[20160509,118824]
[20160506,120042]
[20160505,119686]
[20160504,119665]
[20160503,118208]
[20160429,117461]
[20160428,116717]
[20160427,116898]
[20160426,118123]
[20160425,119941]
[20160422,123330]
[20160421,120983]
[20160420,120831]
[20160419,119768]
[20160418,120436]
[20160415,121124]
[20160414,120898]
[20160413,119187]
[20160412,117823]
[20160411,117211]
[20160408,115659]
[20160407,115077]
[20160406,114355]
[20160405,114414]
[20160401,113237]
[20160331,113462]
[20160330,117000]
[20160329,117750]
[20160328,120843]
[20160325,119655]
[20160324,118064]
[20160323,118168]
[20160322,118251]
[20160321,121735]
[20160318,120617]
[20160317,118602]
[20160316,118023]
[20160315,118643]
[20160314,118780]
[20160311,118305]
[20160310,119918]
[20160309,123663]
[20160308,123753]
[20160307,122155]
[20160304,119560]
[20160303,115110]
[20160302,112404]
[20160301,111919]
[20160229,112597]
[20160226,113626]
[20160225,113540]
[20160224,113946]
[20160223,112525]
[20160222,110000]
[20160219,107283]
[20160218,106680]
[20160217,107004]
[20160216,107798]
[20160215,108220]
[20160205,107628]
[20160204,106795]
[20160203,106833]
[20160202,106207]
[20160201,106034]
[20160129,108166]
[20160128,108314]
[20160127,106628]
[20160126,105436]
[20160125,105737]
[20160122,102746]
[20160121,101901]
[20160120,102075]
[20160119,102609]
[20160118,101427]
[20160115,100852]
[20160114,99973]
[20160113,99668]
[20160112,100267]
[20160111,99941]
[20160108,98660]
[20160107,100234]
[20160106,100350]
[20160105,99431]
[20160104,100831]
[20151231,101258]
[20151230,100783]
[20151229,98815]
[20151228,101018]
[20151225,101137]
[20151224,101467]
[20151223,104050]
[20151222,105864]
[20151221,103258]
[20151218,100300]
[20151217,98077]
[20151216,96361]
[20151215,96140]
[20151214,95197]
[20151211,92782]
[20151210,91304]
[20151209,91350]
[20151208,92739]
[20151207,91132]
[20151204,91491]
[20151203,92650]
[20151202,92669]
[20151201,92283]
[20151130,92530]
[20151127,93208]
[20151126,91848]
[20151125,89736]
[20151124,88673]
[20151123,91667]
[20151120,93494]
[20151119,95425]
[20151118,97712]
[20151117,98132]
[20151116,98036]
[20151113,99785]
[20151112,99785]
[20151111,99785]
[20151110,100642]
[20151109,102280]
[20151106,104666]
[20151105,102139]
[20151104,105620]
[20151103,104057]
[20151102,102550]
[20151030,104343]
[20151029,105468]
[20151028,106571]
[20151027,107609]
[20151026,108172]
[20151023,108156]
[20151022,108702]
[20151021,108702]
[20151020,109891]
[20151019,110086]
[20151016,110086]
[20151015,110086]
[20151014,110627]
[20151013,111055]
[20151012,111627]
[20151009,110091]
[20151008,110906]
[20150930,109953]
[20150929,109953]
