[20210830,5871]
[20210827,5856]
[20210826,5879]
[20210825,5912]
[20210824,5896]
[20210823,5893]
[20210820,5958]
[20210819,5977]
[20210818,6029]
[20210817,6037]
[20210816,6042]
[20210813,5966]
[20210812,5950]
[20210811,5971]
[20210810,5993]
[20210809,5981]
[20210806,5931]
[20210805,5870]
[20210804,5853]
[20210803,5875]
[20210802,5920]
[20210730,5977]
[20210729,5948]
[20210728,5949]
[20210727,5903]
[20210726,5903]
[20210723,5920]
[20210722,5912]
[20210721,5885]
[20210720,5907]
[20210719,5870]
[20210716,5817]
[20210715,5810]
[20210714,5788]
[20210713,5848]
[20210712,5842]
[20210709,5889]
[20210708,5900]
[20210707,5974]
[20210706,5963]
[20210705,5975]
[20210702,5964]
[20210701,5918]
[20210630,5886]
[20210629,5862]
[20210628,5851]
[20210625,5814]
[20210624,5799]
[20210623,5743]
[20210622,5703]
[20210621,5691]
[20210618,5700]
[20210617,5691]
[20210616,5768]
[20210615,5856]
[20210611,5833]
[20210610,5792]
[20210609,5744]
[20210608,5784]
[20210607,5842]
[20210604,5936]
[20210603,5912]
[20210602,5926]
[20210601,5875]
[20210531,5851]
[20210528,5828]
[20210527,5869]
[20210526,5932]
[20210525,5912]
[20210524,5939]
[20210521,5928]
[20210520,5890]
[20210519,5958]
[20210518,5960]
[20210517,5972]
[20210514,6024]
[20210513,6089]
[20210512,6028]
[20210511,5940]
[20210510,5904]
[20210507,5879]
[20210506,5782]
[20210430,5840]
[20210429,5832]
[20210428,5856]
[20210427,5800]
[20210426,5791]
[20210423,5775]
[20210422,5762]
[20210421,5726]
[20210420,5738]
[20210419,5701]
[20210416,5642]
[20210415,5554]
[20210414,5596]
[20210413,5628]
[20210412,5646]
[20210409,5646]
[20210408,5661]
[20210407,5657]
[20210406,5655]
[20210402,5628]
[20210401,5587]
[20210331,5612]
[20210330,5612]
[20210329,5634]
[20210326,5709]
[20210325,5702]
[20210324,5697]
[20210323,5669]
[20210322,5667]
[20210319,5767]
[20210318,5772]
[20210317,5712]
[20210316,5723]
[20210315,5801]
[20210312,5786]
[20210311,5728]
[20210310,5736]
[20210309,5807]
[20210308,5808]
[20210305,5851]
[20210304,5895]
[20210303,5859]
[20210302,5825]
[20210301,5774]
[20210226,5871]
[20210225,5871]
[20210224,5845]
[20210223,5853]
[20210222,5800]
[20210219,5776]
[20210218,5716]
[20210210,5647]
[20210209,5670]
[20210208,5716]
[20210205,5698]
[20210204,5694]
[20210203,5670]
[20210202,5642]
[20210201,5611]
[20210129,5593]
[20210128,5645]
[20210127,5639]
[20210126,5634]
[20210125,5626]
[20210122,5694]
[20210121,5692]
[20210120,5807]
[20210119,5817]
[20210118,5846]
[20210115,5549]
[20210114,5613]
[20210113,5565]
[20210112,5555]
[20210111,5621]
[20210108,5699]
[20210107,5718]
[20210106,5711]
[20210105,5692]
[20210104,5645]
[20201231,5641]
[20201230,5598]
[20201229,5598]
[20201228,5582]
[20201225,5578]
[20201224,5601]
[20201223,5575]
[20201222,5586]
[20201221,5561]
[20201218,5549]
[20201217,5474]
[20201216,5391]
[20201215,5396]
[20201214,5394]
[20201211,5372]
[20201210,5313]
[20201209,5353]
[20201208,5359]
[20201207,5350]
[20201204,5335]
[20201203,5396]
[20201202,5422]
[20201201,5464]
[20201130,5481]
[20201127,5496]
[20201126,5527]
[20201125,5517]
[20201124,5496]
[20201123,5445]
[20201120,5415]
[20201119,5401]
[20201118,5454]
[20201117,5422]
[20201116,5483]
[20201113,5512]
[20201112,5520]
[20201111,5495]
[20201110,5466]
[20201109,5495]
[20201106,5479]
[20201105,5507]
[20201104,5566]
[20201103,5550]
[20201102,5574]
[20201030,5646]
[20201029,5645]
[20201028,5606]
[20201027,5633]
[20201026,5620]
[20201023,5677]
[20201022,5718]
[20201021,5759]
[20201020,5721]
[20201019,5713]
[20201016,5667]
[20201015,5666]
[20201014,5635]
[20201013,5623]
[20201012,5583]
[20201009,5543]
[20200930,5502]
[20200929,5525]
[20200928,5595]
[20200925,5605]
[20200924,5628]
[20200923,5622]
[20200922,5700]
[20200921,5720]
[20200918,5685]
[20200917,5657]
[20200916,5630]
[20200915,5586]
[20200914,5559]
[20200911,5522]
[20200910,5513]
[20200909,5624]
[20200908,5582]
[20200907,5540]
[20200904,5510]
[20200903,5544]
[20200902,5517]
[20200901,5559]
[20200831,5554]
[20200828,5507]
[20200827,5515]
[20200826,5474]
[20200825,5427]
[20200824,5409]
[20200821,5407]
[20200820,5396]
[20200819,5411]
[20200818,5414]
[20200817,5461]
[20200814,5411]
[20200813,5418]
[20200812,5385]
[20200811,5414]
[20200810,5459]
[20200807,5384]
[20200806,5327]
[20200805,5332]
[20200804,5320]
[20200803,5332]
[20200731,5260]
[20200730,5280]
[20200729,5274]
[20200728,5255]
[20200727,5318]
[20200724,5371]
[20200723,5379]
[20200722,5421]
[20200721,5407]
[20200720,5377]
[20200717,5438]
[20200716,5464]
[20200715,5482]
[20200714,5465]
[20200713,5473]
[20200710,5493]
[20200709,5497]
[20200708,5455]
[20200707,5401]
[20200706,5375]
[20200703,5334]
[20200702,5270]
[20200701,5257]
[20200630,5233]
[20200629,5322]
[20200624,5372]
[20200623,5351]
[20200622,5344]
[20200619,5351]
[20200618,5329]
[20200617,5342]
[20200616,5312]
[20200615,5315]
[20200612,5314]
[20200611,5321]
[20200610,5380]
[20200609,5416]
[20200608,5341]
[20200605,5335]
[20200604,5338]
[20200603,5264]
[20200602,5209]
[20200601,5190]
[20200529,5267]
[20200528,5254]
[20200527,5286]
[20200526,5273]
[20200525,5270]
[20200522,5327]
[20200521,5285]
[20200520,5232]
[20200519,5186]
[20200518,5159]
[20200515,5161]
[20200514,5264]
[20200513,5284]
[20200512,5353]
[20200511,5377]
[20200508,5369]
[20200507,5337]
[20200506,5257]
[20200430,5247]
[20200429,5146]
[20200428,5032]
[20200427,5339]
[20200424,5375]
[20200423,5374]
[20200422,5408]
[20200421,5514]
[20200420,5510]
[20200417,5521]
[20200416,5553]
[20200415,5538]
[20200414,5544]
[20200413,5594]
[20200410,5602]
[20200409,5634]
[20200408,5593]
[20200407,5531]
[20200403,5555]
[20200402,5592]
[20200401,5754]
[20200331,5761]
[20200330,5750]
[20200327,5697]
[20200326,5712]
[20200325,5775]
[20200324,5773]
[20200323,5775]
[20200320,5770]
[20200319,5753]
[20200318,5750]
[20200317,5801]
[20200316,5733]
[20200313,5831]
[20200312,5813]
[20200311,5904]
[20200310,5879]
[20200309,5951]
[20200306,5954]
[20200305,5951]
[20200304,5943]
[20200303,5997]
[20200302,5964]
[20200228,5974]
[20200227,5982]
[20200226,6051]
[20200225,6034]
[20200224,6022]
[20200221,6085]
[20200220,6039]
[20200219,6004]
[20200218,6040]
[20200217,6008]
[20200214,6002]
[20200213,6024]
[20200212,5979]
[20200211,6000]
[20200210,6028]
[20200207,5994]
[20200206,5954]
[20200205,5898]
[20200204,5809]
[20200203,5732]
[20200123,5907]
[20200122,5925]
[20200121,5971]
[20200120,6099]
[20200117,6113]
[20200116,6126]
[20200115,6114]
[20200114,6087]
[20200113,6102]
[20200110,5996]
[20200109,5969]
[20200108,5963]
[20200107,5889]
[20200106,5809]
[20200103,5814]
[20200102,5878]
[20191231,5834]
[20191230,5793]
[20191227,5708]
[20191226,5664]
[20191225,5666]
[20191224,5655]
[20191223,5701]
[20191220,5673]
[20191219,5653]
[20191218,5648]
[20191217,5641]
[20191216,5706]
[20191213,5714]
[20191212,5722]
[20191211,5710]
[20191210,5729]
[20191209,5676]
[20191206,5666]
[20191205,5640]
[20191204,5667]
[20191203,5654]
[20191202,5665]
[20191129,5666]
[20191128,5646]
[20191127,5687]
[20191126,5690]
[20191125,5690]
[20191122,5689]
[20191121,5753]
[20191120,5752]
[20191119,5701]
[20191118,5705]
[20191115,5737]
[20191114,5728]
[20191113,5717]
[20191112,5697]
[20191111,5704]
[20191108,5689]
[20191107,5838]
[20191106,5871]
[20191105,5861]
[20191104,5810]
[20191101,5814]
[20191031,5775]
[20191030,5727]
[20191029,5686]
[20191028,5633]
[20191025,5640]
[20191024,5605]
[20191023,5622]
[20191022,5688]
[20191021,5669]
[20191018,5626]
[20191017,5607]
[20191016,5650]
[20191015,5663]
[20191014,5643]
[20191011,5691]
[20191010,5681]
[20191009,5703]
[20191008,5648]
[20190930,5633]
[20190927,5631]
[20190926,5602]
[20190925,5538]
[20190924,5530]
[20190923,5511]
[20190920,5538]
[20190919,5530]
[20190918,5579]
[20190917,5645]
[20190916,5634]
[20190912,5630]
[20190911,5599]
[20190910,5651]
[20190909,5616]
[20190906,5594]
[20190905,5614]
[20190904,5576]
[20190903,5493]
[20190902,5491]
[20190830,5464]
[20190829,5487]
[20190828,5464]
[20190827,5555]
[20190826,5600]
[20190823,5621]
[20190822,5571]
[20190821,5562]
[20190820,5563]
[20190819,5537]
[20190816,5584]
[20190815,5632]
[20190814,5675]
[20190813,5653]
[20190812,5609]
[20190809,5522]
[20190808,5497]
[20190807,5446]
[20190806,5486]
[20190805,5483]
[20190802,5439]
[20190801,5472]
[20190731,5434]
[20190730,5475]
[20190729,5443]
[20190726,5388]
[20190725,5407]
[20190724,5375]
[20190723,5298]
[20190722,5250]
[20190719,5294]
[20190718,5294]
[20190717,5314]
[20190716,5343]
[20190715,5316]
[20190712,5313]
[20190711,5289]
[20190710,5286]
[20190709,5341]
[20190708,5394]
[20190705,5321]
[20190704,5201]
[20190703,5164]
[20190702,5183]
[20190701,5120]
[20190628,5109]
[20190627,5098]
[20190626,5121]
[20190625,5115]
[20190624,5159]
[20190621,5225]
[20190620,5226]
[20190619,5221]
[20190618,5203]
[20190617,5240]
[20190614,5262]
[20190613,5210]
[20190612,5148]
[20190611,5151]
[20190610,5135]
[20190606,5122]
[20190605,5159]
[20190604,5081]
[20190603,5058]
[20190531,5048]
[20190530,5077]
[20190529,5058]
[20190528,5051]
[20190527,5083]
[20190524,5058]
[20190523,5067]
[20190522,5252]
[20190521,5222]
[20190520,5218]
[20190517,5271]
[20190516,5254]
[20190515,5199]
[20190514,5268]
[20190513,5271]
[20190510,5242]
[20190509,5239]
[20190508,5241]
[20190507,5217]
[20190506,5201]
[20190430,5315]
[20190429,5326]
[20190426,5389]
[20190425,5449]
[20190424,5447]
[20190423,5466]
[20190422,5455]
[20190419,5457]
[20190418,5466]
[20190417,5485]
[20190416,5530]
[20190415,5462]
[20190412,5344]
[20190411,5340]
[20190410,5261]
[20190409,5211]
[20190408,5207]
[20190404,5191]
[20190403,5183]
[20190402,5184]
[20190401,5152]
[20190329,5122]
[20190328,5111]
[20190327,5124]
[20190326,5114]
[20190325,5142]
[20190322,5188]
[20190321,5199]
[20190320,5226]
[20190319,5227]
[20190318,5217]
[20190315,5189]
[20190314,5195]
[20190313,5157]
[20190312,5185]
[20190311,5173]
[20190308,5151]
[20190307,5173]
[20190306,5197]
[20190305,5210]
[20190304,5254]
[20190301,5244]
[20190228,5229]
[20190227,5276]
[20190226,5286]
[20190225,5272]
[20190222,5238]
[20190221,5216]
[20190220,5163]
[20190219,5134]
[20190218,5106]
[20190215,5086]
[20190214,5191]
[20190213,5254]
[20190212,5242]
[20190211,5209]
[20190201,5147]
[20190131,5110]
[20190130,5104]
[20190129,5089]
[20190128,5099]
[20190125,5108]
[20190124,5111]
[20190123,5080]
[20190122,5165]
[20190121,5083]
[20190118,4980]
[20190117,4985]
[20190116,4903]
[20190115,4844]
[20190114,4841]
[20190111,4822]
[20190110,4847]
[20190109,4847]
[20190108,4812]
[20190107,4780]
[20190104,4730]
[20190103,4751]
[20190102,4769]
[20181228,4794]
[20181227,4874]
[20181226,4881]
[20181225,4901]
[20181224,4951]
[20181221,5043]
[20181220,5051]
[20181219,5082]
[20181218,5087]
[20181217,5051]
[20181214,5021]
[20181213,4985]
[20181212,4974]
[20181211,5015]
[20181210,5026]
[20181207,4999]
[20181206,4952]
[20181205,4945]
[20181204,5004]
[20181203,4984]
[20181130,4994]
[20181129,5019]
[20181128,5020]
[20181127,5007]
[20181126,4994]
[20181123,5005]
[20181122,5017]
[20181121,4958]
[20181120,5001]
[20181119,5075]
[20181116,5067]
[20181115,5058]
[20181114,5053]
[20181113,5104]
[20181112,5141]
[20181109,5156]
[20181108,5107]
[20181107,5116]
[20181106,5133]
[20181105,5083]
[20181102,5103]
[20181101,5148]
[20181031,5160]
[20181030,5131]
[20181029,5178]
[20181026,5230]
[20181025,5184]
[20181024,5224]
[20181023,5251]
[20181022,5266]
[20181019,5262]
[20181018,5210]
[20181017,5187]
[20181016,5167]
[20181015,5172]
[20181012,5130]
[20181011,5182]
[20181010,5230]
[20181009,5176]
[20181008,5177]
[20180928,5105]
[20180927,5098]
[20180926,5050]
[20180925,5002]
[20180921,4994]
[20180920,4982]
[20180919,4987]
[20180918,5031]
[20180917,5103]
[20180914,5040]
[20180913,5015]
[20180912,4973]
[20180911,4938]
[20180910,4981]
[20180907,5036]
[20180906,5043]
[20180905,5018]
[20180904,5012]
[20180903,5071]
[20180831,5058]
[20180830,5045]
[20180829,5112]
[20180828,5157]
[20180827,5149]
[20180824,5114]
[20180823,5072]
[20180822,5054]
[20180821,5052]
[20180820,5031]
[20180817,5024]
[20180816,4999]
[20180815,5113]
[20180814,5211]
[20180813,5213]
[20180810,5204]
[20180809,5232]
[20180808,5202]
[20180807,5221]
[20180806,5196]
[20180803,5130]
[20180802,5115]
[20180801,5209]
[20180731,5217]
[20180730,5203]
[20180727,5162]
[20180726,5135]
[20180725,5114]
[20180724,5085]
[20180723,5095]
[20180720,5178]
[20180719,5201]
[20180718,5185]
[20180717,5128]
[20180716,5104]
[20180713,5090]
[20180712,5051]
[20180711,5109]
[20180710,5157]
[20180709,5208]
[20180706,5190]
[20180705,5271]
[20180704,5312]
[20180703,5330]
[20180702,5341]
[20180629,5380]
[20180628,5434]
[20180627,5436]
[20180626,5426]
[20180625,5423]
[20180622,5398]
[20180621,5393]
[20180620,5388]
[20180619,5477]
[20180615,5506]
[20180614,5505]
[20180613,5555]
[20180612,5559]
[20180611,5541]
[20180608,5691]
[20180607,5685]
[20180606,5734]
[20180605,5778]
[20180604,5763]
[20180601,5760]
[20180531,5746]
[20180530,5741]
[20180529,5738]
[20180528,5801]
[20180525,5822]
[20180524,5800]
[20180523,5799]
[20180522,5802]
[20180521,5781]
[20180518,5790]
[20180517,5780]
[20180516,5754]
[20180515,5768]
[20180514,5765]
[20180511,5693]
[20180510,5696]
[20180509,5701]
[20180508,5705]
[20180507,5700]
[20180504,5689]
[20180503,5698]
[20180502,5729]
[20180427,5772]
[20180426,5785]
[20180425,5760]
[20180424,5762]
[20180423,5784]
[20180420,5758]
[20180419,5743]
[20180418,5724]
[20180417,5756]
[20180416,5808]
[20180413,5801]
[20180412,5854]
[20180411,5866]
[20180410,5839]
[20180409,5821]
[20180404,5819]
[20180403,5855]
[20180402,5855]
[20180330,5839]
[20180329,5820]
[20180328,5844]
[20180327,5862]
[20180326,5852]
[20180323,5862]
[20180322,5851]
[20180321,5889]
[20180320,5910]
[20180319,5900]
[20180316,5895]
[20180315,5881]
[20180314,5891]
[20180313,5851]
[20180312,5833]
[20180309,5844]
[20180308,5854]
[20180307,5855]
[20180306,5906]
[20180305,5946]
[20180302,5956]
[20180301,5961]
[20180228,5977]
[20180227,6000]
[20180226,5994]
[20180223,5958]
[20180222,5932]
[20180214,5982]
[20180213,5987]
[20180212,5943]
[20180209,5975]
[20180208,5956]
[20180207,5975]
[20180206,5975]
[20180205,5968]
[20180202,5974]
[20180201,5997]
[20180131,5986]
[20180130,5954]
[20180129,5976]
[20180126,5986]
[20180125,5987]
[20180124,5966]
[20180123,5962]
[20180122,5951]
[20180119,5961]
[20180118,5978]
[20180117,6008]
[20180116,6012]
[20180115,6056]
[20180112,6073]
[20180111,6074]
[20180110,6067]
[20180109,6076]
[20180108,6070]
[20180105,6066]
[20180104,6103]
[20180103,6103]
[20180102,6155]
[20171229,6145]
[20171228,6134]
[20171227,6166]
[20171226,6185]
[20171225,6167]
[20171222,6177]
[20171221,6168]
[20171220,6186]
[20171219,6194]
[20171218,6180]
[20171215,6164]
[20171214,6230]
[20171213,6299]
[20171212,6327]
[20171211,6381]
[20171208,6377]
[20171207,6370]
[20171206,6414]
[20171205,6401]
[20171204,6356]
[20171201,6345]
[20171130,6406]
[20171129,6402]
[20171128,6445]
[20171127,6407]
[20171124,6349]
[20171123,6312]
[20171122,6334]
[20171121,6363]
[20171120,6311]
[20171117,6355]
[20171116,6420]
[20171115,6442]
[20171114,6469]
[20171113,6425]
[20171110,6450]
[20171109,6436]
[20171108,6399]
[20171107,6375]
[20171106,6373]
[20171103,6318]
[20171102,6309]
[20171101,6307]
[20171031,6322]
[20171030,6356]
[20171027,6350]
[20171026,6323]
[20171025,6260]
[20171024,6187]
[20171023,6152]
[20171020,6167]
[20171019,6220]
[20171018,6221]
[20171017,6219]
[20171016,6212]
[20171013,6203]
[20171012,6126]
[20171011,6108]
[20171010,6024]
[20171009,6086]
[20170929,6054]
[20170928,6071]
[20170927,6089]
[20170926,6097]
[20170925,6129]
[20170922,6097]
[20170921,6110]
[20170920,6109]
[20170919,6130]
[20170918,6163]
[20170915,6142]
[20170914,6124]
[20170913,6109]
[20170912,6125]
[20170911,6109]
[20170908,6168]
[20170907,6229]
[20170906,6309]
[20170905,6318]
[20170904,6363]
[20170901,6375]
[20170831,6354]
[20170830,6416]
[20170829,6439]
[20170828,6405]
[20170825,6334]
[20170824,6270]
[20170823,6320]
[20170822,6306]
[20170821,6305]
[20170818,6280]
[20170817,6256]
[20170816,6255]
[20170815,6242]
[20170814,6202]
[20170811,6188]
[20170810,6187]
[20170809,6177]
[20170808,6202]
[20170807,6191]
[20170804,6122]
[20170803,6118]
[20170802,6073]
[20170801,6065]
[20170731,5989]
[20170728,6067]
[20170727,6070]
[20170726,6155]
[20170725,6165]
[20170724,6213]
[20170721,6213]
[20170720,6217]
[20170719,6210]
[20170718,6188]
[20170717,6194]
[20170714,6157]
[20170713,6131]
[20170712,6138]
[20170711,6126]
[20170710,6100]
[20170707,6097]
[20170706,6097]
[20170705,6184]
[20170704,6289]
[20170703,6301]
[20170630,6330]
[20170629,6311]
[20170628,6387]
[20170627,6461]
[20170626,6459]
[20170623,6425]
[20170622,6466]
[20170621,6469]
[20170620,6464]
[20170619,6495]
[20170616,6520]
[20170615,6547]
[20170614,6528]
[20170613,6569]
[20170612,6602]
[20170609,6578]
[20170608,6539]
[20170607,6514]
[20170606,6482]
[20170605,6519]
[20170602,6508]
[20170601,6490]
[20170531,6532]
[20170526,6583]
[20170525,6598]
[20170524,6625]
[20170523,6609]
[20170522,6646]
[20170519,6668]
[20170518,6666]
[20170517,6626]
[20170516,6608]
[20170515,6598]
[20170512,6587]
[20170511,6568]
[20170510,6567]
[20170509,6567]
[20170508,6584]
[20170505,6655]
[20170504,6626]
[20170503,6611]
[20170502,6593]
[20170428,6534]
[20170427,6581]
[20170426,6562]
[20170425,6589]
[20170424,6684]
[20170421,6705]
[20170420,6718]
[20170419,6682]
[20170418,6701]
[20170417,6664]
[20170414,6650]
[20170413,6644]
[20170412,6619]
[20170411,6599]
[20170410,6576]
[20170407,6500]
[20170406,6514]
[20170405,6493]
[20170331,6496]
[20170330,6592]
[20170329,6601]
[20170328,6624]
[20170327,6626]
[20170324,6654]
[20170323,6654]
[20170322,6656]
[20170321,6726]
[20170320,6725]
[20170317,6727]
[20170316,6788]
[20170315,6778]
[20170314,6772]
[20170313,6746]
[20170310,6759]
[20170309,6722]
[20170308,6793]
[20170307,6871]
[20170306,6904]
[20170303,6852]
[20170302,6831]
[20170301,6793]
[20170228,6775]
[20170227,6779]
[20170224,6851]
[20170223,6848]
[20170222,6835]
[20170221,6845]
[20170220,6833]
[20170217,6823]
[20170216,6826]
[20170215,6895]
[20170214,6939]
[20170213,6934]
[20170210,6885]
[20170209,6934]
[20170208,6960]
[20170207,6950]
[20170206,6962]
[20170203,6893]
[20170126,6952]
[20170125,6942]
[20170124,6925]
[20170123,6885]
[20170120,6972]
[20170119,6924]
[20170118,6842]
[20170117,6823]
[20170116,6834]
[20170113,6843]
[20170112,6858]
[20170111,6857]
[20170110,6824]
[20170109,6817]
[20170106,6835]
[20170105,6824]
[20170104,6772]
[20170103,6777]
[20161230,6776]
[20161229,6756]
[20161228,6740]
[20161227,6709]
[20161226,6781]
[20161223,6755]
[20161222,6761]
[20161221,6738]
[20161220,6846]
[20161219,6913]
[20161216,6886]
[20161215,6913]
[20161214,7104]
[20161213,7090]
[20161212,7109]
[20161209,7111]
[20161208,7130]
[20161207,7097]
[20161206,7082]
[20161205,7109]
[20161202,7202]
[20161201,7229]
[20161130,7338]
[20161129,7279]
[20161128,7148]
[20161125,6999]
[20161124,6941]
[20161123,6927]
[20161122,6908]
[20161121,6879]
[20161118,6837]
[20161117,6881]
[20161116,6911]
[20161115,6909]
[20161114,6869]
[20161111,6943]
[20161110,6846]
[20161109,6856]
[20161108,6876]
[20161107,6803]
[20161104,6883]
[20161103,6853]
[20161102,6807]
[20161101,6813]
[20161031,6877]
[20161028,6916]
[20161027,6957]
[20161026,6965]
[20161025,6940]
[20161024,6871]
[20161021,6790]
[20161020,6792]
[20161019,6855]
[20161018,6853]
[20161017,6835]
[20161014,6798]
[20161013,6790]
[20161012,6738]
[20161011,6789]
[20161010,6774]
[20160930,6754]
[20160929,6781]
[20160928,6737]
[20160927,6671]
[20160926,6600]
[20160923,6528]
[20160922,6474]
[20160921,6478]
[20160920,6493]
[20160919,6500]
[20160914,6454]
[20160913,6338]
[20160912,6294]
[20160909,6289]
[20160908,6308]
[20160907,6321]
[20160906,6311]
[20160905,6242]
[20160902,6260]
[20160901,6285]
[20160831,6319]
[20160830,6319]
[20160829,6293]
[20160826,6288]
[20160825,6334]
[20160824,6350]
[20160823,6306]
[20160822,6309]
[20160819,6250]
[20160818,6221]
[20160817,6200]
[20160816,6174]
[20160815,6145]
[20160812,6122]
[20160811,6172]
[20160810,6210]
[20160809,6208]
[20160808,6186]
[20160805,6152]
[20160804,6198]
[20160803,6190]
[20160802,6228]
[20160801,6211]
[20160729,6178]
[20160728,6254]
[20160727,6296]
[20160726,6282]
[20160725,6266]
[20160722,6310]
[20160721,6309]
[20160720,6350]
[20160719,6329]
[20160718,6347]
[20160715,6328]
[20160714,6345]
[20160713,6370]
[20160712,6322]
[20160711,6245]
[20160708,6332]
[20160707,6448]
[20160706,6447]
[20160705,6532]
[20160704,6531]
[20160701,6503]
[20160630,6402]
[20160629,6274]
[20160628,6273]
[20160627,6206]
[20160624,6206]
[20160623,6233]
[20160622,6253]
[20160621,6285]
[20160620,6261]
[20160617,6176]
[20160616,6189]
[20160615,6180]
[20160614,6196]
[20160613,6208]
[20160608,6140]
[20160607,6163]
[20160606,6135]
[20160603,6023]
[20160602,5939]
[20160601,6000]
[20160531,5986]
[20160530,5961]
[20160527,5940]
[20160526,5916]
[20160525,5915]
[20160524,5953]
[20160523,5906]
[20160520,5914]
[20160519,5945]
[20160518,5993]
[20160517,6015]
[20160516,6019]
[20160513,6060]
[20160512,6034]
[20160511,6014]
[20160510,6006]
[20160509,6017]
[20160506,6074]
[20160505,6068]
[20160504,6036]
[20160503,5986]
[20160429,5948]
[20160428,6045]
[20160427,6052]
[20160426,6018]
[20160425,6009]
[20160422,6145]
[20160421,6173]
[20160420,6113]
[20160419,6122]
[20160418,6097]
[20160415,6044]
[20160414,6022]
[20160413,6022]
[20160412,5991]
[20160411,6009]
[20160408,6055]
[20160407,6038]
[20160406,6072]
[20160405,6069]
[20160401,6021]
[20160331,6007]
[20160330,5985]
[20160329,6006]
[20160328,6031]
[20160325,6030]
[20160324,6013]
[20160323,6049]
[20160322,6031]
[20160321,5994]
[20160318,5979]
[20160317,5937]
[20160316,5894]
[20160315,5886]
[20160314,5888]
[20160311,5858]
[20160310,5889]
[20160309,5860]
[20160308,5869]
[20160307,5949]
[20160304,5897]
[20160303,5907]
[20160302,5892]
[20160301,5859]
[20160229,5944]
[20160226,5944]
[20160225,5960]
[20160224,5939]
[20160223,5889]
[20160222,5875]
[20160219,5846]
[20160218,5844]
[20160217,5875]
[20160216,5926]
[20160215,5955]
[20160205,5966]
[20160204,5930]
[20160203,5912]
[20160202,5891]
[20160201,5919]
[20160129,5961]
[20160128,5994]
[20160127,5972]
[20160126,5963]
[20160125,6005]
[20160122,5999]
[20160121,6001]
[20160120,6053]
[20160119,6034]
[20160118,5993]
[20160115,5989]
[20160114,5999]
[20160113,5984]
[20160112,6001]
[20160111,6100]
[20160108,6074]
[20160107,6089]
[20160106,6143]
[20160105,6156]
[20160104,6223]
[20151231,6192]
[20151230,6211]
[20151229,6165]
[20151228,6171]
[20151225,6156]
[20151224,6154]
[20151223,6200]
[20151222,6208]
[20151221,6164]
[20151218,6079]
[20151217,6109]
[20151216,6092]
[20151215,6108]
[20151214,6067]
[20151211,6034]
[20151210,5998]
[20151209,6029]
[20151208,6086]
[20151207,6056]
[20151204,6118]
[20151203,6129]
[20151202,6111]
[20151201,6073]
[20151130,6081]
[20151127,6126]
[20151126,6140]
[20151125,6085]
[20151124,6055]
[20151123,5969]
[20151120,5850]
[20151119,5866]
[20151118,5942]
[20151117,5929]
[20151116,5960]
[20151113,5936]
[20151112,5903]
[20151111,5883]
[20151110,5956]
[20151109,5958]
[20151106,6001]
[20151105,6055]
[20151104,6019]
[20151103,6011]
[20151102,6035]
[20151030,6067]
[20151029,6106]
[20151028,6108]
[20151027,6068]
[20151026,6117]
[20151023,6114]
[20151022,6131]
[20151021,6114]
[20151020,6090]
[20151019,6119]
[20151016,6218]
[20151015,6199]
[20151014,6202]
[20151013,6199]
[20151012,6238]
[20151009,6222]
[20151008,6267]
[20150930,6213]
[20150929,6152]
