[20210830,22504]
[20210827,22506]
[20210826,22581]
[20210825,22367]
[20210824,22225]
[20210823,22466]
[20210820,22534]
[20210819,22623]
[20210818,22913]
[20210817,22519]
[20210816,22378]
[20210813,22779]
[20210812,22550]
[20210811,22451]
[20210810,22469]
[20210809,22567]
[20210806,22256]
[20210805,22060]
[20210804,22131]
[20210803,22559]
[20210802,22464]
[20210730,22403]
[20210729,22228]
[20210728,22360]
[20210727,22468]
[20210726,22278]
[20210723,22211]
[20210722,22150]
[20210721,22526]
[20210720,22605]
[20210719,22440]
[20210716,22305]
[20210715,22024]
[20210714,21981]
[20210713,22165]
[20210712,22398]
[20210709,22211]
[20210708,22340]
[20210707,22277]
[20210706,22209]
[20210705,22013]
[20210702,22157]
[20210701,21981]
[20210630,21903]
[20210629,21757]
[20210628,21748]
[20210625,21716]
[20210624,21789]
[20210623,21740]
[20210622,21550]
[20210621,21906]
[20210618,22607]
[20210617,22494]
[20210616,22518]
[20210615,22680]
[20210611,22572]
[20210610,22632]
[20210609,22521]
[20210608,22451]
[20210607,22482]
[20210604,22857]
[20210603,23097]
[20210602,23076]
[20210601,22855]
[20210531,22989]
[20210528,22850]
[20210527,22444]
[20210526,22187]
[20210525,22144]
[20210524,22373]
[20210521,22534]
[20210520,22708]
[20210519,23111]
[20210518,22862]
[20210517,22179]
[20210514,22085]
[20210513,22454]
[20210512,22459]
[20210511,22748]
[20210510,22580]
[20210507,22102]
[20210506,21858]
[20210430,22176]
[20210429,22153]
[20210428,22254]
[20210427,22033]
[20210426,21595]
[20210423,21295]
[20210422,21396]
[20210421,21691]
[20210420,21880]
[20210419,21820]
[20210416,21793]
[20210415,21271]
[20210414,21292]
[20210413,21473]
[20210412,21827]
[20210409,22024]
[20210408,21926]
[20210407,21712]
[20210406,21668]
[20210402,21335]
[20210401,21507]
[20210331,21774]
[20210330,21758]
[20210329,21664]
[20210326,21482]
[20210325,21560]
[20210324,21787]
[20210323,21879]
[20210322,21765]
[20210319,21321]
[20210318,21561]
[20210317,21515]
[20210316,21723]
[20210315,21732]
[20210312,21786]
[20210311,21411]
[20210310,21243]
[20210309,21250]
[20210308,21273]
[20210305,20856]
[20210304,21582]
[20210303,21519]
[20210302,21237]
[20210301,21368]
[20210226,21457]
[20210225,21151]
[20210224,21678]
[20210223,21825]
[20210222,21704]
[20210219,21222]
[20210218,20598]
[20210210,20130]
[20210209,19910]
[20210208,19924]
[20210205,19856]
[20210204,19534]
[20210203,19363]
[20210202,19499]
[20210201,19407]
[20210129,19363]
[20210128,19615]
[20210127,19852]
[20210126,20276]
[20210125,20053]
[20210122,20409]
[20210121,20359]
[20210120,20139]
[20210119,20277]
[20210118,20107]
[20210115,20414]
[20210114,20583]
[20210113,20722]
[20210112,20859]
[20210111,21462]
[20210108,21570]
[20210107,21280]
[20210106,21168]
[20210105,20747]
[20210104,20529]
[20201231,20752]
[20201230,20857]
[20201229,21301]
[20201228,21648]
[20201225,21408]
[20201224,21214]
[20201223,21334]
[20201222,21981]
[20201221,21986]
[20201218,21834]
[20201217,21635]
[20201216,21267]
[20201215,21213]
[20201214,21331]
[20201211,21539]
[20201210,21274]
[20201209,21211]
[20201208,20999]
[20201207,20892]
[20201204,20842]
[20201203,20975]
[20201202,21130]
[20201201,21343]
[20201130,21146]
[20201127,20903]
[20201126,20682]
[20201125,20747]
[20201124,20850]
[20201123,21040]
[20201120,20892]
[20201119,20557]
[20201118,20392]
[20201117,20073]
[20201116,19940]
[20201113,19835]
[20201112,19932]
[20201111,19908]
[20201110,20232]
[20201109,19953]
[20201106,19623]
[20201105,19683]
[20201104,19715]
[20201103,19578]
[20201102,19369]
[20201030,19569]
[20201029,19863]
[20201028,19570]
[20201027,19413]
[20201026,19560]
[20201023,19559]
[20201022,19482]
[20201021,19211]
[20201020,19041]
[20201019,18768]
[20201016,18974]
[20201015,18813]
[20201014,18970]
[20201013,19155]
[20201012,18929]
[20201009,19013]
[20200930,19072]
[20200929,18835]
[20200928,18809]
[20200925,18663]
[20200924,18945]
[20200923,19232]
[20200922,19474]
[20200921,19674]
[20200918,19192]
[20200917,19420]
[20200916,19484]
[20200915,19349]
[20200914,19000]
[20200911,18663]
[20200910,18742]
[20200909,19276]
[20200908,19281]
[20200907,19417]
[20200904,19596]
[20200903,19791]
[20200902,19912]
[20200901,19581]
[20200831,19525]
[20200828,19451]
[20200827,19293]
[20200826,19326]
[20200825,19324]
[20200824,19479]
[20200821,19528]
[20200820,19653]
[20200819,19360]
[20200818,19303]
[20200817,19008]
[20200814,18863]
[20200813,18842]
[20200812,18676]
[20200811,18714]
[20200810,18820]
[20200807,18813]
[20200806,18421]
[20200805,18432]
[20200804,18240]
[20200803,18499]
[20200731,18284]
[20200730,18069]
[20200729,17718]
[20200728,17593]
[20200727,17450]
[20200724,17505]
[20200723,17442]
[20200722,17494]
[20200721,17267]
[20200720,17347]
[20200717,17226]
[20200716,17291]
[20200715,17342]
[20200714,17339]
[20200713,17254]
[20200710,16897]
[20200709,16643]
[20200708,16327]
[20200707,16272]
[20200706,16202]
[20200703,16237]
[20200702,16173]
[20200701,16281]
[20200630,16129]
[20200629,16204]
[20200624,16246]
[20200623,16254]
[20200622,16394]
[20200619,16213]
[20200618,16162]
[20200617,15991]
[20200616,15818]
[20200615,15872]
[20200612,15806]
[20200611,15965]
[20200610,15927]
[20200609,15983]
[20200608,16030]
[20200605,16000]
[20200604,16009]
[20200603,16047]
[20200602,15990]
[20200601,15825]
[20200529,15728]
[20200528,15509]
[20200527,15690]
[20200526,15756]
[20200525,15816]
[20200522,15898]
[20200521,16169]
[20200520,16180]
[20200519,16073]
[20200518,16015]
[20200515,15863]
[20200514,16039]
[20200513,16214]
[20200512,16293]
[20200511,16357]
[20200508,16142]
[20200507,15973]
[20200506,15936]
[20200430,15757]
[20200429,15561]
[20200428,15506]
[20200427,15351]
[20200424,15263]
[20200423,15282]
[20200422,15116]
[20200421,15525]
[20200420,15544]
[20200417,15394]
[20200416,15253]
[20200415,15326]
[20200414,15255]
[20200413,15096]
[20200410,14994]
[20200409,15063]
[20200408,15225]
[20200407,15011]
[20200403,14805]
[20200402,14553]
[20200401,14564]
[20200331,14475]
[20200330,14770]
[20200327,14344]
[20200326,14336]
[20200325,14298]
[20200324,14008]
[20200323,14397]
[20200320,13729]
[20200319,14286]
[20200318,14926]
[20200317,14884]
[20200316,15106]
[20200313,15151]
[20200312,15348]
[20200311,15404]
[20200310,15089]
[20200309,15407]
[20200306,15437]
[20200305,15375]
[20200304,15531]
[20200303,15507]
[20200302,15240]
[20200228,15803]
[20200227,15776]
[20200226,15873]
[20200225,15903]
[20200224,16343]
[20200221,16484]
[20200220,16472]
[20200219,16500]
[20200218,16571]
[20200217,16548]
[20200214,16425]
[20200213,16379]
[20200212,16421]
[20200211,16459]
[20200210,16623]
[20200207,16654]
[20200206,16597]
[20200205,16702]
[20200204,16831]
[20200203,17581]
[20200123,17594]
[20200122,17505]
[20200121,17676]
[20200120,17653]
[20200117,17565]
[20200116,17514]
[20200115,17491]
[20200114,17507]
[20200113,17623]
[20200110,17628]
[20200109,17619]
[20200108,17583]
[20200107,17413]
[20200106,17189]
[20200103,17123]
[20200102,17246]
[20191231,17353]
[20191230,17256]
[20191227,17138]
[20191226,17200]
[20191225,17211]
[20191224,17252]
[20191223,17349]
[20191220,17359]
[20191219,17212]
[20191218,17283]
[20191217,17292]
[20191216,17311]
[20191213,17300]
[20191212,17199]
[20191211,17181]
[20191210,17176]
[20191209,17167]
[20191206,17120]
[20191205,17010]
[20191204,16934]
[20191203,16891]
[20191202,17103]
[20191129,17127]
[20191128,17161]
[20191127,17053]
[20191126,17117]
[20191125,17082]
[20191122,17190]
[20191121,17391]
[20191120,17416]
[20191119,17457]
[20191118,17394]
[20191115,17464]
[20191114,17589]
[20191113,17847]
[20191112,17680]
[20191111,17616]
[20191108,17693]
[20191107,17763]
[20191106,17950]
[20191105,18084]
[20191104,17983]
[20191101,18000]
[20191031,18108]
[20191030,18109]
[20191029,18112]
[20191028,17908]
[20191025,17881]
[20191024,17819]
[20191023,17934]
[20191022,17940]
[20191021,17864]
[20191018,17750]
[20191017,17912]
[20191016,18074]
[20191015,17944]
[20191014,17979]
[20191011,17851]
[20191010,17718]
[20191009,17735]
[20191008,17708]
[20190930,17750]
[20190927,17605]
[20190926,17665]
[20190925,17791]
[20190924,17867]
[20190923,17899]
[20190920,17948]
[20190919,18119]
[20190918,18119]
[20190917,18251]
[20190916,18225]
[20190912,18228]
[20190911,18165]
[20190910,18084]
[20190909,18035]
[20190906,18010]
[20190905,17890]
[20190904,17787]
[20190903,17703]
[20190902,17767]
[20190830,17788]
[20190829,17814]
[20190828,17710]
[20190827,17541]
[20190826,17638]
[20190823,17610]
[20190822,17555]
[20190821,17612]
[20190820,17627]
[20190819,17624]
[20190816,17663]
[20190815,17743]
[20190814,17810]
[20190813,17707]
[20190812,17584]
[20190809,17619]
[20190808,17796]
[20190807,18152]
[20190806,18232]
[20190805,18303]
[20190802,18134]
[20190801,18274]
[20190731,18533]
[20190730,18483]
[20190729,18296]
[20190726,18147]
[20190725,18228]
[20190724,18207]
[20190723,18125]
[20190722,18425]
[20190719,18444]
[20190718,18306]
[20190717,18200]
[20190716,18112]
[20190715,18015]
[20190712,17937]
[20190711,18040]
[20190710,17879]
[20190709,18002]
[20190708,18226]
[20190705,18424]
[20190704,18390]
[20190703,18370]
[20190702,18615]
[20190701,18591]
[20190628,18675]
[20190627,18793]
[20190626,18717]
[20190625,18475]
[20190624,18260]
[20190621,18592]
[20190620,18667]
[20190619,18764]
[20190618,18739]
[20190617,18815]
[20190614,18981]
[20190613,18931]
[20190612,19144]
[20190611,19050]
[20190610,18992]
[20190606,18871]
[20190605,18678]
[20190604,18807]
[20190603,18949]
[20190531,19059]
[20190530,19019]
[20190529,18995]
[20190528,18899]
[20190527,18800]
[20190524,18589]
[20190523,18792]
[20190522,18995]
[20190521,19007]
[20190520,19139]
[20190517,19380]
[20190516,19400]
[20190515,19179]
[20190514,19163]
[20190513,19178]
[20190510,19272]
[20190509,19277]
[20190508,19626]
[20190507,19616]
[20190506,19971]
[20190430,19851]
[20190429,19739]
[20190426,19707]
[20190425,19411]
[20190424,19704]
[20190423,19726]
[20190422,19733]
[20190419,19652]
[20190418,19784]
[20190417,20074]
[20190416,20445]
[20190415,20356]
[20190412,20337]
[20190411,20373]
[20190410,20426]
[20190409,20486]
[20190408,20733]
[20190404,20736]
[20190403,20518]
[20190402,20783]
[20190401,20532]
[20190329,20272]
[20190328,20097]
[20190327,20029]
[20190326,19719]
[20190325,19750]
[20190322,19693]
[20190321,19660]
[20190320,19495]
[20190319,19391]
[20190318,19447]
[20190315,19787]
[20190314,19685]
[20190313,19500]
[20190312,19346]
[20190311,19202]
[20190308,19347]
[20190307,19468]
[20190306,19455]
[20190305,19608]
[20190304,19762]
[20190301,19469]
[20190228,19350]
[20190227,19264]
[20190226,19381]
[20190225,19295]
[20190222,19093]
[20190221,19179]
[20190220,19036]
[20190219,19031]
[20190218,18921]
[20190215,18920]
[20190214,18882]
[20190213,19031]
[20190212,19020]
[20190211,19716]
[20190201,19544]
[20190131,19311]
[20190130,19058]
[20190129,19200]
[20190128,18960]
[20190125,18877]
[20190124,18965]
[20190123,18685]
[20190122,18831]
[20190121,18854]
[20190118,18649]
[20190117,18344]
[20190116,18196]
[20190115,17913]
[20190114,17969]
[20190111,17988]
[20190110,18137]
[20190109,18052]
[20190108,17924]
[20190107,17832]
[20190104,17662]
[20190103,17886]
[20190102,18208]
[20181228,18085]
[20181227,18088]
[20181226,17973]
[20181225,17912]
[20181224,18332]
[20181221,18169]
[20181220,18185]
[20181219,18276]
[20181218,18430]
[20181217,18244]
[20181214,18209]
[20181213,18251]
[20181212,18354]
[20181211,18192]
[20181210,18645]
[20181207,18489]
[20181206,18321]
[20181205,18223]
[20181204,18237]
[20181203,18141]
[20181130,17578]
[20181129,17336]
[20181128,17129]
[20181127,17654]
[20181126,17903]
[20181123,18016]
[20181122,18117]
[20181121,18411]
[20181120,18482]
[20181119,18546]
[20181116,18326]
[20181115,18041]
[20181114,17958]
[20181113,17980]
[20181112,18002]
[20181109,17931]
[20181108,17779]
[20181107,18096]
[20181106,18030]
[20181105,18274]
[20181102,18105]
[20181101,18130]
[20181031,18196]
[20181030,18357]
[20181029,18531]
[20181026,18515]
[20181025,18818]
[20181024,18566]
[20181023,18404]
[20181022,18483]
[20181019,18470]
[20181018,18578]
[20181017,18337]
[20181016,18545]
[20181015,18825]
[20181012,18689]
[20181011,18873]
[20181010,18791]
[20181009,18351]
[20181008,18076]
[20180928,17818]
[20180927,17742]
[20180926,17884]
[20180925,17726]
[20180921,17874]
[20180920,17822]
[20180919,17545]
[20180918,17042]
[20180917,17021]
[20180914,17144]
[20180913,16922]
[20180912,16894]
[20180911,16990]
[20180910,17010]
[20180907,16987]
[20180906,16786]
[20180905,16917]
[20180904,16992]
[20180903,17210]
[20180831,17249]
[20180830,17008]
[20180829,17229]
[20180828,17134]
[20180827,16969]
[20180824,16767]
[20180823,16409]
[20180822,16481]
[20180821,16332]
[20180820,15956]
[20180817,15879]
[20180816,16366]
[20180815,16670]
[20180814,17024]
[20180813,17051]
[20180810,17281]
[20180809,17270]
[20180808,17167]
[20180807,17138]
[20180806,17161]
[20180803,17049]
[20180802,17044]
[20180801,17074]
[20180731,16809]
[20180730,16912]
[20180727,16991]
[20180726,16991]
[20180725,16975]
[20180724,17012]
[20180723,16941]
[20180720,16841]
[20180719,16743]
[20180718,16156]
[20180717,16098]
[20180716,16355]
[20180713,16611]
[20180712,16459]
[20180711,17091]
[20180710,17510]
[20180709,17501]
[20180706,17235]
[20180705,17611]
[20180704,18264]
[20180703,18158]
[20180702,18356]
[20180629,18231]
[20180628,18283]
[20180627,17917]
[20180626,17723]
[20180625,18148]
[20180622,18309]
[20180621,18497]
[20180620,18563]
[20180619,18978]
[20180615,19138]
[20180614,19114]
[20180613,19329]
[20180612,19255]
[20180611,19126]
[20180608,19106]
[20180607,19264]
[20180606,19051]
[20180605,18829]
[20180604,18953]
[20180601,19084]
[20180531,18846]
[20180530,18853]
[20180529,18727]
[20180528,18528]
[20180525,18378]
[20180524,18448]
[20180523,18418]
[20180522,18723]
[20180521,18617]
[20180518,18411]
[20180517,18562]
[20180516,18633]
[20180515,18475]
[20180514,18511]
[20180511,18551]
[20180510,18507]
[20180509,18605]
[20180508,18614]
[20180507,18437]
[20180504,18493]
[20180503,18614]
[20180502,18714]
[20180427,18554]
[20180426,18813]
[20180425,19025]
[20180424,19259]
[20180423,18998]
[20180420,19116]
[20180419,18896]
[20180418,18596]
[20180417,18466]
[20180416,18327]
[20180413,18438]
[20180412,19142]
[20180411,19081]
[20180410,19020]
[20180409,19193]
[20180404,19295]
[20180403,19453]
[20180402,19563]
[20180330,19432]
[20180329,19311]
[20180328,19433]
[20180327,19331]
[20180326,19194]
[20180323,19296]
[20180322,19175]
[20180321,19302]
[20180320,19316]
[20180319,19405]
[20180316,19369]
[20180315,19633]
[20180314,19569]
[20180313,19445]
[20180312,19217]
[20180309,19521]
[20180308,19681]
[20180307,19772]
[20180306,19944]
[20180305,20400]
[20180302,20595]
[20180301,20525]
[20180228,20722]
[20180227,20733]
[20180226,20637]
[20180223,20537]
[20180222,20720]
[20180214,20528]
[20180213,20216]
[20180212,20302]
[20180209,20401]
[20180208,20578]
[20180207,20663]
[20180206,20821]
[20180205,20879]
[20180202,20756]
[20180201,20831]
[20180131,20867]
[20180130,21037]
[20180129,20262]
[20180126,20453]
[20180125,20226]
[20180124,20385]
[20180123,20388]
[20180122,20300]
[20180119,20214]
[20180118,20266]
[20180117,20296]
[20180116,20496]
[20180115,20550]
[20180112,20422]
[20180111,20258]
[20180110,20496]
[20180109,20409]
[20180108,20310]
[20180105,20222]
[20180104,20059]
[20180103,20117]
[20180102,20058]
[20171229,20001]
[20171228,19797]
[20171227,19853]
[20171226,19735]
[20171225,20027]
[20171222,19802]
[20171221,19866]
[20171220,19758]
[20171219,19930]
[20171218,19849]
[20171215,19559]
[20171214,19617]
[20171213,19423]
[20171212,19365]
[20171211,19369]
[20171208,19079]
[20171207,19132]
[20171206,19469]
[20171205,19765]
[20171204,19737]
[20171201,19314]
[20171130,19263]
[20171129,19222]
[20171128,19340]
[20171127,19785]
[20171124,19751]
[20171123,19859]
[20171122,19673]
[20171121,19473]
[20171120,19511]
[20171117,19342]
[20171116,19326]
[20171115,19906]
[20171114,20032]
[20171113,19799]
[20171110,19778]
[20171109,19619]
[20171108,19866]
[20171107,20090]
[20171106,20085]
[20171103,20065]
[20171102,20087]
[20171101,20341]
[20171031,19973]
[20171030,19821]
[20171027,19955]
[20171026,19746]
[20171025,19754]
[20171024,19639]
[20171023,19556]
[20171020,19484]
[20171019,19427]
[20171018,19603]
[20171017,20143]
[20171016,20139]
[20171013,20015]
[20171012,20035]
[20171011,19989]
[20171010,20277]
[20171009,20270]
[20170929,19869]
[20170928,19959]
[20170927,19902]
[20170926,19590]
[20170925,19005]
[20170922,19460]
[20170921,19753]
[20170920,19656]
[20170919,19493]
[20170918,19168]
[20170915,19120]
[20170914,19146]
[20170913,19403]
[20170912,19253]
[20170911,19019]
[20170908,19146]
[20170907,19319]
[20170906,20040]
[20170905,19973]
[20170904,20036]
[20170901,19660]
[20170831,19854]
[20170830,19634]
[20170829,19758]
[20170828,20057]
[20170825,19923]
[20170824,20048]
[20170823,20172]
[20170822,20256]
[20170821,20001]
[20170818,20043]
[20170817,19259]
[20170816,18777]
[20170815,18565]
[20170814,18379]
[20170811,18620]
[20170810,18958]
[20170809,18643]
[20170808,18191]
[20170807,18060]
[20170804,17934]
[20170803,17851]
[20170802,17567]
[20170801,17843]
[20170731,17759]
[20170728,17843]
[20170727,17840]
[20170726,17894]
[20170725,17670]
[20170724,17496]
[20170721,17434]
[20170720,17607]
[20170719,17573]
[20170718,17800]
[20170717,17723]
[20170714,17825]
[20170713,17826]
[20170712,17760]
[20170711,17413]
[20170710,17560]
[20170707,17459]
[20170706,17396]
[20170705,17528]
[20170704,17548]
[20170703,17427]
[20170630,17216]
[20170629,17255]
[20170628,17121]
[20170627,16892]
[20170626,16892]
[20170623,16687]
[20170622,16432]
[20170621,16270]
[20170620,16141]
[20170619,16064]
[20170616,16090]
[20170615,15979]
[20170614,15855]
[20170613,16234]
[20170612,16018]
[20170609,15859]
[20170608,15638]
[20170607,15494]
[20170606,15699]
[20170605,15986]
[20170602,15976]
[20170601,16031]
[20170531,16371]
[20170526,16314]
[20170525,16413]
[20170524,16393]
[20170523,16289]
[20170522,15940]
[20170519,15891]
[20170518,15772]
[20170517,15727]
[20170516,15813]
[20170515,15836]
[20170512,16083]
[20170511,15916]
[20170510,15846]
[20170509,15648]
[20170508,15485]
[20170505,15592]
[20170504,15877]
[20170503,16128]
[20170502,16060]
[20170428,15763]
[20170427,15684]
[20170426,15602]
[20170425,15587]
[20170424,15851]
[20170421,15709]
[20170420,15419]
[20170419,15515]
[20170418,15847]
[20170417,15862]
[20170414,15719]
[20170413,15616]
[20170412,15433]
[20170411,15956]
[20170410,16167]
[20170407,16718]
[20170406,16718]
[20170405,17081]
[20170331,17029]
[20170330,17001]
[20170329,16597]
[20170328,16399]
[20170327,16852]
[20170324,16943]
[20170323,16872]
[20170322,16951]
[20170321,17212]
[20170320,17035]
[20170317,16889]
[20170316,16684]
[20170315,16526]
[20170314,16312]
[20170313,16060]
[20170310,15773]
[20170309,15919]
[20170308,16072]
[20170307,16134]
[20170306,16560]
[20170303,16856]
[20170302,16854]
[20170301,16654]
[20170228,16466]
[20170227,16560]
[20170224,16642]
[20170223,16731]
[20170222,16964]
[20170221,16696]
[20170220,16854]
[20170217,16924]
[20170216,17084]
[20170215,17277]
[20170214,17364]
[20170213,17250]
[20170210,16744]
[20170209,16630]
[20170208,16590]
[20170207,16324]
[20170206,16416]
[20170203,16833]
[20170126,16799]
[20170125,16479]
[20170124,16535]
[20170123,16261]
[20170120,16140]
[20170119,16216]
[20170118,16065]
[20170117,16478]
[20170116,16460]
[20170113,16257]
[20170112,16284]
[20170111,16338]
[20170110,16157]
[20170109,15561]
[20170106,15501]
[20170105,15597]
[20170104,15243]
[20170103,15398]
[20161230,15419]
[20161229,15241]
[20161228,15147]
[20161227,14669]
[20161226,15540]
[20161223,15458]
[20161222,15608]
[20161221,15396]
[20161220,15767]
[20161219,16530]
[20161216,16874]
[20161215,16560]
[20161214,16548]
[20161213,16347]
[20161212,16563]
[20161209,16721]
[20161208,16999]
[20161207,16940]
[20161206,16873]
[20161205,16614]
[20161202,16751]
[20161201,16722]
[20161130,17461]
[20161129,17959]
[20161128,17404]
[20161125,16736]
[20161124,16363]
[20161123,15991]
[20161122,15870]
[20161121,15314]
[20161118,15061]
[20161117,15559]
[20161116,15714]
[20161115,15936]
[20161114,15034]
[20161111,15240]
[20161110,14655]
[20161109,14785]
[20161108,14714]
[20161107,14700]
[20161104,14529]
[20161103,14342]
[20161102,14488]
[20161101,14461]
[20161031,14115]
[20161028,13968]
[20161027,13934]
[20161026,13986]
[20161025,13656]
[20161024,13411]
[20161021,13464]
[20161020,13429]
[20161019,13417]
[20161018,13305]
[20161017,13217]
[20161014,13119]
[20161013,13107]
[20161012,13380]
[20161011,13531]
[20161010,13442]
[20160930,13354]
[20160929,13332]
[20160928,13225]
[20160927,13080]
[20160926,13173]
[20160923,13136]
[20160922,13140]
[20160921,13170]
[20160920,12990]
[20160919,12900]
[20160914,13030]
[20160913,13016]
[20160912,13309]
[20160909,13250]
[20160908,13356]
[20160907,13410]
[20160906,13495]
[20160905,13582]
[20160902,13526]
[20160901,13281]
[20160831,13160]
[20160830,13168]
[20160829,13132]
[20160826,12995]
[20160825,12885]
[20160824,12875]
[20160823,12776]
[20160822,12821]
[20160819,12865]
[20160818,12705]
[20160817,12706]
[20160816,12600]
[20160815,12805]
[20160812,12939]
[20160811,13035]
[20160810,12866]
[20160809,12852]
[20160808,12787]
[20160805,12736]
[20160804,12702]
[20160803,12780]
[20160802,12784]
[20160801,12610]
[20160729,12558]
[20160728,12604]
[20160727,12715]
[20160726,12904]
[20160725,12817]
[20160722,12906]
[20160721,12853]
[20160720,12810]
[20160719,12674]
[20160718,12628]
[20160715,12610]
[20160714,12525]
[20160713,12471]
[20160712,12463]
[20160711,12268]
[20160708,12146]
[20160707,12297]
[20160706,12185]
[20160705,12411]
[20160704,12409]
[20160701,12214]
[20160630,12147]
[20160629,11924]
[20160628,11759]
[20160627,11572]
[20160624,11721]
[20160623,11712]
[20160622,11686]
[20160621,11635]
[20160620,11654]
[20160617,11588]
[20160616,11672]
[20160615,11674]
[20160614,11789]
[20160613,11656]
[20160608,11700]
[20160607,11705]
[20160606,11635]
[20160603,11567]
[20160602,11335]
[20160601,11272]
[20160531,11242]
[20160530,11206]
[20160527,11137]
[20160526,10938]
[20160525,10779]
[20160524,11048]
[20160523,11187]
[20160520,11172]
[20160519,11203]
[20160518,11350]
[20160517,11304]
[20160516,11256]
[20160513,11306]
[20160512,11164]
[20160511,11029]
[20160510,11010]
[20160509,11172]
[20160506,11121]
[20160505,11155]
[20160504,11456]
[20160503,11466]
[20160429,11298]
[20160428,11176]
[20160427,11086]
[20160426,11321]
[20160425,11404]
[20160422,11473]
[20160421,11372]
[20160420,11341]
[20160419,11212]
[20160418,11313]
[20160415,11124]
[20160414,11158]
[20160413,10740]
[20160412,10535]
[20160411,10500]
[20160408,10620]
[20160407,10679]
[20160406,10830]
[20160405,10818]
[20160401,10714]
[20160331,10672]
[20160330,10649]
[20160329,10727]
[20160328,10751]
[20160325,10738]
[20160324,10843]
[20160323,10893]
[20160322,10877]
[20160321,10850]
[20160318,10826]
[20160317,10619]
[20160316,10593]
[20160315,10684]
[20160314,10742]
[20160311,10610]
[20160310,10612]
[20160309,10767]
[20160308,10827]
[20160307,10997]
[20160304,10901]
[20160303,10828]
[20160302,10715]
[20160301,10628]
[20160229,10564]
[20160226,10635]
[20160225,10661]
[20160224,10692]
[20160223,10739]
[20160222,10620]
[20160219,10417]
[20160218,10240]
[20160217,10318]
[20160216,10433]
[20160215,10518]
[20160205,10548]
[20160204,10405]
[20160203,10110]
[20160202,10045]
[20160201,9976]
[20160129,9890]
[20160128,9961]
[20160127,9764]
[20160126,9698]
[20160125,9718]
[20160122,9674]
[20160121,9665]
[20160120,9756]
[20160119,9716]
[20160118,9631]
[20160115,9623]
[20160114,9519]
[20160113,9395]
[20160112,9746]
[20160111,9793]
[20160108,9804]
[20160107,9931]
[20160106,10134]
[20160105,10081]
[20160104,10206]
[20151231,10183]
[20151230,10050]
[20151229,9908]
[20151228,9989]
[20151225,9920]
[20151224,9870]
[20151223,9731]
[20151222,9773]
[20151221,9618]
[20151218,9537]
[20151217,9585]
[20151216,9656]
[20151215,9797]
[20151214,9790]
[20151211,9678]
[20151210,9598]
[20151209,9511]
[20151208,9744]
[20151207,9541]
[20151204,9424]
[20151203,9495]
[20151202,9648]
[20151201,9759]
[20151130,9861]
[20151127,9955]
[20151126,10012]
[20151125,9847]
[20151124,9596]
[20151123,9468]
[20151120,9331]
[20151119,9455]
[20151118,9549]
[20151117,9795]
[20151116,9817]
[20151113,9963]
[20151112,9775]
[20151111,10039]
[20151110,10265]
[20151109,10286]
[20151106,10258]
[20151105,10466]
[20151104,10413]
[20151103,10447]
[20151102,10395]
[20151030,10668]
[20151029,10671]
[20151028,10749]
[20151027,10715]
[20151026,10729]
[20151023,10588]
[20151022,10755]
[20151021,10760]
[20151020,10770]
[20151019,10876]
[20151016,10981]
[20151015,10940]
[20151014,11020]
[20151013,11108]
[20151012,10786]
[20151009,10579]
[20151008,10560]
[20150930,10363]
[20150929,10282]
