[20200528,13075,13125,13175,13000,106689]
[20200527,12965,13020,13040,12885,114089]
[20200526,12835,12940,12965,12830,80522]
[20200525,12805,12855,12890,12765,73222]
[20200522,12765,12795,12880,12730,115363]
[20200521,12860,12795,13020,12640,152657]
[20200520,12825,12885,12935,12785,80443]
[20200519,12770,12810,12980,12770,118947]
[20200518,12580,12780,12830,12520,128829]
[20200515,12485,12565,12630,12465,81085]
[20200514,12515,12490,12575,12410,79387]
[20200513,12420,12495,12525,12285,112222]
[20200512,12530,12440,12620,12415,75743]
[20200511,12420,12575,12570,12390,77878]
[20200508,12510,12420,12530,12320,93747]
[20200507,12568,12470,12603,12410,72821]
[20200506,12435,12548,12598,12405,74719]
[20200430,12450,12484,12509,12336,56797]
[20200429,12341,12430,12538,12341,81228]
[20200428,12213,12390,12356,12208,75074]
[20200427,12262,12262,12282,12153,61431]
[20200424,12040,12178,12173,12040,60392]
[20200423,12109,12114,12213,12060,74993]
[20200422,11931,12183,12089,11892,96743]
[20200421,12134,12005,12153,11852,114583]
[20200420,12178,11981,12302,12114,105943]
[20200417,12010,12153,12272,11936,103931]
[20200416,11763,11956,11971,11724,88853]
[20200415,11680,11813,11862,11630,98334]
[20200414,11610,11650,11665,11581,43168]
[20200413,11694,11610,11699,11581,61812]
[20200410,11517,11655,11699,11512,76254]
[20200409,11477,11576,11546,11457,56659]
[20200408,11388,11487,11497,11369,67569]
[20200407,11418,11398,11571,11388,67563]
[20200403,11383,11507,11443,11299,84975]
[20200402,11285,11383,11369,11082,107884]
[20200401,11423,11151,11507,11285,64438]
[20200331,11373,11497,11472,11373,35222]
[20200330,11571,11418,11571,11349,63243]
[20200327,11502,11413,11630,11428,77891]
[20200326,11502,11536,11581,11433,70562]
[20200325,11265,11447,11561,11265,83676]
[20200324,11319,11329,11364,11196,59087]
[20200323,11551,11319,11551,11132,109429]
[20200320,11842,11309,12010,11694,87552]
[20200319,12316,11729,12316,11581,91904]
[20200318,12469,11912,12558,12079,132273]
[20200317,12667,12534,12682,12538,49811]
[20200316,12780,12578,12835,12632,48922]
[20200313,12687,12731,12845,12583,85429]
[20200312,12687,12642,12746,12662,53137]
[20200311,12835,12746,12845,12766,39150]
[20200310,12835,12805,12879,12746,48609]
[20200309,12835,12780,12859,12667,74463]
[20200306,13032,12845,13067,12919,36832]
[20200305,13062,13012,13106,13022,29666]
[20200304,13151,13052,13156,12963,33733]
[20200303,13121,13082,13240,13116,28055]
[20200302,13156,13180,13156,13022,58414]
[20200228,13274,13077,13274,12928,87303]
[20200227,13329,13180,13359,13265,37500]
[20200226,13378,13339,13388,13339,26428]
[20200225,13363,13363,13408,13299,38247]
[20200224,13433,13314,13443,13309,40254]
[20200221,13527,13368,13527,13428,38799]
[20200220,13566,13487,13576,13512,26302]
[20200219,13566,13546,13586,13532,22205]
[20200218,13537,13576,13591,13517,28734]
[20200217,13537,13532,13566,13512,27607]
[20200214,13621,13556,13635,13546,19099]
[20200213,13611,13611,13621,13571,13672]
[20200212,13670,13591,13705,13601,30523]
[20200211,13546,13680,13705,13546,40552]
[20200210,13556,13576,13591,13512,26139]
[20200207,13546,13527,13591,13536,18423]
[20200206,13522,13576,13546,13502,14244]
[20200205,13442,13536,13522,13413,32626]
[20200204,13437,13497,13487,13408,35980]
[20200203,13467,13437,13650,13378,67510]
[20200123,14027,13636,14046,13933,40312]
[20200122,13992,14007,14037,13952,42424]
[20200121,14096,14002,14121,13972,61294]
[20200120,14160,14111,14170,14037,82686]
[20200117,14160,14126,14235,14086,108892]
[20200116,13839,14121,14160,13804,109711]
[20200115,13794,13834,13853,13779,63070]
[20200114,13814,13794,13843,13789,66289]
[20200113,13972,13809,13982,13794,84386]
[20200110,13858,13943,13977,13858,54917]
[20200109,13923,13883,13933,13848,34809]
[20200108,13849,13918,13977,13814,41758]
[20200107,13898,13844,13918,13824,35998]
[20200106,13874,13903,13938,13849,55320]
[20200103,13864,13869,13878,13750,56578]
[20200102,13869,13775,13933,13854,29638]
[20191231,13893,13908,13918,13849,96682]
[20191230,13869,13864,13933,13859,106008]
[20191227,13859,13893,13883,13810,126908]
[20191226,14002,13869,14007,13844,124090]
[20191225,14036,13947,14071,13982,110856]
[20191224,13982,14021,14041,13952,114754]
[20191223,13987,13982,14046,13938,120604]
[20191220,14002,14011,14031,13947,103668]
[20191219,13888,14002,13997,13888,145666]
[20191218,13800,13923,13918,13760,172824]
[20191217,13706,13780,13824,13681,178076]
[20191216,13736,13701,13746,13667,128420]
[20191213,13686,13711,13741,13642,142742]
[20191212,13716,13686,13750,13647,81216]
[20191211,13681,13750,13765,13662,109600]
[20191210,13628,13681,13681,13608,93816]
[20191209,13525,13633,13652,13505,89372]
[20191206,13593,13554,13613,13530,81844]
[20191205,13662,13603,13667,13603,68144]
[20191204,13647,13637,13686,13598,84990]
[20191203,13647,13642,13686,13608,112110]
[20191202,13579,13647,13662,13525,136976]
[20191129,13501,13540,13584,13461,131008]
[20191128,13432,13476,13510,13408,92728]
[20191127,13457,13461,13491,13403,96450]
[20191126,13501,13476,13515,13442,90096]
[20191125,13545,13491,13574,13496,89982]
[20191122,13559,13554,13559,13515,64274]
[20191121,13476,13554,13569,13476,114436]
[20191120,13427,13530,13481,13417,56586]
[20191119,13457,13432,13476,13427,66120]
[20191118,13373,13452,13496,13334,96588]
[20191115,13383,13349,13422,13364,71120]
[20191114,13369,13388,13451,13369,69926]
[20191113,13383,13388,13408,13378,66524]
[20191112,13495,13393,13529,13398,106426]
[20191111,13640,13500,13640,13480,88028]
[20191108,13582,13616,13694,13563,92638]
[20191107,13529,13645,13572,13480,102836]
[20191106,13563,13548,13577,13509,74112]
[20191105,13519,13558,13568,13490,74084]
[20191104,13461,13495,13543,13427,87002]
[20191101,13422,13446,13490,13364,120970]
[20191031,13427,13408,13441,13398,67088]
[20191030,13378,13412,13446,13378,96190]
[20191029,13417,13388,13417,13330,104418]
[20191028,13398,13393,13441,13393,75110]
[20191025,13412,13427,13461,13364,80790]
[20191024,13388,13398,13432,13364,90456]
[20191023,13369,13398,13403,13349,51858]
[20191022,13354,13378,13417,13344,84668]
[20191021,13466,13349,13500,13330,112804]
[20191018,13456,13490,13475,13422,70942]
[20191017,13412,13451,13461,13393,80802]
[20191016,13349,13417,13427,13335,81740]
[20191015,13296,13344,13378,13296,85284]
[20191014,13340,13301,13374,13296,90392]
[20191011,13519,13349,13524,13349,108034]
[20191010,13514,13519,13529,13441,80584]
[20191009,13553,13529,13621,13505,79474]
[20191008,13577,13563,13602,13534,43208]
[20190930,13509,13548,13602,13471,103902]
[20190927,13611,13524,13616,13505,124646]
[20190926,13684,13592,13703,13621,92774]
[20190925,13708,13689,13762,13684,114194]
[20190924,13786,13723,13830,13703,125996]
[20190923,13791,13791,13820,13766,67980]
[20190920,13728,13800,13815,13694,105032]
[20190919,13776,13733,13781,13703,121124]
[20190918,13800,13737,13859,13786,98412]
[20190917,13868,13825,13888,13781,141936]
[20190916,14028,13834,14077,13854,116202]
[20190912,13990,13994,14038,13965,105228]
[20190911,13941,14009,13994,13922,118812]
[20190910,13980,13941,14014,13912,131306]
[20190909,13946,13994,14207,13820,266056]
[20190906,13893,13893,13965,13883,115106]
[20190905,13898,13902,13922,13849,95298]
[20190904,13854,13898,13936,13844,99236]
[20190903,13859,13883,13898,13830,81164]
[20190902,13791,13854,13902,13767,113816]
[20190830,13748,13825,13820,13743,107428]
[20190829,13825,13772,13878,13743,128310]
[20190828,13791,13849,13888,13777,118634]
[20190827,13762,13786,13830,13748,116818]
[20190826,13820,13781,13873,13733,125468]
[20190823,13893,13820,13907,13781,160994]
[20190822,13864,13902,13893,13849,77404]
[20190821,13873,13859,13917,13825,135648]
[20190820,13917,13893,13990,13854,187058]
[20190819,13748,13902,13931,13699,226900]
[20190816,13748,13719,13811,13665,149884]
[20190815,13685,13767,13854,13685,214440]
[20190814,13728,13748,13752,13651,168420]
[20190813,13699,13723,13825,13641,265626]
[20190812,13486,13690,13752,13476,139156]
[20190809,13476,13524,13539,13452,94640]
[20190808,13379,13461,13476,13374,92742]
[20190807,13452,13384,13486,13394,76586]
[20190806,13471,13471,13495,13447,79396]
[20190805,13360,13471,13491,13345,113316]
[20190802,13418,13374,13432,13364,118522]
[20190801,13491,13423,13491,13427,100486]
[20190731,13495,13481,13520,13471,73986]
[20190730,13466,13510,13534,13457,106890]
[20190729,13452,13461,13486,13432,84760]
[20190726,13476,13452,13534,13457,112992]
[20190725,13379,13481,13481,13379,115864]
[20190724,13355,13384,13394,13326,96808]
[20190723,13427,13369,13452,13340,126028]
[20190722,13520,13413,13578,13427,140514]
[20190719,13471,13549,13558,13461,144192]
[20190718,13466,13471,13486,13413,95438]
[20190717,13481,13437,13515,13442,78938]
[20190716,13461,13476,13510,13442,74718]
[20190715,13350,13481,13471,13345,94468]
[20190712,13374,13355,13379,13321,87424]
[20190711,13442,13350,13597,13379,114598]
[20190710,13326,13461,13408,13282,123378]
[20190709,13379,13326,13389,13311,75360]
[20190708,13360,13379,13408,13326,69038]
[20190705,13374,13364,13481,13350,97420]
[20190704,13263,13369,13369,13248,103464]
[20190703,13267,13296,13287,13214,85844]
[20190702,13335,13287,13340,13224,119964]
[20190701,13418,13292,13442,13311,129108]
[20190628,13457,13403,13471,13369,133618]
[20190627,13500,13461,13529,13461,111040]
[20190626,13500,13500,13505,13457,88358]
[20190625,13442,13495,13500,13418,116924]
[20190624,13345,13452,13432,13345,109944]
[20190621,13500,13364,13515,13335,138584]
[20190620,13457,13500,13505,13437,103574]
[20190619,13403,13457,13476,13394,130660]
[20190618,13379,13413,13413,13355,86504]
[20190617,13476,13364,13481,13355,115042]
[20190614,13539,13466,13563,13466,65702]
[20190613,13515,13563,13568,13510,49542]
[20190612,13602,13539,13607,13500,62818]
[20190611,13471,13602,13573,13471,85578]
[20190610,13486,13515,13525,13452,80790]
[20190606,13612,13491,13650,13486,121190]
[20190605,13583,13650,13636,13549,62852]
[20190604,13636,13568,13694,13563,130944]
[20190603,13694,13674,13747,13631,110566]
[20190531,13650,13694,13708,13650,76984]
[20190530,13704,13684,13737,13645,102704]
[20190529,13771,13718,13824,13694,109982]
[20190528,13834,13776,13839,13757,82084]
[20190527,13747,13820,13863,13742,133922]
[20190524,13631,13762,13766,13621,115268]
[20190523,13616,13655,13689,13592,99986]
[20190522,13781,13607,13786,13650,142318]
[20190521,13805,13766,13844,13752,145014]
[20190520,13820,13820,13853,13791,91212]
[20190517,13887,13795,13940,13824,131854]
[20190516,13858,13873,13916,13849,141658]
[20190515,13742,13868,13892,13732,147750]
[20190514,13757,13761,13790,13699,95698]
[20190513,13689,13742,13771,13674,112324]
[20190510,13549,13699,13723,13539,148560]
[20190509,13529,13544,13578,13500,100184]
[20190508,13563,13525,13583,13520,91126]
[20190507,13462,13544,13573,13437,104384]
[20190506,13636,13481,13636,13467,121508]
[20190430,13742,13578,13747,13694,118682]
[20190429,13670,13723,13761,13631,109342]
[20190426,13757,13674,13781,13689,129810]
[20190425,13670,13761,13800,13665,185102]
[20190424,13703,13684,13728,13655,131480]
[20190423,13732,13699,13761,13699,144946]
[20190422,13612,13713,13732,13607,167590]
[20190419,13597,13621,13631,13578,96456]
[20190418,13534,13592,13641,13529,149902]
[20190417,13437,13534,13563,13423,150730]
[20190416,13408,13452,13457,13403,66968]
[20190415,13418,13427,13481,13403,105948]
[20190412,13403,13432,13427,13369,80712]
[20190411,13408,13403,13432,13384,75234]
[20190410,13384,13423,13452,13369,137044]
[20190409,13364,13403,13403,13335,94420]
[20190408,13369,13364,13423,13364,55070]
[20190404,13350,13394,13418,13321,84302]
[20190403,13345,13350,13394,13311,87822]
[20190402,13423,13335,13423,13306,134136]
[20190401,13316,13389,13471,13311,176110]
[20190329,13282,13326,13306,13234,118628]
[20190328,13238,13292,13306,13229,154360]
[20190327,13195,13272,13234,13175,94406]
[20190326,13205,13209,13243,13190,89600]
[20190325,13316,13205,13331,13200,165680]
[20190322,13350,13311,13360,13292,103194]
[20190321,13364,13326,13408,13331,124910]
[20190320,13306,13384,13398,13272,183698]
[20190319,13185,13272,13311,13171,139610]
[20190318,13214,13195,13214,13156,95706]
[20190315,13224,13180,13301,13146,249200]
[20190314,13234,13209,13268,13200,151340]
[20190313,13132,13243,13205,13127,146480]
[20190312,13093,13142,13146,13045,135566]
[20190311,13103,13083,13127,13045,133256]
[20190308,13064,13093,13117,13049,120160]
[20190307,13132,13083,13132,13016,169882]
[20190306,13180,13103,13180,13088,117552]
[20190305,13243,13180,13258,13079,394930]
[20190304,13248,13238,13326,13238,155992]
[20190301,13258,13292,13268,13190,116546]
[20190228,13282,13268,13316,13234,120852]
[20190227,13277,13292,13311,13243,110568]
[20190226,13321,13287,13369,13258,115434]
[20190225,13292,13287,13360,13238,130630]
[20190222,13127,13277,13263,13103,158914]
[20190221,13079,13112,13132,13054,87580]
[20190220,13054,13098,13112,13045,82086]
[20190219,13035,13079,13079,13016,50480]
[20190218,13030,13074,13108,13020,62350]
[20190215,13020,13030,13025,12967,43670]
[20190214,12982,13011,13049,12972,46996]
[20190213,12982,12991,13020,12962,25956]
[20190212,12948,12982,13016,12948,30434]
[20190211,13132,12996,13132,12943,50212]
[20190201,13098,13083,13151,12977,140464]
[20190131,13069,13112,13132,13045,121104]
[20190130,13020,13045,13112,13011,126908]
[20190129,13059,13045,13088,12977,121156]
[20190128,13093,13054,13195,13059,133370]
[20190125,13093,13127,13151,13079,97958]
[20190124,13117,13088,13195,13093,155430]
[20190123,13045,13137,13122,13001,131566]
[20190122,13083,13059,13083,12972,125354]
[20190121,13069,13069,13195,13035,172876]
[20190118,12972,13064,13064,12909,134540]
[20190117,13001,12943,13040,12943,98246]
[20190116,12923,12982,13001,12880,182984]
[20190115,12860,12889,12928,12826,143874]
[20190114,12962,12851,12967,12856,162496]
[20190111,12991,12948,13016,12928,135672]
[20190110,13054,12982,13054,12986,116736]
[20190109,12982,13035,13064,12962,134850]
[20190108,13059,12977,13079,12972,110124]
[20190107,13049,13040,13112,13030,122064]
[20190104,12952,13045,13030,12875,148430]
[20190103,12991,12972,13045,12913,122058]
[20190102,13176,13030,13181,13011,120680]
[20181228,13239,13161,13293,13186,177270]
[20181227,13414,13268,13429,13263,207114]
[20181226,13414,13375,13482,13399,144962]
[20181225,13322,13419,13438,13322,159066]
[20181224,13346,13341,13395,13312,119456]
[20181221,13341,13365,13390,13259,161242]
[20181220,13297,13302,13356,13224,169428]
[20181219,13375,13307,13390,13249,122012]
[20181218,13263,13370,13399,13263,140624]
[20181217,13249,13307,13312,13220,84566]
[20181214,13259,13249,13283,13234,81948]
[20181213,13234,13273,13317,13215,115420]
[20181212,13327,13254,13351,13229,91682]
[20181211,13283,13327,13341,13254,74578]
[20181210,13307,13317,13341,13278,72448]
[20181207,13239,13297,13302,13132,115372]
[20181206,13390,13185,13395,13249,107136]
[20181205,13478,13375,13483,13361,97774]
[20181204,13453,13444,13497,13405,92370]
[20181203,13244,13483,13648,13229,275224]
[20181130,13322,13249,13332,13195,216714]
[20181129,13332,13322,13375,13288,132368]
[20181128,13395,13307,13405,13273,195522]
[20181127,13449,13371,13463,13395,154958]
[20181126,13424,13424,13497,13390,154036]
[20181123,13463,13424,13531,13429,151944]
[20181122,13419,13453,13473,13395,116312]
[20181121,13385,13419,13410,13288,153736]
[20181120,13468,13375,13488,13356,140056]
[20181119,13400,13458,13497,13385,129500]
[20181116,13419,13390,13434,13351,136188]
[20181115,13385,13414,13449,13366,124466]
[20181114,13458,13405,13492,13371,115746]
[20181113,13492,13463,13507,13346,169382]
[20181112,13531,13458,13570,13473,145652]
[20181109,13595,13531,13634,13531,119496]
[20181108,13575,13575,13668,13546,137108]
[20181107,13566,13561,13595,13483,108580]
[20181106,13531,13570,13600,13434,97244]
[20181105,13595,13522,13619,13517,81866]
[20181102,13580,13605,13673,13517,169086]
[20181101,13629,13605,13678,13502,145030]
[20181031,13717,13609,13785,13595,194230]
[20181030,13848,13717,13868,13731,164192]
[20181029,13809,13824,13917,13756,172228]
[20181026,13902,13809,13961,13780,148346]
[20181025,13883,13936,13922,13805,163300]
[20181024,13824,13878,13936,13805,142126]
[20181023,13829,13887,13863,13785,100558]
[20181022,13814,13839,13873,13673,180874]
[20181019,13780,13775,13848,13722,139336]
[20181018,13936,13790,13951,13673,231274]
[20181017,13887,13912,13995,13878,130962]
[20181016,13863,13912,13946,13726,145816]
[20181015,13990,13897,14019,13809,126952]
[20181012,13878,13980,13985,13819,136546]
[20181011,14058,13844,14068,13800,187308]
[20181010,14185,14058,14229,14058,163754]
[20181009,14132,14176,14249,14097,157032]
[20181008,14034,14132,14112,13985,96912]
[20180928,14029,14039,14054,13941,153620]
[20180927,14229,14005,14239,14014,187336]
[20180926,14303,14205,14317,14190,164428]
[20180925,14327,14288,14342,14229,114594]
[20180921,14283,14312,14400,14264,259410]
[20180920,14180,14293,14244,14151,165050]
[20180919,14180,14156,14234,14097,179430]
[20180918,14141,14146,14166,14063,147360]
[20180917,14268,14137,14293,14093,218184]
[20180914,14200,14249,14298,14195,201188]
[20180913,14171,14259,14283,14137,221268]
[20180912,14288,14176,14332,14200,218352]
[20180911,14454,14307,14503,14337,220050]
[20180910,14351,14430,14444,14283,194532]
[20180907,14351,14361,14410,14264,198620]
[20180906,14356,14312,14405,14322,163846]
[20180905,14435,14376,14459,14307,185796]
[20180904,14553,14420,14587,14440,142308]
[20180903,14606,14582,14646,14513,165790]
[20180831,14641,14597,14695,14523,202518]
[20180830,14700,14675,14749,14602,186734]
[20180829,14695,14675,14803,14553,265340]
[20180828,14464,14768,14700,14415,176922]
[20180827,14504,14489,14577,14440,185196]
[20180824,14356,14538,14538,14327,213940]
[20180823,14371,14352,14430,14347,143168]
[20180822,14415,14391,14474,14327,163766]
[20180821,14224,14420,14459,14200,291976]
[20180820,14131,14234,14190,14092,153518]
[20180817,14150,14146,14253,14106,184786]
[20180816,14224,14131,14234,13954,310308]
[20180815,14376,14214,14391,14253,197970]
[20180814,14401,14352,14454,14352,167026]
[20180813,14337,14381,14489,14337,214672]
[20180810,14548,14376,14553,14302,274726]
[20180809,14239,14504,14597,14234,398916]
[20180808,14204,14317,14244,14150,99332]
[20180807,14180,14224,14263,14155,113090]
[20180806,14180,14180,14234,14131,126042]
[20180803,14062,14160,14234,14062,135780]
[20180802,14180,14116,14209,14027,156914]
[20180801,14303,14180,14391,14204,186292]
[20180731,14234,14298,14352,14195,175136]
[20180730,14170,14214,14239,14160,152802]
[20180727,14101,14180,14214,14096,171336]
[20180726,14150,14155,14190,14037,161770]
[20180725,14165,14180,14254,14131,171352]
[20180724,14071,14180,14160,14047,198588]
[20180723,13855,14081,14071,13835,257702]
[20180720,13820,13850,13879,13806,103752]
[20180719,13815,13845,13934,13815,177374]
[20180718,13860,13850,13865,13796,102390]
[20180717,13845,13820,13875,13776,124138]
[20180716,13860,13830,13879,13756,168074]
[20180713,13865,13840,13934,13815,131946]
[20180712,13840,13914,13963,13820,182952]
[20180711,13943,13855,13993,13658,265552]
[20180710,13948,13978,14007,13914,131560]
[20180709,13845,13963,14007,13845,135802]
[20180706,13766,13875,13919,13756,139852]
[20180705,13816,13796,13900,13722,140798]
[20180704,13924,13806,13964,13806,135724]
[20180703,13855,13949,13910,13766,130664]
[20180702,13999,13845,14014,13801,173416]
[20180629,13969,13984,14033,13944,120006]
[20180628,14043,13999,14157,14009,166570]
[20180627,13890,14053,14083,13875,153680]
[20180626,13994,13900,14014,13840,169358]
[20180625,14053,13885,14117,13979,135086]
[20180622,14043,14023,14117,13999,132302]
[20180621,14073,14083,14093,13974,121858]
[20180620,13905,14038,14147,13895,160948]
[20180619,14231,13984,14325,13924,214002]
[20180615,14474,14236,14499,14251,230654]
[20180614,14518,14464,14597,14459,148242]
[20180613,14741,14553,14761,14434,221890]
[20180612,14741,14721,14825,14687,122464]
[20180611,14756,14716,14815,14721,134970]
[20180608,14884,14776,14929,14696,158424]
[20180607,14800,14865,14929,14705,181286]
[20180606,14546,14800,14800,14526,161912]
[20180605,14621,14571,14626,14521,116026]
[20180604,14546,14601,14621,14497,89570]
[20180601,14526,14521,14606,14462,128712]
[20180531,14611,14477,14656,14497,178160]
[20180530,14666,14601,14690,14561,137684]
[20180529,14710,14646,14720,14626,139262]
[20180528,14720,14710,14760,14646,119542]
[20180525,14666,14700,14785,14641,165180]
[20180524,14512,14656,14705,14417,189570]
[20180523,14521,14482,14596,14492,129892]
[20180522,14715,14551,14715,14507,145506]
[20180521,14770,14681,14770,14661,158460]
[20180518,14725,14715,14810,14681,168190]
[20180517,14690,14755,14835,14666,192556]
[20180516,14636,14671,14735,14551,191484]
[20180515,14571,14581,14661,14546,147088]
[20180514,14581,14591,14621,14536,144318]
[20180511,14551,14566,14666,14517,180840]
[20180510,14482,14556,14581,14482,149972]
[20180509,14656,14546,14676,14487,201010]
[20180508,14626,14656,14700,14606,88450]
[20180507,14601,14641,14681,14571,140496]
[20180504,14531,14586,14646,14471,202328]
[20180503,14526,14571,14566,14461,121190]
[20180502,14441,14491,14501,14361,78536]
[20180427,14341,14496,14541,14316,282778]
[20180426,14461,14386,14461,14331,204314]
[20180425,14351,14421,14501,14346,224196]
[20180424,14321,14431,14531,14212,444502]
[20180423,14946,14361,15041,14811,293394]
[20180420,15266,14871,15271,14856,485546]
[20180419,15196,15186,15550,15131,481388]
[20180418,14816,15181,14951,14796,259114]
[20180417,14736,14841,14971,14716,415562]
[20180416,14636,14796,14656,14476,308134]
[20180413,14311,14586,14611,14247,509356]
[20180412,14391,14287,14396,14227,280858]
[20180411,14396,14366,14461,14287,269370]
[20180410,14347,14391,14427,14291,173888]
[20180409,14372,14336,14387,14165,149050]
[20180404,14196,14211,14201,14015,190788]
[20180403,14060,14125,14206,14040,192388]
[20180402,13844,14110,14075,13788,283050]
[20180330,13864,13813,13909,13713,264306]
[20180329,13808,13859,14005,13753,355746]
[20180328,13879,13808,13944,13808,143522]
[20180327,13798,13909,13969,13743,198324]
[20180326,13864,13874,13869,13738,188844]
[20180323,14020,13808,14045,13718,360764]
[20180322,14015,14010,14090,13934,208448]
[20180321,14110,13969,14110,13934,227940]
[20180320,14075,14035,14130,14015,196354]
[20180319,14080,14045,14206,13989,178746]
[20180316,14050,14135,14120,13995,176126]
[20180315,14065,14050,14115,13954,203718]
[20180314,13989,14090,14065,13939,226400]
[20180313,14155,13974,14191,13899,380500]
[20180312,14196,14155,14357,14115,297688]
[20180309,14326,14130,14382,14100,271898]
[20180308,14331,14301,14387,14211,252168]
[20180307,14512,14326,14553,14301,252384]
[20180306,14382,14533,14598,14372,270870]
[20180305,14533,14382,14548,14352,186880]
[20180302,14543,14533,14649,14432,203522]
[20180301,14457,14502,14583,14457,178130]
[20180228,14452,14507,14518,14361,242416]
[20180227,14482,14447,14482,14325,224736]
[20180226,14472,14386,14543,14361,291506]
[20180223,14305,14507,14558,14295,228226]
[20180222,14442,14351,14442,14194,95046]
[20180214,14538,14381,14609,14244,214284]
[20180213,14533,14512,14664,14482,143870]
[20180212,14400,14583,14726,14258,262300]
[20180209,14502,14400,14543,14410,175340]
[20180208,14461,14431,14634,14431,234576]
[20180207,14426,14543,14527,14344,176224]
[20180206,14594,14405,14660,14385,240678]
[20180205,14614,14522,14731,14512,184942]
[20180202,14594,14685,14716,14568,153662]
[20180201,14700,14660,14756,14543,188632]
[20180131,14756,14660,14858,14670,246166]
[20180130,14945,14797,14985,14680,270368]
[20180129,14914,14955,15031,14868,207798]
[20180126,15021,14904,15082,14873,231010]
[20180125,14919,15021,15118,14843,256774]
[20180124,14817,14873,14985,14787,153734]
[20180123,14965,14853,15006,14858,200012]
[20180122,15021,14975,15046,14868,197294]
[20180119,14945,14985,15097,14884,245358]
[20180118,14894,14934,14960,14761,209906]
[20180117,14955,14873,14996,14817,219800]
[20180116,15408,14934,15413,14985,358524]
[20180115,15392,15382,15535,15377,202790]
[20180112,15484,15499,15504,15286,197436]
[20180111,15367,15459,15530,15352,206482]
[20180110,15306,15367,15367,15235,157900]
[20180109,15286,15357,15398,15265,139702]
[20180108,15434,15321,15501,15193,216946]
[20180105,15434,15424,15506,15362,172054]
[20180104,15434,15460,15521,15275,207816]
[20180103,15434,15480,15531,15403,170834]
[20180102,15634,15480,15752,15383,191418]
[20171229,15496,15701,15613,15393,312066]
[20171228,15250,15434,15521,15162,363838]
[20171227,15029,15193,15244,14973,289598]
[20171226,15086,15162,15121,14865,241204]
[20171225,15050,15045,15265,14983,351244]
[20171222,15050,15075,15111,14917,265224]
[20171221,15091,15080,15137,14978,257686]
[20171220,14881,15060,15086,14814,318626]
[20171219,14896,14860,14917,14788,230774]
[20171218,14860,14865,14988,14773,308614]
[20171215,14676,14809,14845,14650,288406]
[20171214,14630,14742,14696,14568,202606]
[20171213,14645,14630,14665,14491,237944]
[20171212,14599,14630,14773,14548,257090]
[20171211,14650,14594,14737,14553,200160]
[20171208,14553,14640,14732,14527,221260]
[20171207,14753,14578,14768,14501,245336]
[20171206,14983,14742,15024,14645,278470]
[20171205,15009,14993,15152,14952,199810]
[20171204,15045,15070,15370,14880,312818]
[20171201,15133,15231,15169,14998,179406]
[20171130,15050,15055,15220,14802,408260]
[20171129,15226,15076,15313,15045,218226]
[20171128,15468,15164,15509,15205,231622]
[20171127,15535,15437,15638,15365,239796]
[20171124,15504,15592,15587,15427,189822]
[20171123,15416,15515,15654,15416,281978]
[20171122,15396,15515,15484,15293,265534]
[20171121,15618,15375,15654,15344,308522]
[20171120,15860,15633,15995,15556,367626]
[20171117,16051,15835,16067,15840,176336]
[20171116,16010,16010,16139,15953,214796]
[20171115,15984,16000,16160,15835,371374]
[20171114,16067,16005,16149,15927,224516]
[20171113,16046,16026,16129,15995,175786]
[20171110,15933,16062,16103,15933,253658]
[20171109,16299,16031,16340,15819,489400]
[20171108,16500,16144,16547,16309,303148]
[20171107,16676,16516,16702,16475,342714]
[20171106,16769,16660,16862,16557,321718]
[20171103,16743,16748,16810,16686,195394]
[20171102,16877,16758,16877,16686,281592]
[20171101,16816,16810,17112,16753,287636]
[20171031,16894,16894,16951,16836,264114]
[20171030,16862,16888,16992,16826,256502]
[20171027,17091,16904,17127,16878,266912]
[20171026,16956,17070,17200,16914,325050]
[20171025,16940,16982,17060,16857,281608]
[20171024,16847,16930,17008,16821,213902]
[20171023,16945,16868,16966,16774,287162]
[20171020,16810,16909,17034,16712,301514]
[20171019,16727,16727,16888,16540,370244]
[20171018,17049,16613,17055,16691,408668]
[20171017,17169,16966,17252,16925,372568]
[20171016,17299,17210,17351,17034,395612]
[20171013,17101,17314,17330,17055,390932]
[20171012,16945,17132,17158,16862,348978]
[20171011,17018,16888,17205,16883,391948]
[20171010,17335,17143,17475,17091,393640]
[20171009,17169,17236,17356,17112,190816]
[20170929,17164,17247,17232,16996,361270]
[20170928,17353,17164,17363,17059,433688]
[20170927,17227,17332,17384,17148,374892]
[20170926,17316,17185,17458,17237,422230]
[20170925,17384,17279,17521,17164,667252]
[20170922,17715,17305,17988,17022,961698]
[20170921,17993,17747,18119,17552,721576]
[20170920,17442,18030,18009,17237,753566]
[20170919,17206,17421,17479,17127,497848]
[20170918,17085,17179,17290,16890,506680]
[20170915,17410,17048,17447,17038,460668]
[20170914,17295,17279,17510,17190,492344]
[20170913,17337,17368,17626,17337,428026]
[20170912,17363,17489,17484,17316,454352]
[20170911,16749,17437,17384,16602,567774]
[20170908,17043,16754,17122,16581,465950]
[20170907,17263,17011,17305,16964,425756]
[20170906,17368,17211,17442,17137,371252]
[20170905,17374,17374,17505,17342,316288]
[20170904,17543,17410,17775,17400,253064]
[20170901,17558,17611,17669,17447,255874]
[20170831,17241,17521,17432,17151,298036]
[20170830,17294,17194,17358,17130,322572]
[20170829,17273,17236,17389,17104,274922]
[20170828,17527,17336,17564,17141,417148]
[20170825,17416,17516,17606,17358,360634]
[20170824,17220,17447,17706,17204,622926]
[20170823,17342,17310,17426,17009,409056]
[20170822,17358,17305,17474,17183,371908]
[20170821,17373,17278,17532,17114,596682]
[20170818,17336,17389,17379,17014,479548]
[20170817,17099,17336,17606,17067,760396]
[20170816,16803,17247,17141,16734,524200]
[20170815,16718,16781,16797,16485,440716]
[20170814,17104,16729,17162,16581,704766]
[20170811,17088,17088,17204,16850,810784]
[20170810,17120,16977,17400,16834,847848]
[20170809,16433,17347,17262,16353,1057160]
[20170808,16063,16512,16512,16041,568116]
[20170807,15624,16274,16189,15566,498818]
[20170804,15560,15587,15698,15502,176300]
[20170803,15688,15545,15784,15491,211434]
[20170802,15321,15715,15789,15321,256038]
[20170801,15476,15374,15481,15321,129414]
[20170731,15268,15449,15481,15225,186558]
[20170728,15396,15268,15460,15220,189290]
[20170727,15417,15385,15470,15321,150814]
[20170726,15497,15460,15582,15412,230466]
[20170725,15353,15523,15523,15311,188138]
[20170724,15385,15343,15438,15295,142228]
[20170721,15348,15406,15417,15273,142890]
[20170720,15390,15380,15481,15321,182540]
[20170719,15268,15412,15428,15263,145814]
[20170718,15417,15300,15428,15199,162106]
[20170717,15279,15412,15481,15279,213262]
[20170714,15348,15369,15460,15257,230376]
[20170713,15108,15369,15273,15108,144362]
[20170712,15055,15156,15194,15045,148344]
[20170711,15055,15108,15103,14901,167310]
[20170710,15108,15050,15167,15050,120998]
[20170707,15151,15140,15172,15055,119208]
[20170706,15140,15151,15199,15077,81070]
[20170705,15028,15167,15231,15028,145298]
[20170704,15135,15060,15167,15001,107258]
[20170703,14942,15087,15145,14937,151028]
[20170630,14979,14947,15017,14797,145810]
[20170629,14937,14969,15033,14899,155524]
[20170628,14921,14904,14974,14862,133240]
[20170627,14862,14921,14931,14701,146788]
[20170626,14926,14803,14926,14824,73610]
[20170623,14787,14846,14942,14771,92196]
[20170622,14888,14781,14979,14738,161766]
[20170621,14953,14937,14990,14856,143474]
[20170620,14787,14953,15028,14717,263838]
[20170619,14562,14738,14803,14530,177192]
[20170616,14492,14599,14610,14465,124144]
[20170615,14674,14487,14685,14444,282516]
[20170614,14680,14669,14749,14637,154420]
[20170613,14701,14690,14776,14674,133780]
[20170612,14701,14706,14851,14674,183356]
[20170609,14781,14690,14851,14605,210726]
[20170608,14722,14803,14856,14701,108510]
[20170607,14695,14712,14792,14685,109300]
[20170606,14717,14712,14819,14658,147426]
[20170605,14814,14738,14932,14695,151024]
[20170602,14894,14814,14927,14825,98456]
[20170601,14733,14894,14943,14722,152102]
[20170531,15061,14787,15088,14749,192702]
[20170526,15147,15045,15212,15104,138772]
[20170525,15083,15163,15201,14975,260366]
[20170524,14970,15099,15131,14970,153962]
[20170523,15072,15002,15094,14959,173170]
[20170522,15174,15024,15239,15007,215308]
[20170519,14975,15142,15158,14916,168802]
[20170518,15131,14959,15190,14959,141398]
[20170517,15067,15115,15147,15040,156518]
[20170516,15050,15067,15126,14943,169818]
[20170515,14943,15067,15083,14862,180136]
[20170512,14954,14916,14991,14787,223208]
[20170511,14921,14911,14991,14722,210870]
[20170510,14900,14911,14921,14841,143934]
[20170509,14727,14889,14943,14667,162578]
[20170508,15062,14781,15143,14754,295482]
[20170505,15003,15084,15148,14932,242142]
[20170504,15040,15019,15105,14878,254772]
[20170503,15003,14965,15116,14986,182072]
[20170502,15197,15003,15300,14948,209650]
[20170428,15554,15213,15559,15143,371494]
[20170427,15565,15505,15619,15494,218868]
[20170426,15586,15543,15673,15527,344636]
[20170425,15478,15554,15629,15365,332148]
[20170424,15435,15440,15538,15321,270282]
[20170421,15548,15375,15651,15467,284288]
[20170420,15408,15565,15521,15224,404494]
[20170419,15624,15435,15700,15278,455866]
[20170418,15721,15619,15792,15586,309648]
[20170417,15365,15716,16046,15338,534496]
[20170414,15246,15408,15419,15213,278870]
[20170413,15067,15262,15327,14997,370362]
[20170412,15132,15051,15251,15040,350344]
[20170411,15257,15186,15294,15062,220820]
[20170410,15169,15213,15419,15142,218302]
[20170407,15332,15191,15376,15120,223312]
[20170406,15441,15305,15517,15245,163552]
[20170405,15148,15463,15425,15093,196984]
[20170331,15055,15137,15224,14995,323900]
[20170330,15050,15077,15126,14963,213196]
[20170329,14865,15017,15109,14810,289064]
[20170328,14903,14843,14952,14723,304342]
[20170327,14925,14925,15012,14729,304446]
[20170324,15022,14881,15055,14881,275202]
[20170323,15012,14984,15126,14848,323786]
[20170322,15109,14963,15202,14919,327852]
[20170321,15039,15164,15115,14897,264300]
[20170320,15039,15050,15126,14908,206024]
[20170317,15224,15033,15251,14914,230252]
[20170316,14968,15202,15202,14892,353776]
[20170315,14810,14935,14984,14767,264184]
[20170314,15115,14838,15164,14778,316666]
[20170313,15202,15137,15278,14903,322762]
[20170310,14794,15169,15186,14740,242788]
[20170309,15082,14827,15104,14854,223934]
[20170308,15044,15044,15198,14984,213182]
[20170307,15061,15088,15160,14984,152400]
[20170306,15483,15023,15527,15055,252010]
[20170303,15494,15461,15549,15203,231880]
[20170302,15593,15434,15675,15439,228890]
[20170301,15132,15598,15620,15110,328418]
[20170228,15214,15132,15297,15072,267314]
[20170227,15110,15193,15253,15034,286158]
[20170224,15264,15116,15286,14809,329978]
[20170223,15330,15225,15461,15143,291314]
[20170222,15604,15341,15686,15275,323704]
[20170221,15494,15664,15763,15494,266524]
[20170220,15423,15631,15565,15264,288250]
[20170217,15653,15384,15807,15395,329674]
[20170216,15681,15686,15988,15598,387018]
[20170215,15779,15648,15900,15576,401830]
[20170214,15401,15757,15829,15379,404920]
[20170213,15219,15450,15473,15186,171930]
[20170210,15186,15208,15280,15020,140450]
[20170209,15065,15197,15274,15065,139430]
[20170208,14998,15147,15147,14932,142230]
[20170207,15026,14960,15147,14916,143370]
[20170206,15153,15048,15351,14927,207074]
[20170203,15307,15247,15307,15043,100654]
[20170126,15401,15180,15451,15031,254784]
[20170125,15247,15417,15594,15241,332622]
[20170124,15131,15318,15241,15065,204924]
[20170123,14816,15136,15318,14761,449316]
[20170120,14750,14778,14833,14701,218630]
[20170119,14728,14767,14850,14640,203754]
[20170118,14767,14690,14822,14596,199630]
[20170117,14789,14783,14916,14574,308970]
[20170116,14767,14822,14888,14640,278480]
[20170113,14767,14728,14938,14574,368176]
[20170112,14353,14877,14645,14287,281094]
[20170111,14254,14353,14392,14177,265954]
[20170110,13857,14226,14193,13835,287988]
[20170109,13846,13879,14017,13824,169974]
[20170106,13923,13967,13962,13791,113160]
[20170105,13967,13885,14044,13846,126552]
[20170104,13951,13967,14006,13801,94904]
[20170103,14210,13951,14210,13895,71018]
[20161230,13967,14078,14233,13940,200884]
[20161229,13912,14022,14083,13884,163806]
[20161228,14144,13912,14321,13973,208860]
[20161227,13967,14094,14172,13895,166798]
[20161226,14045,14034,14177,13774,237726]
[20161223,14155,14100,14299,13973,226818]
[20161222,14238,14166,14293,14122,195246]
[20161221,14050,14194,14255,14011,213144]
[20161220,13967,14050,14061,13873,224544]
[20161219,14227,13956,14288,13956,256440]
[20161216,14282,14271,14459,14244,209258]
[20161215,14481,14349,14481,14177,334998]
[20161214,14758,14354,14774,14387,295646]
[20161213,14819,14647,14874,14686,200154]
[20161212,14747,14758,15034,14653,335210]
[20161209,14531,14714,14813,14393,385900]
[20161208,14553,14586,14736,14332,337920]
[20161207,14542,14575,14564,14288,347944]
[20161206,14609,14498,14786,14487,274364]
[20161205,14697,14675,14835,14559,271086]
[20161202,14697,14647,14957,14592,230546]
[20161201,14523,14774,14889,14523,206724]
[20161130,14813,14621,14873,14305,297386]
[20161129,15332,14747,15364,14780,349496]
[20161128,15228,15217,15495,15162,327272]
[20161125,15375,15304,15424,15129,325722]
[20161124,15413,15326,15676,15102,530832]
[20161123,15501,15348,15698,15364,334118]
[20161122,15424,15545,15632,15315,343340]
[20161121,14916,15463,15441,14731,394162]
[20161118,14638,14916,14927,14621,335968]
[20161117,14818,14736,14873,14501,332990]
[20161116,15080,14747,15217,14731,395094]
[20161115,15599,14960,15774,14998,558516]
[20161114,15523,15637,16222,14878,745498]
[20161111,15474,15725,15572,15211,378512]
[20161110,14813,15277,15359,14807,495924]
[20161109,14578,14895,14960,14534,442704]
[20161108,14572,14621,14769,14496,284150]
[20161107,14512,14638,14829,14436,318554]
[20161104,14736,14479,14791,14408,260280]
[20161103,14452,14731,14720,14398,224820]
[20161102,15009,14523,15020,14419,282782]
[20161101,15041,14987,15158,14855,199040]
[20161031,14765,14924,15185,14706,329526]
[20161028,14446,14807,14844,14398,313032]
[20161027,14525,14419,14579,14238,290252]
[20161026,14238,14531,14882,14201,479282]
[20161025,13739,14552,14143,13717,180912]
[20161024,13425,13749,13765,13393,189534]
[20161021,13340,13478,13499,13276,127176]
[20161020,13356,13340,13473,13356,117192]
[20161019,13542,13393,13627,13356,180984]
[20161018,13462,13563,13600,13430,109032]
[20161017,13691,13483,13701,13457,171868]
[20161014,13574,13627,13781,13536,176184]
[20161013,13499,13552,13627,13462,153500]
[20161012,13489,13521,13515,13334,151822]
[20161011,13432,13420,13557,13406,86132]
[20161010,13035,13473,13468,13035,99052]
[20160930,13129,13155,13171,12999,84328]
[20160929,12983,13155,13244,12983,139674]
[20160928,13061,13009,13066,12894,98214]
[20160927,12983,12941,13103,12910,138574]
[20160926,13040,12915,13056,12858,146870]
[20160923,12915,13030,13077,12873,171094]
[20160922,12706,12894,12894,12649,139178]
[20160921,12576,12680,12722,12560,125846]
[20160920,12435,12592,12639,12430,123394]
[20160919,12445,12461,12487,12393,61090]
[20160914,12550,12461,12550,12352,140596]
[20160913,12477,12529,12597,12477,94418]
[20160912,12555,12519,12571,12430,103994]
[20160909,12482,12539,12618,12482,80910]
[20160908,12550,12545,12581,12435,103086]
[20160907,12487,12550,12576,12461,112284]
[20160906,12456,12545,12550,12367,157232]
[20160905,12743,12466,12753,12404,211546]
[20160902,12588,12712,12748,12557,69604]
[20160901,12583,12609,12645,12542,73800]
[20160831,12681,12609,12769,12593,97328]
[20160830,12753,12702,12805,12665,72100]
[20160829,12722,12722,12846,12702,93150]
[20160826,12691,12748,12846,12686,100690]
[20160825,12836,12717,12836,12671,106812]
[20160824,12820,12794,12892,12784,63998]
[20160823,12774,12851,12846,12681,76746]
[20160822,13001,12769,13027,12753,168156]
[20160819,13187,12985,13187,13006,139980]
[20160818,12851,13140,13202,12831,205496]
[20160817,12862,12965,12862,12779,94814]
[20160816,12727,12836,12867,12702,107278]
[20160815,12660,12743,12774,12614,109762]
[20160812,12789,12738,12789,12691,68940]
[20160811,12882,12758,12892,12748,90386]
[20160810,12702,12841,12877,12686,114068]
[20160809,12774,12722,12794,12660,116936]
[20160808,12624,12763,12789,12578,160908]
[20160805,12449,12609,12624,12382,121498]
[20160804,12485,12418,12506,12413,86802]
[20160803,12629,12418,12650,12392,102928]
[20160802,12624,12614,12634,12485,71616]
[20160801,12588,12614,12655,12537,74386]
[20160729,12660,12568,12691,12476,101108]
[20160728,12389,12619,12645,12332,142464]
[20160727,12409,12363,12455,12312,125502]
[20160726,12471,12353,12506,12409,79544]
[20160725,12486,12486,12537,12363,129874]
[20160722,12665,12476,12727,12445,138402]
[20160721,12599,12696,12706,12512,126798]
[20160720,12573,12547,12670,12542,135224]
[20160719,12809,12583,12809,12501,194796]
[20160718,13034,12747,13054,12803,131116]
[20160715,13029,13034,13044,12931,108464]
[20160714,12952,13019,13013,12875,137374]
[20160713,12860,12942,13034,12819,239664]
[20160712,12947,12839,12967,12768,174254]
[20160711,12911,12952,12972,12860,163326]
[20160708,12752,12901,12921,12721,180640]
[20160707,12711,12788,12937,12691,262926]
[20160706,12783,12721,12855,12609,252522]
[20160705,12834,12844,12896,12573,223866]
[20160704,12906,12865,13095,12809,245430]
[20160701,12660,12916,12911,12619,145260]
[20160630,12488,12655,12705,12448,160476]
[20160629,12554,12458,12599,12468,120120]
[20160628,12468,12564,12610,12433,103716]
[20160627,12281,12508,12589,12261,160466]
[20160624,12478,12342,12534,12266,180542]
[20160623,12498,12478,12508,12377,141946]
[20160622,12306,12488,12488,12291,216874]
[20160621,12291,12316,12342,12220,205182]
[20160620,12089,12246,12251,12034,182360]
[20160617,11993,12094,12114,11958,117864]
[20160616,12044,11993,12094,12003,129586]
[20160615,11973,12018,12003,11887,108500]
[20160614,12013,11973,12155,11902,234492]
[20160613,11927,12013,12064,11862,102676]
[20160608,11761,11912,12018,11725,208176]
[20160607,11927,11821,11963,11735,275672]
[20160606,12114,11948,12125,11842,288058]
[20160603,12226,12064,12256,11983,219688]
[20160602,12092,12195,12281,12027,136864]
[20160601,12256,12062,12266,12032,120584]
[20160531,12291,12181,12336,12191,139234]
[20160530,12166,12261,12311,12136,169218]
[20160527,12176,12166,12231,11972,248658]
[20160526,12062,12131,12161,11867,275318]
[20160525,12321,12062,12346,11967,284362]
[20160524,12276,12261,12316,12131,150540]
[20160523,12451,12236,12520,12191,204926]
[20160520,12251,12441,12411,12231,143302]
[20160519,12271,12271,12366,12186,165130]
[20160518,12331,12206,12426,12226,175860]
[20160517,12186,12331,12406,12161,202256]
[20160516,12037,12271,12251,11982,198558]
[20160513,12047,12096,12131,11822,235524]
[20160512,12111,12106,12211,12017,175992]
[20160511,11842,12047,12096,11842,172720]
[20160510,12047,11927,12047,11742,221202]
[20160509,12281,11982,12456,11952,244772]
[20160506,12456,12341,12500,12171,254966]
[20160505,12470,12475,12535,12371,149242]
[20160504,12680,12485,12705,12426,194338]
[20160503,12625,12685,12785,12625,97228]
[20160429,12476,12665,12650,12401,170080]
[20160428,12784,12486,12859,12367,457508]
[20160427,12729,12834,12898,12685,212224]
[20160426,12819,12714,12873,12670,231270]
[20160425,12769,12724,12993,12620,454126]
[20160422,12372,12938,12724,12183,512050]
[20160421,12039,12446,12461,12039,319918]
[20160420,11979,12088,12039,11949,134758]
[20160419,11924,11954,11969,11880,118198]
[20160418,11875,11915,11934,11760,121900]
[20160415,11919,11830,11944,11850,121994]
[20160414,11924,11919,11994,11840,150648]
[20160413,11760,11969,11999,11751,254510]
[20160412,11676,11790,11746,11676,78532]
[20160411,11597,11736,11746,11592,126432]
[20160408,11676,11636,11676,11447,140550]
[20160407,11691,11616,11741,11671,108430]
[20160406,11751,11671,11830,11676,135892]
[20160405,11795,11785,11865,11756,64226]
[20160401,11691,11780,11825,11676,98390]
[20160331,11636,11681,11726,11616,106814]
[20160330,11691,11656,11696,11607,99440]
[20160329,11666,11661,11795,11616,164736]
[20160328,11636,11726,11746,11597,153710]
[20160325,11438,11651,11631,11428,160714]
[20160324,11413,11463,11557,11383,229718]
[20160323,11413,11403,11463,11378,85830]
[20160322,11448,11388,11468,11388,85970]
[20160321,11343,11428,11497,11324,141906]
[20160318,11244,11353,11418,11239,149796]
[20160317,11150,11294,11284,11150,86758]
[20160316,11165,11170,11224,11125,94232]
[20160315,11229,11199,11274,11190,114004]
[20160314,11254,11239,11373,11239,127766]
[20160311,11234,11269,11294,11165,131590]
[20160310,11274,11199,11333,11185,149510]
[20160309,11453,11324,11463,10976,274016]
[20160308,11393,11428,11507,11329,301786]
[20160307,11353,11487,11552,11284,336572]
[20160304,11284,11329,11403,11249,215512]
[20160303,11224,11264,11289,11199,111790]
[20160302,11180,11279,11259,11075,165998]
[20160301,11279,11199,11294,11041,158508]
[20160229,11289,11269,11404,11269,202664]
[20160226,11304,11319,11354,11184,205014]
[20160225,11144,11274,11339,11144,179992]
[20160224,11219,11159,11219,11099,131704]
[20160223,11254,11199,11299,11169,152440]
[20160222,11104,11234,11289,11074,200246]
[20160219,10983,11144,11099,10948,132362]
[20160218,11004,10978,11069,10958,112854]
[20160217,11064,10978,11134,10948,216892]
[20160216,10893,11059,11084,10843,266358]
[20160215,10763,10863,10893,10728,62478]
[20160205,10903,10793,10913,10798,100170]
[20160204,10723,10863,10938,10718,148172]
[20160203,10713,10738,10753,10648,94304]
[20160202,10653,10733,10718,10633,58186]
[20160201,10753,10653,10839,10603,96940]
[20160129,10789,10794,10829,10728,75260]
[20160128,10829,10804,10889,10774,137498]
[20160127,10789,10849,10874,10758,103670]
[20160126,10763,10768,10789,10723,75620]
[20160125,10874,10733,10989,10718,162484]
[20160122,10713,10869,10854,10698,188350]
[20160121,10723,10708,10733,10653,111546]
[20160120,10849,10718,10854,10688,163902]
[20160119,10753,10824,10854,10738,142144]
[20160118,10668,10758,10829,10663,167290]
[20160115,10733,10683,10789,10683,179424]
[20160114,10603,10733,10809,10593,259748]
[20160113,10643,10643,10698,10543,392042]
[20160112,10844,10633,10899,10603,427852]
[20160111,10784,10889,10924,10779,336976]
[20160108,10698,10819,10804,10628,277158]
[20160107,10703,10688,10763,10648,219388]
[20160106,10758,10708,10784,10678,183544]
[20160105,10638,10748,10819,10608,241272]
[20160104,10889,10628,10889,10643,190950]
[20151231,10779,10804,10919,10768,154448]
[20151230,10784,10804,10914,10758,205150]
[20151229,10568,10779,10758,10568,214788]
[20151228,10886,10603,10891,10563,221802]
[20151225,10862,10867,10891,10822,104064]
[20151224,10832,10857,10916,10817,162378]
[20151223,10747,10832,10867,10692,192792]
[20151222,10757,10752,10847,10702,183716]
[20151221,10677,10777,10822,10598,229164]
[20151218,10483,10652,10672,10458,269796]
[20151217,10443,10518,10583,10418,320356]
[20151216,10453,10508,10508,10393,245832]
[20151215,10478,10488,10608,10453,334388]
[20151214,10578,10533,10662,10493,397944]
[20151211,10314,10543,10628,10284,460456]
[20151210,10428,10354,10558,10239,636188]
[20151209,10219,10528,10468,10174,411660]
[20151208,10214,10214,10339,10154,399300]
[20151207,10349,10219,10379,10169,342108]
[20151204,10154,10309,10259,10045,376662]
[20151203,10110,10204,10244,10095,251996]
[20151202,10030,10184,10349,10015,317794]
[20151201,10025,10075,10120,9925,215782]
[20151130,10277,10000,10346,9966,491572]
[20151127,10094,10341,10336,10074,526878]
[20151126,9684,10143,10094,9620,454116]
[20151125,9605,9669,9832,9551,399220]
[20151124,9728,9679,9758,9506,380240]
[20151123,9852,9733,9941,9635,373072]
[20151120,9704,9832,9966,9526,457608]
[20151119,9901,9625,9901,9669,284282]
[20151118,9975,9857,10035,9812,229144]
[20151117,9966,9971,10020,9867,266338]
[20151116,10010,10005,10119,9951,181270]
[20151113,9901,10059,10074,9817,226690]
[20151112,9951,9921,10055,9921,184878]
[20151111,10124,9956,10153,9891,415140]
[20151110,10415,10064,10450,10099,352810]
[20151109,10425,10405,10504,10356,217904]
[20151106,10435,10425,10499,10366,187952]
[20151105,10361,10415,10524,10336,284736]
[20151104,10237,10361,10395,10213,173670]
[20151103,10218,10223,10316,10198,154788]
[20151102,10218,10203,10267,10163,144682]
[20151030,10188,10237,10267,10173,173872]
[20151029,10139,10203,10302,10129,310526]
[20151028,10405,10203,10514,10153,293540]
[20151027,10356,10465,10455,10287,276052]
[20151026,10475,10366,10534,10257,300468]
[20151023,10633,10282,10702,10223,352024]
[20151022,10662,10618,10731,10573,107104]
[20151021,10885,10662,10904,10638,100608]
[20151020,10954,10840,10993,10850,60776]
[20151019,11063,10959,11147,10954,73158]
[20151016,11117,11087,11171,11048,47422]
[20151015,11211,11127,11265,11107,55150]
[20151014,11334,11201,11453,11176,72288]
[20151013,11478,11329,11478,11315,48796]
[20151012,11532,11443,11586,11408,60078]
[20151009,11329,11483,11497,11245,83290]
[20151008,11557,11260,11557,11339,31958]
[20150930,11562,11423,11611,11448,27764]
[20150929,11581,11532,11606,11473,37540]
[20150928,11670,11576,11685,11591,16198]
[20150925,11626,11655,11759,11621,30378]
[20150924,11641,11655,11700,11606,31090]
[20150923,11695,11670,11695,11611,28576]
[20150922,11779,11670,11799,11675,32706]
[20150921,11829,11789,11903,11740,41036]
[20150918,11824,11853,11918,11794,21458]
[20150917,11809,11834,11838,11779,16812]
[20150916,11779,11799,11824,11749,16576]
[20150915,11829,11789,11868,11735,24794]
[20150914,11873,11848,11928,11853,22622]
[20150911,11873,11888,11932,11843,21770]
[20150910,11957,11888,12061,11824,31884]
[20150909,11843,11942,11937,11824,50860]
[20150908,11749,11829,11789,11744,22106]
[20150907,11715,11759,11789,11700,14578]
[20150902,11700,11754,11759,11655,16616]
[20150901,11774,11705,11774,11650,47340]
[20150831,11824,11744,11893,11749,29464]
[20150828,11759,11829,11853,11740,28806]
[20150827,11730,11749,11764,11695,18134]
[20150826,11819,11725,11923,11700,36606]
[20150825,11675,11809,11784,11641,37608]
[20150824,11843,11690,11868,11680,52920]
[20150821,11977,11843,11992,11853,20674]
[20150820,11819,11928,11918,11809,24538]
[20150819,11853,11834,11893,11769,23488]
[20150818,11913,11858,11942,11848,14406]
[20150817,11992,11923,12012,11893,21934]
[20150814,11992,11987,12017,11957,18688]
[20150813,12086,11987,12116,11972,40096]
[20150812,11913,12061,12140,11873,53878]
[20150811,11829,11893,11992,11829,47804]
[20150810,11838,11863,11928,11809,23454]
[20150807,11863,11834,11878,11784,30524]
[20150806,11987,11829,11992,11883,23716]
[20150805,12036,11957,12041,11952,15364]
[20150804,11952,12012,12150,11898,28336]
[20150803,12116,11967,12170,11873,42942]
[20150430,12111,12145,12147,12088,42360]
[20150429,12152,12097,12184,12066,54056]
[20150428,12129,12134,12184,12057,48404]
[20150427,12052,12152,12165,12043,64320]
[20150424,11966,12057,12020,11957,26226]
[20150423,11920,11993,12052,11898,55724]
[20150422,11893,11934,11952,11839,22152]
[20150421,11898,11902,11925,11884,14284]
[20150420,11979,11893,12011,11884,29728]
[20150417,12029,11975,12043,11957,32628]
[20150416,11870,12025,11993,11861,29136]
[20150415,11852,11879,11911,11820,25110]
[20150414,11957,11861,11957,11816,65130]
[20150413,12043,11925,12052,11907,39284]
[20150410,12039,12016,12066,11979,28474]
[20150409,12102,12011,12148,11861,92806]
[20150408,12184,12129,12211,12152,15408]
[20150407,12161,12184,12220,12152,10598]
[20150403,12148,12198,12166,12138,15560]
[20150402,12134,12152,12179,12116,23700]
[20150401,12143,12143,12184,12116,24118]
