[20210830,69200,70450,70260,69200,119393]
[20210827,68910,69480,69190,68630,89621]
[20210826,69500,68890,69600,68560,89755]
[20210825,69080,69480,69590,68910,96290]
[20210824,68550,69100,68760,68210,97992]
[20210823,66820,68220,68120,66820,115412]
[20210820,66060,67000,67450,65810,135197]
[20210819,68135,66130,68135,66560,137446]
[20210818,68724,68016,69073,68365,104954]
[20210817,69631,68973,69861,69312,71788]
[20210816,69871,69841,70718,69472,94153]
[20210813,69990,70140,70010,69362,73501]
[20210812,69681,69681,70469,69661,85549]
[20210811,69312,69791,70230,69183,93736]
[20210810,68355,69272,69581,68355,86188]
[20210809,69970,68873,70300,69003,105880]
[20210806,69063,70040,70240,69063,89169]
[20210805,69332,69402,69671,69033,101887]
[20210804,69671,69591,70150,69412,95250]
[20210803,71486,69741,71486,70260,100494]
[20210802,71766,71167,72254,70639,155792]
[20210730,71506,71616,71925,71097,100675]
[20210729,71556,71786,71716,70938,110544]
[20210728,71915,71526,72214,71506,116536]
[20210727,70838,72045,72543,70808,152515]
[20210726,69851,71157,70958,69452,125423]
[20210723,69032,69801,69901,68843,75501]
[20210722,68203,69122,68952,68114,66666]
[20210721,67784,68283,68583,67714,72548]
[20210720,67355,67854,68273,67305,91433]
[20210719,69202,67754,69382,68533,82506]
[20210716,68683,69092,69452,68573,91030]
[20210715,68633,68683,69002,67964,97343]
[20210714,68393,68473,68922,68183,80957]
[20210713,68693,68433,69362,68663,73973]
[20210712,69502,68753,69881,68753,112773]
[20210709,68263,69132,69142,68074,106548]
[20210708,69182,68483,69452,68503,114757]
[20210707,69621,69172,69701,67804,156901]
[20210706,69162,69252,70131,69112,103010]
[20210705,68333,69621,69681,68114,125346]
[20210702,68533,68563,68843,67714,95613]
[20210701,68533,68633,69212,68044,105912]
[20210630,67844,69032,68513,67744,79223]
[20210629,68553,67814,68723,67624,89884]
[20210628,68483,68473,68833,68054,101622]
[20210625,68603,68743,69242,68493,96911]
[20210624,68763,68743,69562,68203,121289]
[20210623,67355,68862,68553,67275,87845]
[20210622,66444,67934,67645,66424,99200]
[20210621,67175,66714,67395,66374,121349]
[20210618,68645,67245,68985,66984,146581]
[20210617,68975,68465,69856,68475,120735]
[20210616,69135,68875,69515,68405,131202]
[20210615,71546,69245,71546,69525,97856]
[20210611,71096,70876,71856,70636,126757]
[20210610,71426,70876,71906,71076,93010]
[20210609,71016,71726,72406,70906,127098]
[20210608,71296,71116,71846,71126,97798]
[20210607,71946,71356,72136,71216,102975]
[20210604,71526,71846,71776,70506,217554]
[20210603,73407,71726,73517,72637,144278]
[20210602,73727,73277,74767,73547,141021]
[20210601,74007,73807,74377,73617,112298]
[20210531,73067,73667,74567,72797,178857]
[20210528,71996,72987,74507,71996,233523]
[20210527,71886,72296,72376,71306,146469]
[20210526,71876,71696,72266,71536,134752]
[20210525,71806,71606,72977,71766,150625]
[20210524,72827,71936,72967,71056,228511]
[20210521,73627,72617,73737,71796,200577]
[20210520,73687,73437,74128,72412,178271]
[20210519,76015,73396,76176,74339,121139]
[20210518,74951,75985,76487,74851,129304]
[20210517,74630,75152,75554,74470,163549]
[20210514,75694,74771,76005,73807,220957]
[20210513,76517,75544,76999,75694,218004]
[20210512,76276,76005,77430,75945,182882]
[20210511,77681,76507,77701,75072,276454]
[20210510,75574,76768,78555,75353,257968]
[20210507,73847,75805,75222,73697,166188]
[20210506,72472,73797,73586,72472,82925]
[20210430,72864,72974,73326,71519,186605]
[20210429,72081,72994,73215,71770,178446]
[20210428,72412,71941,72643,71318,209897]
[20210427,71409,72392,73085,71288,241142]
[20210426,70003,71529,71389,69803,222722]
[20210423,69572,69983,69993,69110,153188]
[20210422,69080,69532,69943,68990,153292]
[20210421,69522,69110,69843,68699,168383]
[20210420,69913,69692,69993,69251,147227]
[20210419,69251,69773,70074,68127,208732]
[20210416,68378,69080,69753,68307,228245]
[20210415,67083,68649,68428,66922,171866]
[20210414,66631,67033,66732,66340,59969]
[20210413,66200,66671,66461,65918,76216]
[20210412,67174,66300,67244,65949,124266]
[20210409,67164,67134,67586,66853,87876]
[20210408,66893,67254,67516,66612,108586]
[20210407,67315,66742,67707,67074,85025]
[20210406,67787,67445,67968,67164,66707]
[20210402,65687,67857,67546,65637,174140]
[20210401,66049,65979,66180,65336,124347]
[20210331,66160,65949,66230,65486,144836]
[20210330,66722,66059,66923,66160,116492]
[20210329,66581,66812,67204,66370,132780]
[20210326,65507,66461,66692,65225,180130]
[20210325,66993,65557,67285,65778,177982]
[20210324,67054,67094,67214,66381,140013]
[20210323,67325,67013,68028,66692,182938]
[20210322,66812,67365,67747,66521,164085]
[20210319,67285,66933,67696,65878,204642]
[20210318,67224,67295,67978,66963,136061]
[20210317,66792,67124,67415,66481,128040]
[20210316,67988,66893,68088,67003,126845]
[20210315,67224,67887,68530,67164,191078]
[20210312,67566,67254,67777,66903,172247]
[20210311,66260,67646,68078,65718,210132]
[20210310,66431,66029,66581,65366,177443]
[20210309,66602,66340,67797,66109,175052]
[20210308,66733,66411,67739,66059,169208]
[20210305,65526,66713,66803,64600,263161]
[20210304,68041,66592,68041,66864,148174]
[20210303,68061,67689,68816,67659,173394]
[20210302,67820,67870,68011,66129,230502]
[20210301,67830,67820,68524,67266,304749]
[20210226,70506,67759,70868,68353,392965]
[20210225,68806,70677,71170,68313,373252]
[20210224,67960,68866,69258,66964,414469]
[20210223,67156,67719,69208,66824,427498]
[20210222,64852,67638,67779,64761,278631]
[20210219,63775,64922,64862,63393,182949]
[20210218,62145,63775,63765,62145,70850]
[20210210,60929,62789,62176,60735,108936]
[20210209,60091,60816,61041,60081,84680]
[20210208,59723,60121,60336,59406,91928]
[20210205,58997,59580,59529,58813,90649]
[20210204,58670,59007,59222,58496,106296]
[20210203,58435,58588,58752,58118,121216]
[20210202,59069,58660,59181,58527,104855]
[20210201,59150,59069,59631,58547,146614]
[20210129,58966,59334,59753,58680,163305]
[20210128,59610,59007,59876,58895,212647]
[20210127,60060,59764,60438,59866,84186]
[20210126,60244,59978,60397,59692,104609]
[20210125,59590,60305,60561,59457,137815]
[20210122,60653,59621,60939,59937,129511]
[20210121,60305,60888,60796,60029,118596]
[20210120,60367,60162,60776,60019,119659]
[20210119,60438,60489,60479,59968,90433]
[20210118,60029,60316,60745,59610,160178]
[20210115,60213,60275,61072,59958,150449]
[20210114,59948,60377,60275,59743,98510]
[20210113,60081,60009,60408,59876,109148]
[20210112,59917,60060,60173,59242,141998]
[20210111,61483,59927,61647,59927,160208]
[20210108,60593,61504,62118,60419,137095]
[20210107,60736,60572,60961,60122,103281]
[20210106,59538,60941,60685,59466,113834]
[20210105,59600,59538,59927,59077,91871]
[20210104,59118,59886,59681,59057,64825]
[20201231,59559,59200,59722,58996,122261]
[20201230,59681,59559,60070,59436,111609]
[20201229,60183,59600,60388,59395,121553]
[20201228,59886,60255,60613,59681,109976]
[20201225,59415,59743,60050,59149,76728]
[20201224,59333,59497,59866,59303,99047]
[20201223,59374,59487,59456,58504,149513]
[20201222,60030,59313,60367,59252,157738]
[20201221,60685,59907,61053,60214,144531]
[20201218,60193,60879,61033,60040,135152]
[20201217,59579,60214,60152,59323,84085]
[20201216,59190,59681,59662,58964,99887]
[20201215,59231,59477,59333,58800,86338]
[20201214,59108,59169,59518,58667,136493]
[20201211,58862,59169,60697,58575,268683]
[20201210,58605,58872,58923,58226,113712]
[20201209,58195,58626,58934,58113,112848]
[20201208,58421,58185,58759,58236,98589]
[20201207,58698,58472,59292,58400,171686]
[20201204,58595,58800,59077,58144,206498]
[20201203,58288,58841,58780,57929,170534]
[20201202,58636,58277,59272,58288,187430]
[20201201,59077,58811,59446,58052,246482]
[20201130,57570,59180,59241,57488,256218]
[20201127,56555,57549,57601,56483,159586]
[20201126,55786,56596,56791,55765,143066]
[20201125,56268,55909,56493,55786,154257]
[20201124,55160,56052,56237,54996,174665]
[20201123,55212,55284,55909,55058,202166]
[20201120,54033,55099,54894,53869,126957]
[20201119,54186,54115,54484,53910,86979]
[20201118,54145,54176,54402,53623,91605]
[20201117,54986,53992,55007,54084,107595]
[20201116,53517,54935,55253,53517,180497]
[20201113,53312,53784,53630,53220,82795]
[20201112,53312,53291,53322,52953,73018]
[20201111,52901,53209,53435,52798,79531]
[20201110,53795,52911,54031,52973,116069]
[20201109,53291,53723,53651,53178,113221]
[20201106,52840,53302,53076,52727,69243]
[20201105,52840,52870,53148,52706,83112]
[20201104,53209,53004,53363,52809,111693]
[20201103,52531,53086,53209,52531,101006]
[20201102,52429,52685,52685,52100,100471]
[20201030,52531,52644,52870,52203,131637]
[20201029,52624,52552,52994,52531,106104]
[20201028,53065,52665,53281,52840,84818]
[20201027,52870,53065,53107,52768,89274]
[20201026,53517,52983,53538,53178,76192]
[20201023,53487,53487,53774,53230,99856]
[20201022,53887,53589,54267,53661,108525]
[20201021,53301,53856,54021,53198,128948]
[20201020,53095,53373,53095,52704,73366]
[20201019,52879,53023,53064,52622,103402]
[20201016,52622,52766,53280,52488,114073]
[20201015,52879,52540,52920,52560,109393]
[20201014,52787,52889,53054,52622,113300]
[20201013,53178,52787,53363,52828,78691]
[20201012,53126,53219,53126,52293,128224]
[20201009,52961,52982,53157,52745,46206]
[20200930,52138,52992,52787,52066,123216]
[20200929,52663,52107,52941,52313,117940]
[20200928,52272,52859,52838,51932,144792]
[20200925,51830,52169,52653,51439,188771]
[20200924,52498,51665,52879,51912,212356]
[20200923,53713,52745,53733,52437,153797]
[20200922,53826,53641,53826,52591,137400]
[20200921,53630,53743,54289,53424,81185]
[20200918,53002,53486,53877,52827,112328]
[20200917,53177,52900,53352,52797,95366]
[20200916,53723,53229,53754,53074,102868]
[20200915,53682,53558,53846,53466,74527]
[20200914,53404,53641,54052,53219,120766]
[20200911,53414,53301,53713,52714,132052]
[20200910,53620,53476,53846,53136,83624]
[20200909,53579,53671,53826,53023,126275]
[20200908,54062,53332,54237,53846,79332]
[20200907,53394,54165,54382,53239,155283]
[20200904,53126,53548,53311,52344,139687]
[20200903,53476,53229,53692,53147,99416]
[20200902,54237,53486,54361,53208,143750]
[20200901,53548,54176,54598,53527,116559]
[20200831,53517,53743,53754,53321,81543]
[20200828,53105,53496,53548,52663,126990]
[20200827,53157,53188,53219,52879,61485]
[20200826,52735,53136,52982,52519,77776]
[20200825,52951,52786,53044,52529,79066]
[20200824,52694,52920,53064,52519,94274]
[20200821,53682,52673,53805,53074,114146]
[20200820,54145,53579,54279,53311,134651]
[20200819,53011,54093,54166,52856,144145]
[20200818,52361,53145,52980,52341,91818]
[20200817,51990,52506,52341,51608,83889]
[20200814,51784,52021,51784,51021,128387]
[20200813,51887,51557,52516,51588,105835]
[20200812,51918,51773,52279,51052,159039]
[20200811,52578,52042,52691,51887,107378]
[20200810,52836,52403,52898,51134,205016]
[20200807,53083,52722,53341,52629,107348]
[20200806,52887,52980,53516,52815,121865]
[20200805,52990,53238,53248,52846,97883]
[20200804,53114,52960,53599,53001,101608]
[20200803,53114,53331,53186,51794,165087]
[20200731,53207,53166,53578,52795,163965]
[20200730,53382,53362,53785,53176,131862]
[20200729,53011,53475,53620,52990,116727]
[20200728,53011,53135,53888,52887,155226]
[20200727,53032,53001,53671,52980,138476]
[20200724,53455,53238,54115,52660,177114]
[20200723,53733,53929,53733,52970,144594]
[20200722,53692,53362,54486,53640,131572]
[20200721,52929,53939,53950,52795,131953]
[20200720,53207,53073,53279,52722,77819]
[20200717,52619,53001,53351,52599,102284]
[20200716,53812,52733,53895,52124,218355]
[20200715,53956,53555,54265,53648,134265]
[20200714,54101,54008,54646,53349,171424]
[20200713,52351,54327,55078,52320,250317]
[20200710,52238,52732,52289,51682,140915]
[20200709,51383,52165,52289,51373,131836]
[20200708,50745,51568,51435,50642,110010]
[20200707,50745,50704,51064,50591,106455]
[20200706,50333,50776,50663,49901,119707]
[20200703,50745,50302,50838,50271,133674]
[20200702,50416,50694,51023,50385,127426]
[20200701,50385,50560,50827,50210,140812]
[20200630,49767,50374,50230,49685,96898]
[20200629,49458,49829,50014,49438,80285]
[20200624,49304,49726,49345,48933,88998]
[20200623,49026,49191,49273,48717,128727]
[20200622,49304,49077,49335,48532,119443]
[20200619,48245,49252,49098,48163,97635]
[20200618,48143,48266,48297,48050,77753]
[20200617,48533,48112,48533,47711,124797]
[20200616,47547,48328,48543,47444,124420]
[20200615,48132,47547,48615,47496,174357]
[20200612,48071,48256,48420,47321,139135]
[20200611,48554,48102,48893,47907,155349]
[20200610,47506,48667,48256,47229,107159]
[20200609,47208,47300,47752,46992,101305]
[20200608,46756,47126,47208,46664,101759]
[20200605,45986,46941,46489,45986,83679]
[20200604,46243,46140,46263,45780,74969]
[20200603,46006,46201,46314,45934,79582]
[20200602,45565,46119,46017,45411,88527]
[20200601,45205,45544,45852,45092,92704]
[20200530,45277,45143,45287,45154,0]
[20200529,43760,45205,44050,43580,83166]
[20200528,43600,43700,43850,43320,97283]
[20200527,44060,43580,44110,43500,89360]
[20200526,43780,44020,43940,43660,60135]
[20200525,43330,43810,43680,43210,79760]
[20200522,44270,43410,44410,43240,138183]
[20200521,43890,44270,44500,43750,99817]
[20200520,43650,43790,43920,43490,72620]
[20200519,43480,43660,44010,43390,80810]
[20200518,42750,43450,43210,42580,70801]
[20200515,42450,42780,43170,42320,73557]
[20200514,43040,42490,43040,42600,50775]
[20200513,43090,42950,43260,42480,68021]
[20200512,43059,43200,43258,42850,72909]
[20200511,43457,43148,43755,43228,68899]
[20200508,43098,43357,43417,42810,71323]
[20200507,42601,43138,42929,42421,67355]
[20200506,42133,42581,42591,42123,46836]
[20200430,42591,42212,42790,42461,53300]
[20200429,42222,42561,42531,42222,53570]
[20200428,42113,42451,42272,41944,53898]
[20200427,42232,42013,42680,42073,78615]
[20200424,41724,42192,41794,41436,64648]
[20200423,41117,41715,41834,41107,99988]
[20200422,41018,41356,41177,40171,113851]
[20200421,41675,40819,41963,41227,101989]
[20200420,41834,41864,42441,41834,64018]
[20200417,41615,42093,42511,41605,66665]
[20200416,41207,41973,41476,41137,46354]
[20200415,41605,41306,41635,41147,61564]
[20200414,41734,41396,41784,41386,58168]
[20200413,41097,41595,41744,41097,66906]
[20200410,39897,41525,41186,39897,63204]
[20200409,40301,40104,40399,40015,40888]
[20200408,39642,40261,40330,39475,64553]
[20200407,39661,39711,40261,39612,57793]
[20200403,39413,40094,39851,39164,60187]
[20200402,38727,39253,39512,38339,88912]
[20200401,39254,38379,39423,38588,66155]
[20200331,38926,39333,39353,38896,57516]
[20200330,38448,39045,38697,38091,79103]
[20200327,38846,38160,39075,38468,98989]
[20200326,39065,38836,39065,38568,78116]
[20200325,38727,38866,39154,38329,117632]
[20200324,38140,38697,38598,37295,121902]
[20200323,36778,38220,37017,35089,144625]
[20200320,37753,36480,38995,37355,160606]
[20200319,38538,37772,38538,37345,3138]
[20200318,41321,37345,41520,39721,89935]
[20200317,42544,41431,42753,41878,94809]
[20200316,43081,42126,43339,42345,80130]
[20200313,42991,43240,43488,42484,111014]
[20200312,43379,43120,43558,42922,78604]
[20200311,44303,43488,44472,43995,46401]
[20200310,44104,44403,44651,44045,59754]
[20200309,43786,44114,43846,43260,66231]
[20200306,44880,43647,44920,44701,38892]
[20200305,45128,44870,45277,45079,29585]
[20200304,45188,45198,45258,45059,34067]
[20200303,45526,45218,45834,45337,36434]
[20200302,44821,45595,45596,44751,62097]
[20200228,45647,45113,45647,44529,102367]
[20200227,45918,45355,45949,45727,43658]
[20200226,45979,45838,46069,45868,42364]
[20200225,46341,45989,46341,45979,51434]
[20200224,46220,46190,46341,46009,54434]
[20200221,46553,46100,46633,46281,50771]
[20200220,46683,46583,46875,46532,54854]
[20200219,46603,46814,46844,46532,33526]
[20200218,46724,46573,46744,46553,32600]
[20200217,46331,46563,46804,46311,49865]
[20200214,46381,46371,46432,46301,27312]
[20200213,46039,46371,46321,46039,43347]
[20200212,46039,46130,46180,45939,31928]
[20200211,45908,46170,46150,45908,39106]
[20200210,45717,45999,46019,45717,36078]
[20200207,46261,45878,46351,46019,31244]
[20200206,46049,46180,46633,46049,38198]
[20200205,45496,46321,46079,45466,41877]
[20200204,44983,45737,45516,44943,39696]
[20200203,45013,45234,45445,45013,71627]
[20200123,48592,45375,48632,48220,50648]
[20200122,48702,48592,48903,48531,50545]
[20200121,49336,48763,49336,48552,92984]
[20200120,49557,49285,49587,49225,60950]
[20200117,49708,49507,49808,49386,64063]
[20200116,49517,49758,49657,49416,47452]
[20200115,49557,49527,49868,49436,70982]
[20200114,49104,49687,49637,49074,93676]
[20200113,49145,49135,49486,48964,78749]
[20200110,49165,49165,49305,49104,42964]
[20200109,49165,49165,49426,49084,62897]
[20200108,49114,49346,49235,48893,74058]
[20200107,48964,49175,49275,48964,49864]
[20200106,48833,49084,49265,48813,72151]
[20200103,49507,48984,49507,49124,71176]
[20200102,49497,49366,49719,49497,33124]
[20191231,49800,49648,49870,49497,127882]
[20191230,49971,49850,49991,49608,168370]
[20191227,50041,49880,50203,49971,117090]
[20191226,50021,50031,50324,49830,141642]
[20191225,49880,50122,50092,49769,117072]
[20191224,49487,49860,50021,49356,185122]
[20191223,49447,49578,49517,49245,116496]
[20191220,49528,49397,49941,49316,196838]
[20191219,49578,49638,49578,49235,105834]
[20191218,49628,49437,49679,49376,105210]
[20191217,49558,49659,49840,49487,171710]
[20191216,49417,49608,49588,49064,257632]
[20191213,49376,49457,49749,49175,242418]
[20191212,49356,49266,49739,49326,200890]
[20191211,49124,49487,49437,48963,200162]
[20191210,48721,49044,49175,48661,226056]
[20191209,47724,48862,48842,47704,281818]
[20191206,47683,47764,47825,47633,56732]
[20191205,47462,47774,47734,47462,59900]
[20191204,47381,47512,47563,47351,68094]
[20191203,47674,47421,47674,47462,85006]
[20191202,47684,47573,47805,47482,89082]
[20191129,47714,47623,47795,47623,73078]
[20191128,47906,47724,47946,47714,89078]
[20191127,47563,47855,47825,47522,156178]
[20191126,47603,47563,47643,47431,73426]
[20191125,47431,47593,47603,47371,101018]
[20191122,47361,47401,47431,47260,96830]
[20191121,47603,47401,47664,47401,85558]
[20191120,47361,47593,47653,47320,127822]
[20191119,47361,47482,47401,47209,88228]
[20191118,47310,47371,47452,47169,83420]
[20191115,47472,47300,47482,47119,110430]
[20191114,47401,47351,47492,47280,109028]
[20191113,47482,47391,47542,47401,97022]
[20191112,47542,47532,47754,47542,92290]
[20191111,47865,47573,47865,47573,100176]
[20191108,47875,47815,48047,47754,110146]
[20191107,47805,47835,47845,47583,70980]
[20191106,47835,47815,48169,47694,111804]
[20191105,47593,47775,47805,47552,74424]
[20191104,47562,47572,47653,47471,64306]
[20191101,47663,47552,47744,47309,144140]
[20191031,47997,47724,48118,47785,111388]
[20191030,47977,47957,48149,47926,99170]
[20191029,48048,48007,48129,47866,80082]
[20191028,47977,48027,48209,47866,126016]
[20191025,48017,47987,48108,47795,105346]
[20191024,47552,48017,48027,47542,193854]
[20191023,47613,47593,47744,47451,100650]
[20191022,47734,47673,47754,47593,90386]
[20191021,47593,47704,47714,47491,137582]
[20191018,47279,47552,47471,47097,108502]
[20191017,47067,47279,47249,47067,85496]
[20191016,47481,47168,47512,47279,92846]
[20191015,47330,47481,47593,47259,104352]
[20191014,47532,47299,47744,47451,140388]
[20191011,47360,47562,47593,47229,125734]
[20191010,47087,47249,47249,47026,79030]
[20191009,47218,47168,47320,47087,88446]
[20191008,47401,47269,47542,47320,64356]
[20190930,47532,47522,47917,47401,123202]
[20190927,47674,47471,47694,47229,124158]
[20190926,47522,47664,47886,47512,111410]
[20190925,47735,47563,47765,47522,102018]
[20190924,47451,47745,47826,47421,101494]
[20190923,47714,47532,47745,47421,105740]
[20190920,47735,47714,47795,47623,76996]
[20190919,47674,47725,47795,47613,94858]
[20190918,47725,47735,48018,47623,110558]
[20190917,48160,47735,48200,47816,115486]
[20190916,48544,48129,48544,48109,69470]
[20190912,47816,48312,48079,47583,123422]
[20190911,47674,47775,47978,47664,104176]
[20190910,47866,47765,48079,47816,92778]
[20190909,47998,47957,48140,47866,110556]
[20190906,48099,48018,48362,47907,140680]
[20190905,47320,48038,47876,47249,173396]
[20190904,46520,47299,47208,46307,129580]
[20190903,47087,46590,47087,46894,71636]
[20190902,47299,46996,47512,47097,105312]
[20190830,47269,47461,47461,47218,108808]
[20190829,47087,47340,47299,47066,88894]
[20190828,47249,47158,47289,47066,92052]
[20190827,46844,47178,47107,46773,123086]
[20190826,46732,46813,46904,46408,167674]
[20190823,46996,46742,47056,46742,100166]
[20190822,46975,47016,47107,46813,95764]
[20190821,47077,46975,47168,46844,118354]
[20190820,47340,47107,47360,47117,79230]
[20190819,46975,47249,47249,46925,98134]
[20190816,47006,47016,47137,46904,91328]
[20190815,46985,46996,47107,46904,106404]
[20190814,47117,47066,47552,47066,195298]
[20190813,47289,47158,47320,47127,85974]
[20190812,47421,47249,47532,47127,131448]
[20190809,47259,47431,47421,47056,125024]
[20190808,46611,47269,47309,46550,202164]
[20190807,46661,46590,46904,46520,111216]
[20190806,46621,46722,46965,46520,117862]
[20190805,46722,46550,46844,46398,183556]
[20190802,47330,46712,47391,46854,124632]
[20190801,47371,47239,47503,47168,90576]
[20190731,47614,47401,47614,47361,118936]
[20190730,47685,47543,48030,47655,120416]
[20190729,47604,47726,47635,47432,102592]
[20190726,47858,47543,47878,47564,93332]
[20190725,47746,47837,47817,47614,89198]
[20190724,47848,47756,47858,47422,143584]
[20190723,48010,47817,48172,47878,120224]
[20190722,49004,48081,49034,48030,275172]
[20190719,47513,48841,48709,47452,344338]
[20190718,47412,47614,47614,47270,123784]
[20190717,47614,47280,47939,47422,163668]
[20190716,47675,47665,47756,47462,108500]
[20190715,47189,47665,47675,47178,139162]
[20190712,47270,47199,47442,47148,107318]
[20190711,47158,47300,47341,47067,139510]
[20190710,46641,47128,46803,46276,197528]
[20190709,47209,46611,47209,46753,112488]
[20190708,46955,47138,47189,46884,77428]
[20190705,47118,46996,47240,46935,61660]
[20190704,47108,47118,47321,47036,81240]
[20190703,47240,47199,47240,46935,95524]
[20190702,47839,47097,47849,47260,122716]
[20190701,47697,47493,48184,47697,113172]
[20190628,47646,47768,47940,47564,142174]
[20190627,47900,47625,47991,47575,125088]
[20190626,47879,47930,48255,47879,171630]
[20190625,47544,47971,47849,47453,142202]
[20190624,47443,47544,47747,47382,124594]
[20190621,47707,47493,47889,47422,142568]
[20190620,47504,47808,47717,47382,122868]
[20190619,47361,47615,47768,47240,211190]
[20190618,46762,47290,47158,46701,110364]
[20190617,47026,46722,47057,46752,109058]
[20190614,46986,46945,47351,46965,117338]
[20190613,47148,47108,47341,46915,125524]
[20190612,47747,47311,47778,47138,134174]
[20190611,46945,47768,47666,46945,150124]
[20190610,46823,47077,47108,46762,64176]
[20190606,47179,46813,47179,46650,118284]
[20190605,47047,47149,47454,47006,85436]
[20190604,47118,47027,47230,47006,70850]
[20190603,46966,47129,47200,46874,101688]
[20190531,47190,46894,47342,46935,163204]
[20190530,47495,47200,47627,47261,143246]
[20190529,47994,47597,48055,47607,104916]
[20190528,48044,48004,48177,47943,75338]
[20190527,47912,48136,48167,47861,118786]
[20190524,47444,47963,48044,47352,150038]
[20190523,47831,47413,47912,47373,148218]
[20190522,48431,47749,48513,47943,202842]
[20190521,48421,48462,48665,48390,111614]
[20190520,48553,48523,48726,48441,107706]
[20190517,48950,48604,49001,48340,136314]
[20190516,48390,48848,48767,48390,113040]
[20190515,48329,48431,48655,48228,144636]
[20190514,48390,48350,48482,48187,139962]
[20190513,48604,48401,48798,48441,115134]
[20190510,48380,48625,48909,48207,169832]
[20190509,48462,48299,48635,48380,134484]
[20190508,48736,48543,48899,48604,95314]
[20190507,48859,48808,49306,48818,100788]
[20190506,48340,48848,48971,48268,83922]
[20190430,49673,48655,49937,49632,106500]
[20190429,49815,49642,49886,49652,93126]
[20190426,49825,49764,49846,49581,129132]
[20190425,49968,49754,50232,49947,129338]
[20190424,49917,50029,49998,49693,130296]
[20190423,49937,49856,50151,49917,103702]
[20190422,50416,50029,50467,49978,116730]
[20190419,50161,50416,50426,50120,80564]
[20190418,50721,50212,50955,50344,217016]
[20190417,50355,50762,50589,50263,154154]
[20190416,50273,50365,50538,50090,126990]
[20190415,50599,50232,50609,50273,118556]
[20190412,50100,50517,50253,49856,132002]
[20190411,50253,50212,50405,50059,120582]
[20190410,50741,50314,50874,50375,148958]
[20190409,50344,50782,50833,50253,161580]
[20190408,50110,50334,50344,50090,59908]
[20190404,49948,50253,50252,49837,113346]
[20190403,49736,49898,50131,49584,113780]
[20190402,50009,49736,50050,49625,111150]
[20190401,49787,49979,50070,49695,139156]
[20190329,49119,49726,49493,48997,135222]
[20190328,49007,49058,49058,48714,120318]
[20190327,48845,48997,49098,48805,120968]
[20190326,48785,48977,48957,48714,122302]
[20190325,49159,48785,49321,48673,206554]
[20190322,49857,49301,49898,49503,144680]
[20190321,49776,49817,50070,49706,130232]
[20190320,49979,49827,50090,49746,97650]
[20190319,49979,50060,50019,49716,123402]
[20190318,49706,49959,50050,49534,162734]
[20190315,49453,49584,49999,49250,305642]
[20190314,50029,49554,50029,49645,136628]
[20190313,50222,49989,50303,49807,146778]
[20190312,49756,50181,50080,49594,146474]
[20190311,49402,49746,49807,49392,122680]
[20190308,49807,49503,49888,49574,139012]
[20190307,50039,49827,50242,49695,158998]
[20190306,50212,50009,50262,49928,117912]
[20190305,49889,50222,50442,49819,226306]
[20190304,50743,50020,51024,50191,171584]
[20190301,50472,50914,50763,50311,150936]
[20190228,50432,50462,50652,50321,154598]
[20190227,50371,50522,50492,50191,165844]
[20190226,50582,50331,50622,50180,208598]
[20190225,50522,50502,50833,50311,239848]
[20190222,49960,50492,50130,49759,152182]
[20190221,49899,49899,50251,49749,209706]
[20190220,49488,49809,49990,49437,179490]
[20190219,49498,49578,49678,49367,150250]
[20190218,48704,49598,49467,48644,195230]
[20190215,48845,48744,48855,48353,116094]
[20190214,48393,48744,48754,48353,100738]
[20190213,48353,48363,48523,48162,88172]
[20190212,48644,48413,48775,48413,82088]
[20190211,48915,48684,48915,48493,63878]
[20190201,48854,48724,49006,48611,101408]
[20190131,48469,48925,48864,48408,153762]
[20190130,48246,48459,48560,48236,124258]
[20190129,48256,48368,48307,47993,112652]
[20190128,47841,48277,48571,47770,199392]
[20190125,47892,47851,48125,47719,134254]
[20190124,48064,47841,48236,47902,121510]
[20190123,48246,48186,48327,47963,110702]
[20190122,48297,48297,48490,48135,115916]
[20190121,48571,48398,48946,48327,207022]
[20190118,47983,48520,48560,47861,198518]
[20190117,47973,47932,48125,47851,146340]
[20190116,47547,47973,48064,47517,213218]
[20190115,47456,47547,47709,47314,153470]
[20190114,47780,47344,47902,47355,214836]
[20190111,47973,47729,47973,47598,197624]
[20190110,48368,47861,48378,48013,173384]
[20190109,48054,48338,48459,47892,217310]
[20190108,48013,48064,48135,47871,154754]
[20190107,47770,47963,48317,47436,275532]
[20190104,47821,47496,47993,46828,175802]
[20190103,47851,47952,48064,47588,188476]
[20190102,48580,47892,48772,48266,93078]
[20181228,48803,48722,48995,48570,177420]
[20181227,49005,48772,49238,48762,166242]
[20181226,48600,48864,48691,48418,112284]
[20181225,48610,48550,48793,48064,234282]
[20181224,48904,48671,49107,48631,179364]
[20181221,48965,48965,49208,48803,155214]
[20181220,48732,48914,49076,48357,250630]
[20181219,49339,48803,49410,48651,281928]
[20181218,49653,49350,49795,49471,160030]
[20181217,49410,49694,49917,49360,140072]
[20181214,49927,49471,50058,49481,176728]
[20181213,49653,49947,50018,49623,143364]
[20181212,49765,49765,50068,49663,153958]
[20181211,49542,49805,49795,49410,154798]
[20181210,49846,49572,49876,49481,138370]
[20181207,49370,49815,49917,49329,175538]
[20181206,49876,49471,49987,49572,155822]
[20181205,50261,49937,50352,49724,184538]
[20181204,50808,50311,51000,50220,142246]
[20181203,50260,50858,51446,50027,204092]
[20181130,50220,50169,50372,50098,145862]
[20181129,49896,50281,50473,49754,197214]
[20181128,49541,49784,49936,49268,214206]
[20181127,50068,49288,50088,49288,300704]
[20181126,49946,49956,50098,49693,228156]
[20181123,50200,49987,50473,49977,164472]
[20181122,50250,50230,50362,49906,165584]
[20181121,50402,50169,50656,49399,325654]
[20181120,50504,50423,50686,50190,179688]
[20181119,50119,50554,50575,50058,186402]
[20181116,50210,50149,50423,50058,183768]
[20181115,49612,50098,50230,49561,216892]
[20181114,49734,49622,49987,49359,203762]
[20181113,49572,49855,49774,49308,175378]
[20181112,49713,49480,49794,49420,205488]
[20181109,49865,49693,50210,49713,155840]
[20181108,50281,49896,50341,49956,145670]
[20181107,50311,50149,50534,49855,176600]
[20181106,50362,50271,50554,50129,133494]
[20181105,50554,50504,50959,50382,174080]
[20181102,49421,50625,50615,49350,225326]
[20181101,49633,49522,49876,49087,158400]
[20181031,49987,49724,50028,49532,193432]
[20181030,50676,49876,50767,50210,158228]
[20181029,50362,50625,50807,50200,182564]
[20181026,50625,50230,50989,50311,160204]
[20181025,50736,50625,50868,49947,229270]
[20181024,50453,50797,50999,50412,173358]
[20181023,51333,50564,51354,50595,136842]
[20181022,51020,51222,51182,50777,156630]
[20181019,50483,50949,50807,50311,161296]
[20181018,50868,50392,51040,50463,169082]
[20181017,50807,50827,50848,50443,123306]
[20181016,51262,50797,51475,50554,122826]
[20181015,51242,51364,51595,50949,140716]
[20181012,50727,51323,51353,50575,178392]
[20181011,51232,50737,51434,50252,213364]
[20181010,50767,51363,51636,50656,195874]
[20181009,50545,50828,51000,50505,153804]
[20181008,50616,50626,50737,50313,69292]
[20180928,50535,50424,50737,50202,179444]
[20180927,51080,50525,51181,50565,174894]
[20180926,51212,50919,51323,50888,210130]
[20180925,50899,51121,50939,50505,123286]
[20180921,49818,50636,50515,49606,239454]
[20180920,49990,49858,50091,49727,170572]
[20180919,49778,49889,50222,49697,249146]
[20180918,48485,49899,49273,48455,261038]
[20180917,48838,48545,49010,48313,207072]
[20180914,49141,48869,49313,48899,184154]
[20180913,48283,49162,49141,48162,268590]
[20180912,47778,48253,48343,47667,179864]
[20180911,48131,47849,48414,48041,145564]
[20180910,48172,48202,48374,47909,162222]
[20180907,48192,48202,48434,47869,125544]
[20180906,47879,48182,48161,47829,118270]
[20180905,47879,47970,47919,47445,172728]
[20180904,48595,47637,48625,48121,126184]
[20180903,48938,48575,49029,48282,205936]
[20180831,49180,48797,49271,48716,216444]
[20180830,49271,49160,49331,48988,141644]
[20180829,49261,49291,49533,49160,172784]
[20180828,49261,49321,49321,48817,159366]
[20180827,48968,49129,49291,48948,165828]
[20180824,48524,49119,49160,48464,202276]
[20180823,48857,48494,48958,48363,188140]
[20180822,49119,48837,49331,48535,182434]
[20180821,48696,49170,49140,48676,190498]
[20180820,48212,48716,48787,48171,243968]
[20180817,48101,48202,48555,47899,314418]
[20180816,48645,47990,48746,47617,442544]
[20180815,49866,48666,49977,48645,342204]
[20180814,50239,49775,50400,49795,221782]
[20180813,50057,50198,50279,49946,166780]
[20180810,50440,50148,50582,49876,215454]
[20180809,49856,50491,50501,49785,252762]
[20180808,49906,50007,50178,49845,159396]
[20180807,49553,49946,50087,49432,168276]
[20180806,49936,49674,50310,49583,184092]
[20180803,49775,49745,49856,49532,142064]
[20180802,49876,49664,50007,49219,226484]
[20180801,50290,49947,50694,50078,227758]
[20180731,50219,50209,50502,50037,204938]
[20180730,50623,50068,50896,49805,281194]
[20180727,50472,50603,50724,50330,216796]
[20180726,50401,50462,50765,50249,253458]
[20180725,50179,50532,50754,50169,336746]
[20180724,49674,50371,49987,49421,253402]
[20180723,49129,49543,49644,49078,334370]
[20180720,48624,49189,49219,48482,348110]
[20180719,48654,48715,49633,48644,351580]
[20180718,49139,49028,49280,48603,298988]
[20180717,49179,49028,49633,48987,274082]
[20180716,49331,49240,49785,49199,279716]
[20180713,49250,49310,49492,49058,241614]
[20180712,48725,49300,49654,48260,412732]
[20180711,50058,48826,50229,47987,510588]
[20180710,50189,50128,50492,50068,185244]
[20180709,49583,50371,50573,49310,262678]
[20180706,50018,49401,50230,49077,278748]
[20180705,50615,50119,50756,49745,246362]
[20180704,51818,50291,51930,50584,226804]
[20180703,51960,51889,52152,51616,130870]
[20180702,52081,51930,52112,51535,151502]
[20180629,51940,52091,52364,51677,220528]
[20180628,52041,51940,52648,52021,187118]
[20180627,52193,52182,52375,52031,168936]
[20180626,52385,52122,52405,51919,180348]
[20180625,52395,52304,52729,52243,176604]
[20180622,52344,52354,52476,52172,175914]
[20180621,52314,52425,52577,52031,176684]
[20180620,52152,52273,52648,52081,192944]
[20180619,53265,52253,53507,52182,238460]
[20180615,54165,53396,54337,53851,186920]
[20180614,54307,54256,54701,54135,192006]
[20180613,54630,54539,54650,54044,189484]
[20180612,54620,54509,54812,54357,181036]
[20180611,54671,54691,55106,54630,241750]
[20180608,55025,54802,55207,54317,279200]
[20180607,54101,55055,54985,54091,212472]
[20180606,53197,54183,54010,53157,212942]
[20180605,52852,53411,53116,52710,151120]
[20180604,52456,52781,53167,52303,185136]
[20180601,52039,52405,52385,51826,150546]
[20180531,51735,51938,52293,51714,187702]
[20180530,52598,51755,52781,51582,288050]
[20180529,52100,52507,52628,52080,157784]
[20180528,52273,52151,52446,52080,125866]
[20180525,52263,52334,52456,52121,150116]
[20180524,52192,52283,52263,52060,138872]
[20180523,52700,52212,53004,52435,213168]
[20180522,52466,52700,52466,52202,130546]
[20180521,51897,52364,52334,51724,239070]
[20180518,51968,51938,52171,51867,131018]
[20180517,51765,51917,52080,51684,143432]
[20180516,51806,51694,51988,51491,180074]
[20180515,52100,51684,52273,51877,158880]
[20180514,52314,52141,52578,52273,186722]
[20180511,52517,52375,52517,52161,177228]
[20180510,51806,52303,52121,51724,180078]
[20180509,51602,51856,51938,51257,213782]
[20180508,52446,51714,52466,52029,110792]
[20180507,51967,52314,52263,51957,119248]
[20180504,52263,52080,52375,51825,150590]
[20180503,51998,52151,52120,51855,138930]
[20180502,51743,52080,52212,51702,94442]
[20180427,52406,51886,52804,52406,205834]
[20180426,52844,52569,52936,52386,228050]
[20180425,53069,52793,53069,52498,212288]
[20180424,51998,52967,52855,51835,236596]
[20180423,52589,52141,53069,52437,220766]
[20180420,52487,52538,52671,52171,218700]
[20180419,52712,52365,53273,52630,282182]
[20180418,51580,52977,52365,51437,245950]
[20180417,51539,51468,52049,51519,229586]
[20180416,51692,51672,51733,51050,232166]
[20180413,51305,51570,51672,51121,198038]
[20180412,52365,51244,52375,51295,237744]
[20180411,52376,52253,52519,51885,152940]
[20180410,51722,52376,52315,51497,180032]
[20180409,51476,51691,51783,51190,119312]
[20180404,51558,51302,51711,51343,144668]
[20180403,51538,51456,51783,51282,191102]
[20180402,51282,51466,51722,51210,161508]
[20180330,51057,51343,51415,50904,212352]
[20180329,50760,51016,51231,50413,330196]
[20180328,50628,50668,50852,50331,237608]
[20180327,49881,50771,51016,49881,286294]
[20180326,51313,50362,51394,49820,388596]
[20180323,52120,51149,52202,50791,423078]
[20180322,51589,52080,52601,51517,282902]
[20180321,52437,51548,52509,51609,257594]
[20180320,52437,52131,52806,52284,205622]
[20180319,53286,52478,53337,52315,247774]
[20180316,52990,53174,53481,52908,183122]
[20180315,53787,53082,53920,53153,218216]
[20180314,53266,53879,53665,53061,199698]
[20180313,53123,53307,53378,52877,193072]
[20180312,52570,52990,53746,52570,279930]
[20180309,52990,52857,53143,52253,269334]
[20180308,53409,53082,53634,53123,172322]
[20180307,54043,53317,54135,53603,170686]
[20180306,53235,53910,53930,53020,173600]
[20180305,53573,53112,53767,53215,141802]
[20180302,53408,53695,53911,53315,172670]
[20180301,54013,53449,54096,53531,167844]
[20180228,54527,54013,54568,53901,214194]
[20180227,54927,54352,55020,54527,158474]
[20180226,54825,54886,55194,54630,205186]
[20180223,54301,54897,55287,54260,206600]
[20180222,54506,54958,54517,53972,71750]
[20180214,53788,54229,54270,53634,159252]
[20180213,53100,53675,53705,52904,165034]
[20180212,52709,53120,53295,52288,239498]
[20180209,53521,52730,53613,52822,240430]
[20180208,54139,53408,54263,53201,230566]
[20180207,54520,54160,54789,54098,172848]
[20180206,54696,54469,55479,54211,248624]
[20180205,54892,54830,54964,54345,180544]
[20180202,54593,54912,55325,54448,175880]
[20180201,54943,54613,55026,54551,151270]
[20180131,54778,54850,54953,54520,203712]
[20180130,55129,54758,55252,54448,216922]
[20180129,55046,55160,55459,54768,207880]
[20180126,55304,54974,55520,54881,208572]
[20180125,54520,55325,55799,54417,368198]
[20180124,54562,54479,54613,54170,229194]
[20180123,55531,54510,55531,55077,182230]
[20180122,55417,55386,55644,54953,227142]
[20180119,55448,55242,55551,55201,167798]
[20180118,55376,55386,55613,55108,187436]
[20180117,55562,55294,55706,55221,191550]
[20180116,56665,55500,56706,55850,195238]
[20180115,56118,56623,56809,56046,197680]
[20180112,56747,56242,56830,55943,201208]
[20180111,56912,56706,57015,56592,134916]
[20180110,56696,56891,56881,56366,144126]
[20180109,56283,56788,56799,56221,163776]
[20180108,56397,56304,56531,56108,144406]
[20180105,57170,56469,57190,56489,106450]
[20180104,56571,57067,57129,56385,139192]
[20180103,56932,56653,57077,56529,121402]
[20180102,57253,57015,57459,56684,113184]
[20171229,57439,57284,57707,57108,188768]
[20171228,56901,57449,57697,56870,234660]
[20171227,57232,57087,57284,56674,155190]
[20171226,56560,56974,57160,56292,168882]
[20171225,56219,56498,57098,56199,203346]
[20171222,56085,56519,56364,55827,168550]
[20171221,55672,56178,56467,55610,221474]
[20171220,55269,55920,55703,55165,137778]
[20171219,55341,55279,55641,55062,175614]
[20171218,54638,55362,55661,54545,242990]
[20171215,54359,54690,54814,54276,192796]
[20171214,54318,54555,54493,53894,190854]
[20171213,53894,54380,54194,53594,162696]
[20171212,53222,54008,54028,53129,251778]
[20171211,53315,53315,53625,52954,226134]
[20171208,53067,53171,53625,52985,203196]
[20171207,53202,53150,53470,52881,152366]
[20171206,53988,53171,54060,52809,248976]
[20171205,55312,53926,55353,54257,157630]
[20171204,54629,55229,55529,54494,191594]
[20171201,54805,54805,54960,54422,133876]
[20171130,54784,54701,54867,54195,243468]
[20171129,55001,54660,55218,54753,166680]
[20171128,55684,55084,55839,54991,183964]
[20171127,56304,55694,56563,55570,202918]
[20171124,55684,56242,56294,55653,154894]
[20171123,55818,55725,56139,55643,154942]
[20171122,55436,55777,56118,55374,210810]
[20171121,54856,55601,55487,54722,207580]
[20171120,54660,54960,55312,54422,178748]
[20171117,54877,54701,55043,54463,193368]
[20171116,54815,54867,54929,54339,194896]
[20171115,55829,54712,55963,54443,387240]
[20171114,55312,55798,56429,55063,336158]
[20171113,55436,55105,55539,55146,150350]
[20171110,55053,55384,55622,54981,179832]
[20171109,55456,55198,55777,54898,257228]
[20171108,56160,55405,56284,55198,275238]
[20171107,56480,56056,56915,56253,150366]
[20171106,56263,56728,56646,55674,220064]
[20171103,55807,56180,56698,55807,176646]
[20171102,56273,55983,56356,55756,170970]
[20171101,55476,56253,56874,55341,237802]
[20171031,55569,55476,56108,55269,170440]
[20171030,55517,55507,55693,55155,220332]
[20171027,56646,55548,56843,55766,253082]
[20171026,56864,56698,57112,56636,233030]
[20171025,57568,56885,57568,56180,285758]
[20171024,56605,57392,57837,56522,286420]
[20171023,56998,56574,57112,56004,277242]
[20171020,56346,56936,57392,56077,251280]
[20171019,56812,56160,57206,56429,251974]
[20171018,57195,56760,57320,56408,277060]
[20171017,57257,57102,57910,56957,344628]
[20171016,55331,57485,57299,54999,438378]
[20171013,55279,55403,55590,55062,202374]
[20171012,54274,55341,55258,54078,332902]
[20171011,53746,54140,54378,53591,190738]
[20171010,53891,53767,54192,53694,135094]
[20171009,53984,53756,54347,53808,71108]
[20170929,52870,53995,53984,52714,271800]
[20170928,52683,52912,52766,52131,236122]
[20170927,52547,52662,52776,52152,181556]
[20170926,52287,52537,52922,52245,159366]
[20170925,51902,52370,52599,51881,222870]
[20170922,52339,51975,52547,51381,327228]
[20170921,52870,52245,52953,52068,238788]
[20170920,52808,52881,53099,52641,165216]
[20170919,52745,52860,53016,52547,156850]
[20170918,52318,52870,52891,51943,264926]
[20170915,52464,52297,52714,52245,207322]
[20170914,52735,52579,52943,52454,250840]
[20170913,53235,52745,53641,53099,204246]
[20170912,53901,53453,54089,53547,196812]
[20170911,53839,53953,53974,53026,262452]
[20170908,54963,53724,55099,53787,296628]
[20170907,55328,54838,55598,54901,184258]
[20170906,55745,55234,55828,54972,162364]
[20170905,55411,55724,56058,55348,148398]
[20170904,54837,55411,55745,54837,194996]
[20170901,55286,54983,55286,54868,159460]
[20170831,54837,55045,55202,54659,186036]
[20170830,55202,54795,55306,54816,215384]
[20170829,55286,55035,55369,54732,218860]
[20170828,55087,55066,55296,54315,324364]
[20170825,54137,54952,55150,54054,357264]
[20170824,53772,54179,54440,53615,269598]
[20170823,54565,53667,54607,53563,295408]
[20170822,53908,54221,54492,53626,343600]
[20170821,53344,53939,54189,52885,381760]
[20170818,53333,53480,53480,52843,230332]
[20170817,52759,53407,53949,52749,370396]
[20170816,52540,53208,52613,52070,188708]
[20170815,52404,52227,52613,52258,154466]
[20170814,52415,52373,52697,52175,200442]
[20170811,52916,52498,52958,51945,349304]
[20170810,53459,52759,53615,52864,266356]
[20170809,52665,53563,53720,52665,399256]
[20170808,52676,52822,53407,52571,299276]
[20170807,52613,52822,53292,52363,301358]
[20170804,52425,52477,52853,52310,198286]
[20170803,52404,52352,52811,52175,174578]
[20170802,52509,52519,52698,52153,151634]
[20170801,52687,52572,52823,52457,139888]
[20170731,52404,52729,53242,52258,266470]
[20170728,52561,52488,52771,51871,238662]
[20170727,52321,52561,52771,52247,245522]
[20170726,51295,52373,53106,51295,465736]
[20170725,50133,51556,50970,50028,259554]
[20170724,50457,50101,50457,49955,155470]
[20170721,50049,50374,50363,49630,231312]
[20170720,50101,50028,50154,49777,183230]
[20170719,49923,50039,50217,49902,141300]
[20170718,50196,49997,50300,49787,181822]
[20170717,49348,50248,50175,49337,261266]
[20170714,49662,49421,49662,49138,154950]
[20170713,49578,49609,49745,49327,131980]
[20170712,49117,49672,49693,49044,199680]
[20170711,48866,49107,49379,48761,160812]
[20170710,49107,48835,49233,48929,150814]
[20170707,49055,49128,49358,48992,113930]
[20170706,49065,49128,49180,48866,128418]
[20170705,49316,49075,49578,49306,111758]
[20170704,49673,49358,49757,49138,128486]
[20170703,49747,49642,49883,49579,128302]
[20170630,49768,49736,50019,49558,182992]
[20170629,49170,49799,49852,49086,257196]
[20170628,48991,49096,49316,48907,171642]
[20170627,48981,49086,49054,48718,147014]
[20170626,48939,48876,49149,48645,169112]
[20170623,48341,48729,49023,48162,212058]
[20170622,48141,48204,48519,48005,199446]
[20170621,47837,48141,47900,47596,168402]
[20170620,48089,47753,48372,48005,156114]
[20170619,47837,48141,48026,47669,150068]
[20170616,47795,47942,48057,47596,183710]
[20170615,48110,47722,48183,47638,202848]
[20170614,47900,48099,48288,47879,195198]
[20170613,48571,48015,48613,48068,186320]
[20170612,48498,48561,48897,48383,220920]
[20170609,47774,48435,48267,47732,249418]
[20170608,47197,47805,47585,47039,195868]
[20170607,47060,47155,47522,46882,239344]
[20170606,47386,46998,47585,47113,147650]
[20170605,47176,47428,47743,47144,132844]
[20170602,47732,47323,47869,47522,133596]
[20170601,47606,47648,47827,47344,171480]
[20170531,47984,47596,48152,47438,171066]
[20170526,48215,48068,48677,48152,258066]
[20170525,48205,48268,48383,48026,187492]
[20170524,48226,48163,48478,47795,216076]
[20170523,48289,48226,48436,48068,182652]
[20170522,47858,48247,48341,47753,278584]
[20170519,46892,47995,47680,46861,249218]
[20170518,47512,46987,47764,47176,227216]
[20170517,47564,47428,47942,47543,203364]
[20170516,47827,47575,47858,47291,177870]
[20170515,47344,47701,47806,47155,187660]
[20170512,47795,47344,47858,47081,239566]
[20170511,47239,47627,47596,46903,240634]
[20170510,47092,47249,47512,46976,166510]
[20170509,46882,47228,47155,46650,153020]
[20170508,47260,46924,47837,46892,245546]
[20170505,47260,47533,47554,46934,220140]
[20170504,48173,47123,48278,47270,266460]
[20170503,49213,48173,49297,48824,121716]
[20170502,49308,49140,49444,49034,95904]
[20170428,48656,49318,48803,48142,299654]
[20170427,48667,48656,48835,48499,201386]
[20170426,48541,48677,48782,48215,238318]
[20170425,48079,48394,48667,47858,309614]
[20170424,48142,48131,48352,47764,317048]
[20170421,48047,48005,48436,47743,354426]
[20170420,48058,48100,48446,47050,553218]
[20170419,48152,48299,48404,47375,470960]
[20170418,49034,47900,49266,48047,325278]
[20170417,48467,49087,49990,48278,388646]
[20170414,48467,49581,48856,48121,290226]
[20170413,48383,48625,48887,47806,475182]
[20170412,49150,48551,49444,48478,413436]
[20170411,49539,49381,49612,48992,220248]
[20170410,49307,49192,50097,49159,200220]
[20170407,50444,49391,50697,49423,300552]
[20170406,50349,50434,50866,50213,220148]
[20170405,49591,50581,50170,49496,116202]
[20170331,50034,49675,50960,49960,370752]
[20170330,50023,50213,50349,49718,250128]
[20170329,49349,49928,50223,49149,291440]
[20170328,48549,49307,49507,48022,378230]
[20170327,49539,48686,49739,48496,314744]
[20170324,49623,49465,49844,49191,231346]
[20170323,49212,49244,49855,48928,230442]
[20170322,49654,49138,50012,48886,299396]
[20170321,50529,49802,50971,49539,331250]
[20170320,50507,50602,50844,50381,206986]
[20170317,50834,50518,50855,50202,204608]
[20170316,50444,50792,50813,50244,267684]
[20170315,49654,50423,50318,49307,292982]
[20170314,50023,49707,50107,49697,189876]
[20170313,49286,50086,50086,49001,306554]
[20170310,48759,49391,49307,48591,183060]
[20170309,49910,48622,50111,48948,225322]
[20170308,50122,49963,50333,49593,241956]
[20170307,50471,50164,50502,50090,164336]
[20170306,50872,50291,51200,50439,227610]
[20170303,51210,50914,51232,50587,223440]
[20170302,51559,51020,51887,51094,239536]
[20170301,50608,51686,51580,50407,321278]
[20170228,50640,50523,50830,50153,263538]
[20170227,50418,50682,51052,50111,306266]
[20170224,51411,50407,51464,49783,389368]
[20170223,51295,51327,51771,50904,267064]
[20170222,51781,51380,52014,51274,253942]
[20170221,51654,51876,52162,51528,271622]
[20170220,51031,51771,51633,50692,296356]
[20170217,51369,50957,51749,50914,346716]
[20170216,51517,51580,52193,51274,348476]
[20170215,52944,51580,53155,51052,471012]
[20170214,52658,52680,53092,52489,319084]
[20170213,50543,52817,53464,50543,269770]
[20170210,50415,50670,50798,49842,190528]
[20170209,50543,50299,50766,50161,136222]
[20170208,49714,50702,50649,49459,171484]
[20170207,49523,49629,49991,49459,120736]
[20170206,49725,49629,49906,49183,135898]
[20170203,50670,49714,50670,49417,95242]
[20170126,50415,50161,51212,50415,177932]
[20170125,50437,50511,50862,50320,171420]
[20170124,49725,50660,50150,49396,176478]
[20170123,49151,49693,50224,49013,226362]
[20170120,49470,49130,49640,48875,222478]
[20170119,49396,49502,49799,49173,192524]
[20170118,49767,49279,49991,48790,281602]
[20170117,50862,49799,51042,49438,285628]
[20170116,50373,50936,51382,50171,340244]
[20170113,50044,50330,50787,50044,315836]
[20170112,49874,50437,50139,49661,268212]
[20170111,49226,49916,50203,49226,319538]
[20170110,48365,49767,49151,48174,291438]
[20170109,48078,48302,48620,47898,189420]
[20170106,48567,48227,48620,47898,228804]
[20170105,48227,48323,49035,48185,298790]
[20170104,48769,48238,48833,47600,273684]
[20170103,48471,48673,49173,48471,146208]
[20161230,48493,48918,48610,47877,180238]
[20161229,48280,48397,48833,47983,194868]
[20161228,47397,48110,48855,47397,167702]
[20161227,46875,47439,47641,46694,125898]
[20161226,47780,47163,47993,46162,238026]
[20161223,47258,47854,48099,46960,225324]
[20161222,48078,47301,48237,47226,161348]
[20161221,47833,48067,48333,47695,143396]
[20161220,48503,47929,48503,47344,277538]
[20161219,49142,48323,49578,48503,223772]
[20161216,49376,49323,50185,49184,210946]
[20161215,49780,49419,50153,49121,240692]
[20161214,50302,49270,50323,48950,269206]
[20161213,50078,49972,50323,49621,264168]
[20161212,50579,49919,51366,50174,311326]
[20161209,50398,50440,50834,49461,345490]
[20161208,51355,50759,51579,49929,357576]
[20161207,50504,51313,51611,50398,332522]
[20161206,50461,50579,51589,50451,336772]
[20161205,49397,50930,50674,49174,346354]
[20161202,49940,49323,50206,49110,299992]
[20161201,49365,49876,50621,49110,417348]
[20161130,50332,49759,50589,48345,340710]
[20161129,52747,49956,52865,49924,380050]
[20161128,51556,52447,53306,51276,396154]
[20161125,51459,51427,52500,50890,435632]
[20161124,48914,51856,52071,48807,592444]
[20161123,49280,49022,49516,48743,287640]
[20161122,48517,49312,49730,48013,381324]
[20161121,47701,48485,48753,46832,513198]
[20161118,47057,47583,47862,46939,376836]
[20161117,47529,47390,47680,46606,333926]
[20161116,46885,47261,47937,46767,491096]
[20161115,48850,47218,49548,46230,773312]
[20161114,50675,48549,51577,46928,1229354]
[20161111,48313,51083,50278,47712,872034]
[20161110,45436,48281,47143,45339,443454]
[20161109,43374,45661,45125,43310,801082]
[20161108,43138,43460,43718,43031,394800]
[20161107,42118,43246,43621,42043,488772]
[20161104,41979,42043,42290,41882,217780]
[20161103,41582,42022,41882,41463,142348]
[20161102,41635,41592,42065,41388,265418]
[20161101,41345,41689,41743,41227,134710]
[20161031,41238,41302,41485,41120,160668]
[20161028,40840,41120,41184,40765,165088]
[20161027,40593,40819,40776,40518,127798]
[20161026,40937,40668,41087,40497,209362]
[20161025,40067,40862,41001,40024,333662]
[20161024,39863,40228,40207,39852,138784]
[20161021,40002,39917,40035,39745,134446]
[20161020,39959,40013,40217,39712,180980]
[20161019,40078,39820,40185,39906,156760]
[20161018,40013,40088,40185,39959,98436]
[20161017,39970,40035,40174,39917,167456]
[20161014,39970,40035,40239,39884,181456]
[20161013,40808,39992,40980,40368,176412]
[20161012,40883,40937,40905,40561,142822]
[20161011,40443,40776,41023,40443,90574]
[20161010,40421,40572,40486,40238,47624]
[20160930,40464,40303,40701,40357,94834]
[20160929,40389,40539,40797,40324,134210]
[20160928,40367,40475,40389,40034,122524]
[20160927,40572,40174,40658,40281,165882]
[20160926,40647,40539,40733,40507,117780]
[20160923,40593,40561,40733,40464,148268]
[20160922,40099,40593,40496,40023,188122]
[20160921,40088,40131,40292,39980,161202]
[20160920,40045,40066,40142,39937,113548]
[20160919,39873,40013,40023,39701,117432]
[20160914,39368,39819,39551,39196,177956]
[20160913,38959,39368,39357,38959,172840]
[20160912,39293,38992,39368,38830,241286]
[20160909,39293,39314,39475,39185,139966]
[20160908,39497,39314,39604,39260,163304]
[20160907,39336,39572,39626,39185,187922]
[20160906,39185,39228,39357,39110,125452]
[20160905,39379,39239,39389,39164,128332]
[20160902,39206,39293,39465,39099,112718]
[20160901,39002,39196,39432,38991,130556]
[20160831,38991,39067,39142,38884,129946]
[20160830,39099,39034,39282,38981,110864]
[20160829,39131,39088,39389,38948,173786]
[20160826,39034,39131,39292,38916,149938]
[20160825,39292,39045,39411,38776,288488]
[20160824,39766,39379,39841,39422,225168]
[20160823,39820,39820,39992,39723,120016]
[20160822,40110,39841,40218,39895,162918]
[20160819,40314,40121,40314,40045,136714]
[20160818,39992,40271,40228,39906,166874]
[20160817,40153,40035,40218,39992,151242]
[20160816,39873,40131,40110,39830,190438]
[20160815,40045,39981,40175,39798,212998]
[20160812,40390,40164,40540,40293,162628]
[20160811,40648,40357,40648,40282,206242]
[20160810,39970,40562,40368,39906,213384]
[20160809,40400,40088,40616,39992,274648]
[20160808,40347,40443,40529,40196,231542]
[20160805,40121,40304,40626,40121,274488]
[20160804,40562,40228,40777,40271,315950]
[20160803,41003,40379,41358,40529,319434]
[20160802,41024,40981,41046,40529,222082]
[20160801,40538,41014,41261,40409,296994]
[20160729,40862,40592,41056,40377,275798]
[20160728,40668,40884,40873,40377,286808]
[20160727,40743,40851,41089,40592,287828]
[20160726,41175,40765,41261,40560,304546]
[20160725,41369,41121,41693,40808,394696]
[20160722,41606,41520,41887,41175,308314]
[20160721,41013,41617,41736,40884,315972]
[20160720,41401,41056,41854,41110,432156]
[20160719,40765,41337,41585,40765,392358]
[20160718,41747,40916,41984,40776,444504]
[20160715,41563,41930,41725,41240,328154]
[20160714,41703,41617,41865,41207,419628]
[20160713,40452,41606,42286,40193,835952]
[20160712,40064,40312,40182,39805,227984]
[20160711,39697,40128,40053,39417,271886]
[20160708,39870,39481,40010,39319,357718]
[20160707,39783,39967,40226,39751,326384]
[20160706,40733,39945,40830,39880,457084]
[20160705,41466,40776,41552,40431,451020]
[20160704,40226,41369,41542,40150,659364]
[20160701,40387,40312,40592,40064,296152]
[20160630,40182,40495,40657,39999,249134]
[20160629,40323,40031,40507,39966,211746]
[20160628,39469,40366,40258,39372,316696]
[20160627,39037,39620,39696,38929,319356]
[20160624,39502,39037,39729,38756,436414]
[20160623,39210,39394,39329,38972,218470]
[20160622,38529,39242,39199,38399,328196]
[20160621,38486,38453,38777,38345,226400]
[20160620,38270,38453,38507,38172,204226]
[20160617,38053,38378,38475,38010,227174]
[20160616,38788,38129,38896,38183,252130]
[20160615,37934,38669,38226,37805,235022]
[20160614,38043,37999,38410,37913,267944]
[20160613,37697,38086,38410,37664,221400]
[20160608,38194,37956,38248,37945,275458]
[20160607,39069,38140,39231,38691,251314]
[20160606,39026,39167,39231,38702,273894]
[20160603,38097,38886,38648,38010,280632]
[20160602,38021,38032,38324,37902,255254]
[20160601,38702,37945,38788,37956,296058]
[20160531,38669,38551,38896,38518,159168]
[20160530,38961,38615,38994,38540,202322]
[20160527,39015,38886,39145,38507,278170]
[20160526,38648,39091,39005,38529,277204]
[20160525,38334,38572,38583,38151,319100]
[20160524,38053,38194,38226,37869,283594]
[20160523,38356,37945,38453,37707,406748]
[20160520,38010,38313,38313,37642,370532]
[20160519,38064,38129,38529,37956,366240]
[20160518,38594,38053,38853,38151,431454]
[20160517,38378,38561,38875,38378,306166]
[20160516,38259,38594,38659,37967,361340]
[20160513,39178,38421,39329,37869,618886]
[20160512,39005,39253,39480,38723,435190]
[20160511,38788,38918,39005,38583,308192]
[20160510,38680,38875,39005,38561,347980]
[20160509,39502,38799,39967,38691,550130]
[20160506,39794,39567,39913,39275,341062]
[20160505,40237,39751,40367,39815,358790]
[20160504,40734,40226,40842,40150,300692]
[20160503,40842,40832,41048,40453,177092]
[20160429,40441,40875,40984,40343,215788]
[20160428,40918,40506,40940,40169,309992]
[20160427,40875,40799,41168,40701,232062]
[20160426,41418,41005,41450,40712,318560]
[20160425,41374,41222,42341,41125,500222]
[20160422,41689,41505,41863,40680,501778]
[20160421,40734,41819,41494,40549,567350]
[20160420,40180,40690,40973,40115,639186]
[20160419,39920,40115,40354,39876,396444]
[20160418,39833,39941,40256,39692,394352]
[20160415,40202,39865,40310,39887,327252]
[20160414,40093,40278,40321,39930,333804]
[20160413,39203,40234,40560,39127,751454]
[20160412,38866,39236,39149,38649,354552]
[20160411,38823,39018,39246,38790,405328]
[20160408,39518,38866,39518,38671,439050]
[20160407,39692,39257,40039,39692,238880]
[20160406,39735,39789,39963,39692,207374]
[20160405,39800,39865,40006,39626,144704]
[20160401,39930,39735,40332,39876,305754]
[20160331,40213,39930,40473,39778,305740]
[20160330,40744,40180,40798,40028,357998]
[20160329,40766,40722,41243,40625,277802]
[20160328,40928,40722,41047,40657,160296]
[20160325,40646,40993,40982,40549,181400]
[20160324,41319,40668,41319,40592,464536]
[20160323,41416,41004,41655,41243,313116]
[20160322,41394,41264,41665,41264,380966]
[20160321,41525,41546,41676,41123,455794]
[20160318,41058,41579,41947,41037,738756]
[20160317,40603,41319,41167,40516,436464]
[20160316,40332,40625,40787,40202,419724]
[20160315,40874,40386,40885,40256,448298]
[20160314,40701,40798,41351,40657,492240]
[20160311,40440,40820,40917,40158,466514]
[20160310,40592,40223,40841,40397,482406]
[20160309,41113,40711,41113,39909,792334]
[20160308,41470,40733,41871,40625,846736]
[20160307,41145,41698,42424,40809,1039408]
[20160304,40234,41123,41199,40137,671188]
[20160303,39931,40223,40267,39898,442202]
[20160302,39204,40148,40072,39053,498090]
[20160301,39139,39237,39205,38586,391762]
[20160229,39291,38966,39704,38716,653382]
[20160226,39107,39324,39150,38597,377888]
[20160225,38846,39096,39389,38738,380516]
[20160224,39389,38770,39389,38814,311520]
[20160223,39574,39335,39693,39183,282986]
[20160222,38846,39628,39498,38759,373840]
[20160219,38759,38922,39118,38553,365120]
[20160218,38640,38770,38890,38597,227004]
[20160217,38825,38716,38987,38510,326256]
[20160216,38727,38759,39096,38705,257982]
[20160215,38868,38792,39009,38586,137988]
[20160205,38761,38835,39060,38622,170988]
[20160204,38119,38868,38954,38109,245864]
[20160203,38226,38194,38258,37831,229134]
[20160202,37970,38152,38173,37831,202388]
[20160201,38098,37906,38301,37799,302732]
[20160129,38109,38173,38280,37927,425872]
[20160128,38141,38162,38472,38034,387632]
[20160127,37938,38194,38323,37724,500204]
[20160126,37478,37756,37628,37264,389796]
[20160125,37799,37403,37852,37350,377620]
[20160122,37424,37724,37863,37339,522376]
[20160121,37424,37371,37724,37221,521522]
[20160120,37852,37457,37927,37403,455684]
[20160119,37392,37895,38066,37253,578176]
[20160118,36868,37446,37638,36847,632180]
[20160115,37253,36965,37777,37136,549528]
[20160114,37168,37403,37446,36729,666012]
[20160113,37146,37285,37499,37061,567738]
[20160112,37318,37179,37574,37007,624696]
[20160111,38098,37382,38269,37168,612778]
[20160108,38291,38248,38590,37670,905564]
[20160107,38643,38312,39114,38408,613904]
[20160106,38932,38761,39060,38643,436786]
[20160105,38484,38932,39082,38346,218578]
[20160104,38986,38506,39135,38335,191884]
[20151231,38975,38730,39178,38900,276184]
[20151230,38740,38996,39242,38666,446938]
[20151229,38089,38762,38751,38079,282800]
[20151228,38762,38228,38890,38079,312304]
[20151225,38506,38794,38826,38474,224882]
[20151224,38719,38644,38932,38548,430652]
[20151223,38740,38751,38879,38324,454832]
[20151222,38623,38762,39039,38538,495390]
[20151221,38388,38570,38719,38175,524822]
[20151218,37513,38303,38239,37417,528920]
[20151217,37833,37567,38121,37460,563324]
[20151216,37823,38089,38025,37641,510338]
[20151215,38303,37961,38687,37961,519332]
[20151214,38271,38410,38783,38132,671082]
[20151211,37236,38260,38431,37215,552138]
[20151210,37439,37321,37769,37204,502556]
[20151209,36991,37556,37407,36788,499874]
[20151208,37417,37001,37524,36894,491296]
[20151207,37343,37460,37759,36927,552322]
[20151204,36841,37193,37268,36628,657546]
[20151203,37097,36959,37620,36660,646846]
[20151202,37471,37183,37769,37215,497468]
[20151201,37321,37535,37716,36906,516674]
[20151130,37503,37311,37716,36660,736018]
[20151127,37545,37620,38036,37161,748914]
[20151126,36554,37545,38505,36437,1057604]
[20151125,36000,36511,37257,35936,1078878]
[20151124,35808,36138,36330,35424,890456]
[20151123,37417,35722,37417,35466,1013946]
[20151120,36884,37161,37492,36692,850556]
[20151119,37140,36842,37343,36479,794198]
[20151118,37631,37012,37705,36703,811862]
[20151117,38473,37428,38579,36756,1116804]
[20151116,38899,38387,38899,38345,499594]
[20151113,39294,38750,39294,38558,713434]
[20151112,39624,38825,39976,39624,379236]
[20151111,39976,39816,40050,39517,565230]
[20151110,40136,39891,40370,39539,590920]
[20151109,40445,40253,40594,40061,522298]
[20151106,40477,40509,40797,40296,549970]
[20151105,41222,40413,41637,40711,172250]
[20151104,41041,41264,41371,40765,177908]
[20151103,41062,40913,41201,40892,167970]
[20151102,41126,40988,41275,40871,244296]
[20151030,41381,41201,41434,41041,368642]
[20151029,41286,41254,41807,41062,472350]
[20151028,41785,41211,41828,41296,416766]
[20151027,41594,41743,41902,41254,474076]
[20151026,42104,41626,42168,41264,608830]
[20151023,42009,41892,42296,41743,584394]
[20151022,41349,41924,41913,41158,465710]
[20151021,41700,41264,41860,41286,444138]
[20151020,41583,41615,41775,41371,386910]
[20151019,42062,41658,42243,41732,420634]
[20151016,42519,42200,42657,41955,414394]
[20151015,42264,42391,42732,42232,425166]
[20151014,42211,42253,42445,42041,373766]
[20151013,42721,42221,42721,42009,379456]
[20151012,42934,42551,42966,42423,437900]
[20151009,41349,42647,42817,41073,568752]
[20151008,41828,41126,41892,41339,153106]
[20150930,41329,41690,41915,41124,263536]
[20150929,41102,41221,41394,40842,421194]
[20150928,42055,41156,42305,41514,208728]
[20150925,41882,42066,42446,41741,590382]
[20150924,42207,41947,42456,41850,505890]
[20150923,42597,42391,42641,41449,750254]
[20150922,43811,42240,43865,43237,407976]
[20150921,43746,43692,43919,43182,610848]
[20150918,44364,43843,44645,44071,453388]
[20150917,44364,44580,44830,44190,635276]
[20150916,43768,44255,44407,43768,508798]
[20150915,43898,43865,44093,43659,453162]
[20150914,44266,43973,44635,43963,461444]
[20150911,44418,44331,44721,44385,463430]
[20150910,44667,44515,44743,44093,548774]
[20150909,43345,44504,45025,43345,799306]
[20150908,42825,43399,42857,42500,277800]
[20150907,42348,42727,42727,42240,132702]
[20150902,42283,42576,42511,42153,193730]
[20150901,42283,42370,42847,42142,251786]
[20150831,42315,42402,42619,42045,2608]
[20150828,41774,42110,42705,41709,4340]
[20150827,41666,41785,41828,41060,3672]
[20150826,41536,41515,42315,41536,5072]
[20150825,41017,42002,41850,40616,2874]
[20150824,41601,40638,41601,40324,3662]
[20150821,41298,41601,41883,41298,2178]
[20150820,41396,41666,41461,40984,1504]
[20150819,41504,41212,41504,40790,1568]
[20150818,41926,41320,41926,41493,856]
[20150817,42132,41731,42348,41753,1046]
[20150814,42445,42240,42445,42099,794]
[20150813,42207,42294,42932,42077,2664]
[20150812,41796,42662,42370,41136,1646]
[20150811,40497,41331,42153,40486,3302]
[20150810,40573,40746,40638,40108,2540]
[20150807,40876,40346,40876,39967,2670]
[20150806,40876,40692,41017,40649,484]
[20150805,40930,40844,41157,40627,772]
[20150804,40573,41038,41028,40379,8680]
[20150803,41088,40519,41441,40509,397560]
[20150430,40651,41345,41143,40632,299328]
[20150429,40679,40707,40911,40530,290644]
[20150428,40623,40697,40995,40465,288946]
[20150427,40438,40725,40771,40290,230258]
[20150424,39920,40401,40207,39901,184956]
[20150423,39994,40021,40160,39503,255758]
[20150422,39966,40105,40197,39873,164834]
[20150421,40151,40068,40262,39957,209868]
[20150420,40345,40040,40790,40271,215318]
[20150417,40521,40419,40679,40345,262786]
[20150416,39642,40438,40262,39549,250556]
[20150415,39577,39642,39966,39411,307500]
[20150414,40401,39605,40447,39411,344980]
[20150413,40271,40401,40725,40207,298966]
[20150410,40151,40244,40327,39938,216360]
[20150409,40151,40114,40299,39855,223932]
[20150408,40308,40244,40558,40133,246574]
[20150407,40077,40364,40318,40077,82616]
[20150403,40086,40253,40216,39947,242720]
[20150402,39910,40123,40382,39836,397118]
[20150401,40197,39975,40419,39883,402448]
