[20210830,8252,8196,8424,8186,873564]
[20210827,8278,8256,8346,8122,913294]
[20210826,8292,8306,8446,8216,803279]
[20210825,8168,8378,8312,8152,732770]
[20210824,8170,8174,8194,8022,812331]
[20210823,8018,8116,8158,7838,1013779]
[20210820,8110,8074,8144,7934,810503]
[20210819,8148,8056,8260,8032,781974]
[20210818,8360,8148,8404,8082,959813]
[20210817,8336,8362,8522,8294,518553]
[20210816,8372,8310,8555,8288,637598]
[20210813,8400,8410,8466,8266,597343]
[20210812,8410,8389,8481,8376,656970]
[20210811,8096,8412,8408,8053,748889]
[20210810,7847,8098,8112,7843,612806]
[20210809,7970,7913,8120,7879,766956]
[20210806,7849,8019,7974,7808,692517]
[20210805,7849,7847,7961,7804,686181]
[20210804,7574,7890,7899,7574,729629]
[20210803,7589,7628,7720,7490,800145]
[20210802,7955,7542,8019,7615,1015933]
[20210730,7989,7957,8043,7881,883699]
[20210729,7832,7959,7954,7802,680820]
[20210728,7982,7841,8010,7840,675120]
[20210727,7877,7974,8032,7836,735449]
[20210726,7800,7841,7856,7651,800673]
[20210723,7539,7785,7795,7514,968562]
[20210722,7567,7604,7617,7481,757240]
[20210721,7670,7600,7701,7471,747994]
[20210720,7524,7651,7713,7443,774280]
[20210719,7578,7479,7744,7565,775434]
[20210716,7503,7632,7606,7438,835574]
[20210715,7371,7528,7494,7262,822367]
[20210714,7341,7371,7397,7206,838064]
[20210713,7238,7303,7380,7238,673864]
[20210712,7301,7266,7421,7251,750608]
[20210709,7055,7307,7307,7034,963786]
[20210708,7055,7075,7141,6961,879073]
[20210707,7195,7071,7199,7000,1072844]
[20210706,7113,7174,7271,7113,769020]
[20210705,7135,7156,7195,7034,833033]
[20210702,7071,7120,7109,6965,827643]
[20210701,6718,6997,7000,6709,929421]
[20210630,6675,6769,6758,6642,769711]
[20210629,6604,6718,6655,6477,862336]
[20210628,6578,6597,6615,6337,1085546]
[20210625,6391,6559,6593,6363,882474]
[20210624,6511,6421,6576,6395,924229]
[20210623,6449,6522,6649,6421,854324]
[20210622,6356,6453,6539,6339,880293]
[20210621,6369,6367,6487,6294,1078794]
[20210618,6298,6343,6436,6193,1080273]
[20210617,6434,6359,6526,6288,924191]
[20210616,6634,6455,6690,6410,812237]
[20210615,6501,6644,6634,6473,645852]
[20210611,7109,6580,7169,6926,873641]
[20210610,7083,7079,7238,7045,789225]
[20210609,7187,7070,7328,7141,738692]
[20210608,7442,7221,7481,7141,854846]
[20210607,7499,7449,7627,7393,753107]
[20210604,7569,7458,7595,7402,750621]
[20210603,7344,7582,7640,7344,805412]
[20210602,7105,7393,7301,7077,840305]
[20210601,7051,7096,7129,7002,613624]
[20210531,7092,7060,7245,6987,896606]
[20210528,7008,7047,7238,7000,762528]
[20210527,7157,7032,7191,6961,848359]
[20210526,7126,7152,7247,6995,809360]
[20210525,7064,7133,7191,7060,679776]
[20210524,7120,7116,7189,6939,861182]
[20210521,7384,7156,7414,7139,1033833]
[20210520,7475,7380,7584,7311,764717]
[20210519,7819,7335,7819,7548,829124]
[20210518,7569,7769,7778,7522,719061]
[20210517,7653,7580,7873,7499,989107]
[20210514,7741,7748,7784,7485,939768]
[20210513,7737,7699,7873,7647,795530]
[20210512,7496,7707,7795,7436,760741]
[20210511,7443,7471,7526,7322,632571]
[20210510,7570,7473,7582,7387,775411]
[20210507,7372,7511,7550,7322,608684]
[20210506,7120,7354,7414,7120,409941]
[20210430,7083,7253,7086,6864,663342]
[20210429,6961,7047,7098,6959,576159]
[20210428,7064,7019,7111,6840,843405]
[20210427,6879,7073,7045,6784,841029]
[20210426,7055,6896,7232,6870,872172]
[20210423,7045,7096,7163,7015,648715]
[20210422,6896,7045,7086,6873,668168]
[20210421,6812,6890,6950,6778,534370]
[20210420,6617,6806,6754,6593,555372]
[20210419,6634,6614,6701,6582,461376]
[20210416,6475,6660,6657,6445,542693]
[20210415,6371,6470,6494,6328,515725]
[20210414,6359,6348,6412,6311,421270]
[20210413,6270,6346,6354,6195,483842]
[20210412,6421,6275,6447,6247,402369]
[20210409,6527,6373,6551,6429,328511]
[20210408,6599,6492,6624,6461,343758]
[20210407,6595,6602,6709,6548,367915]
[20210406,6454,6592,6595,6385,277349]
[20210402,6427,6425,6480,6332,396571]
[20210401,6276,6446,6475,6115,707236]
[20210331,6245,6223,6252,6120,386968]
[20210330,6451,6205,6459,6235,500321]
[20210329,6390,6422,6427,6242,500198]
[20210326,6757,6342,6757,6359,805382]
[20210325,6825,6689,6848,6770,440653]
[20210324,6835,6813,6865,6779,428108]
[20210323,6678,6785,7050,6678,605786]
[20210322,6534,6750,6653,6510,514414]
[20210319,6571,6529,6607,6449,602453]
[20210318,6656,6539,6675,6502,685382]
[20210317,6639,6644,6677,6568,599460]
[20210316,6794,6604,6901,6684,613140]
[20210315,6768,6782,6906,6731,610134]
[20210312,6724,6757,6896,6702,833922]
[20210311,6607,6763,6692,6500,713845]
[20210310,6582,6565,6650,6396,723382]
[20210309,6604,6534,6661,6461,515819]
[20210308,6386,6599,6736,6386,656674]
[20210305,6340,6415,6400,6235,630185]
[20210304,6244,6339,6383,6184,592633]
[20210303,6308,6235,6332,6169,637972]
[20210302,6403,6262,6441,6244,557976]
[20210301,6371,6388,6605,6337,532568]
[20210226,6529,6364,6529,6298,598145]
[20210225,6346,6502,6492,6303,511802]
[20210224,6284,6361,6378,6244,475184]
[20210223,6155,6269,6308,6128,445370]
[20210222,6128,6152,6274,6115,457181]
[20210219,6030,6135,6160,6007,522475]
[20210218,6030,6038,6096,6019,281098]
[20210210,5860,6055,5870,5807,405693]
[20210209,5678,5843,5868,5678,494214]
[20210208,5591,5736,5685,5588,433454]
[20210205,5562,5615,5622,5525,498167]
[20210204,5454,5527,5566,5438,557377]
[20210203,5639,5510,5639,5483,555135]
[20210202,5712,5573,5719,5595,627683]
[20210201,5792,5664,5822,5676,548373]
[20210129,5737,5797,5782,5681,604297]
[20210128,5758,5722,5776,5666,531130]
[20210127,5593,5770,5736,5571,662253]
[20210126,5515,5588,5649,5505,663452]
[20210125,5512,5549,5591,5427,721009]
[20210122,5620,5513,5647,5472,576637]
[20210121,5544,5617,5624,5517,487916]
[20210120,5644,5530,5686,5495,752944]
[20210119,5731,5654,5739,5605,555409]
[20210118,5629,5712,5748,5581,605939]
[20210115,5741,5668,5861,5619,751615]
[20210114,5984,5722,5984,5768,688875]
[20210113,5955,5957,6070,5916,618639]
[20210112,6067,5936,6074,5906,604658]
[20210111,6162,6074,6247,6024,850731]
[20210108,6157,6196,6198,6092,515644]
[20210107,6171,6147,6223,6147,611907]
[20210106,6019,6189,6157,5980,663064]
[20210105,5989,6011,6023,5902,454404]
[20210104,5928,6011,6040,5912,406732]
[20201231,5873,5972,5945,5829,506447]
[20201230,5797,5882,5982,5776,634481]
[20201229,5809,5783,5831,5743,523645]
[20201228,5974,5785,5974,5756,712362]
[20201225,5883,5929,5982,5883,488956]
[20201224,5776,5909,5916,5776,846039]
[20201223,5647,5804,5698,5568,685954]
[20201222,5707,5668,5839,5551,838621]
[20201221,5783,5634,5816,5686,559122]
[20201218,5659,5790,5783,5649,686530]
[20201217,5686,5656,5712,5639,527793]
[20201216,5600,5675,5722,5590,621479]
[20201215,5647,5615,5678,5559,588217]
[20201214,5545,5639,5644,5444,555592]
[20201211,5452,5571,5634,5428,528735]
[20201210,5399,5461,5471,5369,260860]
[20201209,5327,5430,5423,5297,413932]
[20201208,5407,5311,5451,5321,535991]
[20201207,5431,5404,5486,5374,538769]
[20201204,5351,5419,5407,5311,577754]
[20201203,5207,5388,5348,5122,639114]
[20201202,5340,5169,5362,5217,650858]
[20201201,5298,5335,5350,5217,704266]
[20201130,5455,5295,5508,5273,920480]
[20201127,5375,5479,5425,5332,843284]
[20201126,5396,5396,5423,5340,690011]
[20201125,5335,5377,5439,5324,735476]
[20201124,5378,5354,5394,5250,1007361]
[20201123,5431,5353,5457,5310,1000502]
[20201120,5548,5447,5598,5417,1126126]
[20201119,5527,5548,5630,5515,910492]
[20201118,5457,5550,5484,5435,735956]
[20201117,5393,5455,5510,5377,978027]
[20201116,5354,5388,5433,5313,1141901]
[20201113,5327,5351,5374,5270,970699]
[20201112,5335,5326,5362,5276,903162]
[20201111,5207,5306,5340,5194,994230]
[20201110,5223,5205,5237,5114,1079804]
[20201109,5191,5215,5300,5109,1176963]
[20201106,5244,5189,5292,5194,1134726]
[20201105,5143,5220,5242,5074,1366631]
[20201104,5122,5120,5186,5060,1196276]
[20201103,4949,5082,5106,4920,1016655]
[20201102,5026,4939,5056,4898,1101841]
[20201030,4999,5040,5173,4955,1488944]
[20201029,4973,4967,5061,4927,969705]
[20201028,5012,4951,5084,4962,1071979]
[20201027,5047,5042,5072,4970,851790]
[20201026,4879,5008,5028,4830,999907]
[20201023,4906,4879,4944,4856,913465]
[20201022,4806,4920,4907,4712,1050970]
[20201021,4773,4803,4859,4726,1007801]
[20201020,4662,4757,4763,4630,886890]
[20201019,4871,4672,4875,4661,1063381]
[20201016,4855,4838,4880,4754,1011939]
[20201015,5015,4789,5024,4895,1016781]
[20201014,5008,4992,5032,4943,865529]
[20201013,4991,4979,5021,4915,894431]
[20201012,4871,5013,5047,4864,826763]
[20201009,4766,4907,4890,4747,444432]
[20200930,4702,4798,4714,4568,856993]
[20200929,4734,4661,4784,4683,714473]
[20200928,4734,4752,4818,4688,921441]
[20200925,4686,4728,4736,4653,914037]
[20200924,4798,4686,4872,4691,1142113]
[20200923,4975,4842,5015,4819,1219036]
[20200922,5127,5013,5132,4936,1252830]
[20200921,5125,5127,5220,5090,1084693]
[20200918,4975,5109,5153,4971,984514]
[20200917,4904,4988,5040,4882,927202]
[20200916,4895,4906,4936,4866,919581]
[20200915,4877,4899,4927,4850,732447]
[20200914,4704,4874,4883,4688,830369]
[20200911,4710,4710,4717,4637,724452]
[20200910,4696,4688,4752,4653,979820]
[20200909,4742,4694,4768,4680,857250]
[20200908,4686,4730,4792,4662,759580]
[20200907,4699,4689,4742,4641,781250]
[20200904,4800,4683,4805,4667,1055002]
[20200903,4720,4787,4827,4693,834039]
[20200902,4699,4710,4752,4651,660058]
[20200901,4712,4688,4722,4632,619756]
[20200831,4606,4707,4717,4597,695032]
[20200828,4542,4613,4648,4539,833276]
[20200827,4464,4564,4540,4454,738090]
[20200826,4420,4473,4476,4396,744081]
[20200825,4500,4433,4548,4420,822740]
[20200824,4470,4473,4508,4443,668532]
[20200821,4494,4483,4526,4449,705277]
[20200820,4630,4484,4645,4483,890543]
[20200819,4587,4625,4659,4540,892182]
[20200818,4571,4587,4593,4513,721296]
[20200817,4499,4558,4632,4451,877903]
[20200814,4537,4457,4547,4492,539689]
[20200813,4465,4536,4563,4449,475324]
[20200812,4471,4465,4485,4397,529162]
[20200811,4527,4404,4623,4445,682362]
[20200810,4592,4563,4616,4432,883428]
[20200807,4647,4600,4726,4530,910283]
[20200806,4569,4713,4623,4544,737152]
[20200805,4620,4567,4639,4535,903733]
[20200804,4535,4631,4661,4508,894688]
[20200803,4420,4532,4580,4418,1113255]
[20200731,4425,4454,4428,4297,1006961]
[20200730,4373,4411,4434,4361,1005773]
[20200729,4333,4390,4383,4305,1018050]
[20200728,4409,4364,4474,4314,1432212]
[20200727,4463,4398,4512,4397,1370667]
[20200724,4412,4502,4521,4383,1922864]
[20200723,4294,4420,4420,4254,1526331]
[20200722,4268,4314,4373,4262,1482732]
[20200721,4316,4293,4316,4195,1454918]
[20200720,4245,4280,4359,4213,1716927]
[20200717,4095,4224,4245,4085,1537446]
[20200716,4113,4103,4178,4057,1591415]
[20200715,4052,4089,4108,4032,1216842]
[20200714,3917,4094,4049,3898,1409986]
[20200713,3884,3957,3937,3825,1031272]
[20200710,3946,3889,3951,3845,1042159]
[20200709,3942,3937,3970,3928,716817]
[20200708,3880,3968,3948,3864,829879]
[20200707,3950,3872,3973,3864,908203]
[20200706,3897,3943,3971,3867,977522]
[20200703,3866,3911,3925,3866,834619]
[20200702,3839,3878,3877,3816,855914]
[20200701,3842,3847,3858,3790,921133]
[20200630,3842,3825,3892,3833,601701]
[20200629,3881,3849,3895,3810,573004]
[20200624,3993,3878,3993,3953,612044]
[20200623,3996,3982,4007,3934,993709]
[20200622,4026,3976,4033,3979,721828]
[20200619,3892,4026,4007,3878,1153372]
[20200618,3894,3898,3929,3875,864691]
[20200617,3892,3886,3914,3861,1018448]
[20200616,3774,3908,3880,3768,997539]
[20200615,3842,3786,3884,3745,1251491]
[20200612,3856,3833,3858,3749,1100626]
[20200611,3872,3833,3898,3841,1062169]
[20200610,3892,3883,3940,3873,1131956]
[20200609,3810,3895,3915,3776,1205705]
[20200608,3827,3802,3828,3746,938556]
[20200605,3780,3805,3819,3774,683505]
[20200604,3833,3788,3833,3768,879134]
[20200603,3769,3813,3816,3751,837604]
[20200602,3714,3763,3759,3703,693382]
[20200601,3710,3706,3763,3672,916005]
[20200529,3679,3693,3707,3653,825508]
[20200528,3668,3667,3714,3658,1028578]
[20200527,3583,3672,3650,3557,952699]
[20200526,3564,3564,3589,3546,634935]
[20200525,3488,3555,3566,3471,860481]
[20200522,3580,3499,3603,3473,1189881]
[20200521,3547,3577,3582,3533,733514]
[20200520,3564,3538,3586,3521,768919]
[20200519,3540,3557,3566,3513,745929]
[20200518,3479,3521,3541,3473,864536]
[20200515,3403,3482,3493,3401,956199]
[20200514,3414,3405,3431,3370,643365]
[20200513,3383,3423,3422,3355,726259]
[20200512,3429,3377,3440,3342,739154]
[20200511,3420,3431,3464,3409,845208]
[20200508,3391,3431,3425,3380,741720]
[20200507,3338,3403,3397,3325,663757]
[20200506,3394,3342,3422,3346,496190]
[20200430,3408,3412,3465,3406,409825]
[20200429,3381,3422,3411,3363,441827]
[20200428,3372,3398,3377,3336,561434]
[20200427,3361,3363,3394,3319,771214]
[20200424,3478,3367,3481,3378,708839]
[20200423,3450,3460,3496,3431,761285]
[20200422,3406,3448,3478,3406,700948]
[20200421,3580,3457,3596,3445,865064]
[20200420,3633,3538,3655,3596,587717]
[20200417,3571,3641,3641,3540,778751]
[20200416,3633,3577,3681,3558,930482]
[20200415,3622,3661,3667,3616,510412]
[20200414,3631,3633,3656,3596,588587]
[20200413,3724,3628,3735,3641,644272]
[20200410,3731,3717,3757,3667,760680]
[20200409,3766,3727,3819,3766,605636]
[20200408,3682,3797,3777,3679,676869]
[20200407,3656,3726,3703,3644,403461]
[20200403,3755,3676,3769,3636,522341]
[20200402,3677,3720,3766,3661,541714]
[20200401,3738,3674,3776,3679,629340]
[20200331,3810,3746,3834,3711,668436]
[20200330,3723,3811,3808,3679,741240]
[20200327,3624,3744,3717,3624,851712]
[20200326,3711,3638,3725,3588,859015]
[20200325,3642,3712,3740,3609,891981]
[20200324,3540,3656,3633,3525,851271]
[20200323,3522,3553,3525,3452,803598]
[20200320,3597,3505,3621,3515,830605]
[20200319,3588,3577,3606,3475,1516600]
[20200318,3594,3519,3702,3540,1427231]
[20200317,3484,3655,3607,3466,1228691]
[20200316,3499,3504,3582,3471,869393]
[20200313,3527,3534,3569,3442,857072]
[20200312,3671,3495,3690,3547,986741]
[20200311,3734,3642,3773,3686,726040]
[20200310,3700,3753,3804,3633,974096]
[20200309,3699,3670,3721,3699,93433]
[20200306,3909,3714,3912,3866,783613]
[20200305,3893,3883,3995,3872,1315619]
[20200304,3808,3902,3858,3776,1146290]
[20200303,3840,3804,3880,3761,1042862]
[20200302,3770,3864,3854,3763,748602]
[20200228,3916,3801,3950,3763,1336441]
[20200227,3954,3890,4000,3925,921250]
[20200226,3962,3975,4004,3947,749528]
[20200225,4067,3972,4074,4017,771687]
[20200224,4182,4032,4185,4099,857343]
[20200221,4187,4128,4222,4164,1008672]
[20200220,4115,4181,4190,4096,1375587]
[20200219,4199,4103,4226,4131,1266335]
[20200218,4254,4202,4275,4182,903520]
[20200217,4191,4236,4272,4191,849272]
[20200214,4240,4204,4240,4164,1140093]
[20200213,4281,4211,4296,4201,1335345]
[20200212,4334,4266,4348,4222,1113811]
[20200211,4398,4336,4429,4318,973124]
[20200210,4447,4407,4476,4401,640008]
[20200207,4447,4455,4496,4421,639630]
[20200206,4423,4441,4488,4417,793158]
[20200205,4289,4441,4389,4280,769323]
[20200204,4278,4324,4357,4252,510783]
[20200203,4316,4278,4316,4190,222175]
[20200123,4646,4316,4704,4566,1216272]
[20200122,4535,4652,4619,4477,1288182]
[20200121,4657,4528,4663,4487,1477949]
[20200120,4623,4661,4649,4592,1095771]
[20200117,4642,4611,4672,4633,1012396]
[20200116,4674,4637,4696,4636,1959899]
[20200115,4698,4684,4769,4681,1693347]
[20200114,4830,4713,4832,4725,1795449]
[20200113,4917,4812,4917,4806,1609806]
[20200110,4862,4908,4925,4820,2154738]
[20200109,4795,4856,4859,4771,1650346]
[20200108,4817,4795,4870,4783,1507031]
[20200107,4789,4820,4841,4751,1571587]
[20200106,4826,4776,4884,4789,1693154]
[20200103,4850,4832,4881,4795,1795669]
[20200102,4773,4868,4832,4769,839926]
[20191231,4829,4797,4870,4786,3642498]
[20191230,4811,4832,4811,4768,2536790]
[20191227,4690,4795,4795,4681,3964954]
[20191226,4593,4690,4642,4563,2118590]
[20191225,4610,4576,4616,4584,1380774]
[20191224,4595,4605,4619,4547,2396246]
[20191223,4601,4584,4639,4553,2794166]
[20191220,4528,4601,4622,4522,3360780]
[20191219,4493,4538,4522,4474,2589450]
[20191218,4538,4488,4547,4477,2443586]
[20191217,4511,4543,4558,4499,2569678]
[20191216,4468,4514,4517,4442,2538782]
[20191213,4473,4474,4538,4464,3501056]
[20191212,4430,4470,4491,4403,2226054]
[20191211,4484,4435,4496,4415,2648964]
[20191210,4509,4479,4546,4444,2937328]
[20191209,4447,4526,4547,4426,2940940]
[20191206,4412,4429,4445,4368,2479430]
[20191205,4354,4412,4412,4336,2279564]
[20191204,4356,4357,4397,4319,2650432]
[20191203,4348,4336,4353,4272,1745258]
[20191202,4331,4321,4370,4278,2024606]
[20191129,4280,4352,4378,4263,2115332]
[20191128,4271,4269,4282,4180,2521496]
[20191127,4255,4260,4282,4219,1913984]
[20191126,4423,4254,4428,4255,3555898]
[20191125,4423,4422,4467,4395,2521690]
[20191122,4322,4423,4350,4302,1919340]
[20191121,4386,4325,4400,4303,2401324]
[20191120,4247,4377,4386,4244,3370502]
[20191119,4185,4252,4258,4177,2134292]
[20191118,4185,4190,4216,4157,2077590]
[20191115,4247,4179,4258,4155,3033012]
[20191114,4244,4233,4252,4168,2830426]
[20191113,4286,4218,4328,4254,2796642]
[20191112,4305,4285,4338,4271,2742664]
[20191111,4200,4313,4321,4163,3461052]
[20191108,4151,4194,4208,4107,2697140]
[20191107,4235,4133,4275,4121,3860350]
[20191106,4179,4261,4236,4162,2894300]
[20191105,4154,4191,4254,4143,3146812]
[20191104,4070,4177,4149,4049,2109234]
[20191101,4066,4079,4113,4048,1398232]
[20191031,4094,4060,4123,4051,1396682]
[20191030,3990,4118,4090,3971,1798072]
[20191029,4024,3984,4024,3967,1010854]
[20191028,3959,4010,4021,3946,1361220]
[20191025,3904,3957,3995,3898,1959344]
[20191024,3820,3920,3884,3801,646832]
[20191023,3820,3826,3878,3804,874994]
[20191022,3789,3808,3789,3751,425078]
[20191021,3765,3770,3815,3759,613650]
[20191018,3745,3787,3769,3728,539790]
[20191017,3751,3744,3779,3733,710400]
[20191016,3673,3767,3753,3669,756480]
[20191015,3650,3684,3669,3634,336896]
[20191014,3734,3653,3734,3641,569088]
[20191011,3736,3722,3778,3723,444472]
[20191010,3736,3736,3759,3709,591592]
[20191009,3675,3736,3742,3673,459398]
[20191008,3683,3692,3683,3631,264582]
[20190930,3650,3658,3678,3609,427916]
[20190927,3697,3658,3698,3616,698244]
[20190926,3677,3694,3687,3650,465950]
[20190925,3677,3673,3701,3658,553656]
[20190924,3742,3670,3742,3663,665252]
[20190923,3744,3716,3770,3730,449574]
[20190920,3765,3753,3772,3723,561804]
[20190919,3811,3762,3832,3753,669080]
[20190918,3890,3809,3898,3809,595186]
[20190917,3809,3875,3954,3806,1060326]
[20190916,3758,3818,3854,3758,388150]
[20190912,3762,3828,3776,3717,629734]
[20190911,3764,3745,3808,3751,644038]
[20190910,3776,3762,3820,3719,899082]
[20190909,3751,3778,3792,3748,593330]
[20190906,3726,3761,3751,3672,703082]
[20190905,3776,3731,3784,3705,675274]
[20190904,3734,3778,3801,3730,658000]
[20190903,3801,3740,3817,3753,568400]
[20190902,3744,3787,3808,3736,495212]
[20190830,3772,3744,3779,3709,540236]
[20190829,3822,3753,3831,3762,541356]
[20190828,3797,3801,3834,3778,509666]
[20190827,3871,3800,3878,3787,657980]
[20190826,3811,3853,3921,3798,848940]
[20190823,3787,3801,3822,3762,735660]
[20190822,3711,3803,3784,3711,797970]
[20190821,3711,3736,3730,3681,488832]
[20190820,3686,3719,3719,3658,469202]
[20190819,3719,3681,3736,3667,429466]
[20190816,3722,3725,3779,3694,713730]
[20190815,3756,3705,3778,3717,421882]
[20190814,3790,3775,3792,3712,578684]
[20190813,3770,3783,3798,3755,455488]
[20190812,3736,3769,3790,3717,617380]
[20190809,3642,3733,3762,3642,735710]
[20190808,3611,3659,3639,3597,337674]
[20190807,3609,3600,3614,3585,178652]
[20190806,3593,3609,3626,3580,275674]
[20190805,3548,3616,3605,3537,379926]
[20190802,3511,3545,3551,3504,284670]
[20190801,3527,3514,3527,3488,262970]
[20190731,3527,3519,3542,3509,180396]
[20190730,3532,3530,3538,3522,184270]
[20190729,3508,3527,3553,3504,400616]
[20190726,3493,3521,3516,3490,244972]
[20190725,3480,3503,3500,3469,348710]
[20190724,3438,3487,3488,3433,510826]
[20190723,3407,3436,3446,3404,377236]
[20190722,3389,3411,3412,3377,352052]
[20190719,3393,3386,3399,3383,165308]
[20190718,3409,3394,3415,3377,261052]
[20190717,3411,3412,3414,3383,272096]
[20190716,3420,3411,3430,3407,213990]
[20190715,3386,3428,3440,3378,481914]
[20190712,3398,3388,3402,3368,253338]
[20190711,3401,3399,3412,3388,258570]
[20190710,3388,3399,3417,3381,315674]
[20190709,3428,3391,3436,3377,490924]
[20190708,3433,3427,3453,3419,385440]
[20190705,3432,3430,3470,3423,610142]
[20190704,3430,3435,3438,3415,306452]
[20190703,3457,3428,3464,3409,510710]
[20190702,3475,3457,3482,3444,377208]
[20190701,3467,3477,3506,3420,598976]
[20190628,3467,3464,3470,3453,274716]
[20190627,3446,3467,3490,3444,450168]
[20190626,3470,3446,3474,3433,536208]
[20190625,3483,3462,3485,3464,435152]
[20190624,3508,3478,3512,3477,445770]
[20190621,3519,3506,3524,3501,467608]
[20190620,3540,3521,3556,3511,415280]
[20190619,3529,3548,3538,3516,441466]
[20190618,3542,3530,3551,3533,260784]
[20190617,3551,3542,3551,3525,355342]
[20190614,3538,3546,3567,3538,355070]
[20190613,3514,3550,3545,3509,343800]
[20190612,3561,3521,3561,3511,535022]
[20190611,3543,3556,3574,3542,361066]
[20190610,3540,3551,3569,3530,201122]
[20190606,3576,3546,3589,3540,424722]
[20190605,3574,3584,3590,3556,406770]
[20190604,3543,3571,3580,3538,439416]
[20190603,3608,3550,3611,3540,585430]
[20190531,3613,3592,3634,3611,294742]
[20190530,3650,3622,3656,3597,781314]
[20190529,3567,3637,3674,3567,859338]
[20190528,3555,3576,3564,3546,304282]
[20190527,3543,3555,3572,3530,443512]
[20190524,3527,3550,3543,3519,315832]
[20190523,3567,3529,3587,3530,380956]
[20190522,3621,3572,3631,3559,531318]
[20190521,3622,3629,3647,3610,378710]
[20190520,3626,3614,3640,3618,258528]
[20190517,3632,3631,3655,3616,417240]
[20190516,3589,3632,3624,3587,384858]
[20190515,3558,3593,3598,3553,407436]
[20190514,3545,3566,3582,3530,440888]
[20190513,3559,3563,3574,3537,327484]
[20190510,3569,3559,3582,3553,370408]
[20190509,3577,3576,3597,3563,325970]
[20190508,3584,3574,3600,3563,277764]
[20190507,3537,3592,3590,3537,388536]
[20190506,3535,3553,3593,3500,337462]
[20190430,3640,3574,3648,3618,252694]
[20190429,3644,3634,3656,3634,282650]
[20190426,3697,3648,3710,3626,485662]
[20190425,3708,3705,3715,3692,269366]
[20190424,3731,3707,3731,3678,352236]
[20190423,3728,3718,3749,3710,286348]
[20190422,3737,3734,3770,3734,327158]
[20190419,3724,3744,3752,3720,274624]
[20190418,3775,3731,3792,3711,454358]
[20190417,3762,3779,3786,3755,320930]
[20190416,3767,3763,3779,3734,306804]
[20190415,3807,3773,3809,3771,284466]
[20190412,3767,3789,3805,3767,346898]
[20190411,3788,3789,3799,3767,259354]
[20190410,3842,3779,3842,3785,242924]
[20190409,3784,3831,3847,3774,230922]
[20190408,3806,3802,3838,3779,111046]
[20190404,3762,3809,3791,3746,195068]
[20190403,3734,3777,3792,3729,305878]
[20190402,3694,3757,3731,3680,255600]
[20190401,3683,3699,3700,3675,223428]
[20190329,3592,3694,3721,3592,402388]
[20190328,3777,3663,3780,3709,421742]
[20190327,3768,3772,3789,3743,372736]
[20190326,3768,3782,3792,3758,274462]
[20190325,3787,3765,3802,3748,348866]
[20190322,3818,3799,3821,3794,267196]
[20190321,3819,3811,3826,3799,250010]
[20190320,3787,3814,3813,3779,361948]
[20190319,3792,3787,3796,3767,324178]
[20190318,3785,3789,3806,3777,311008]
[20190315,3802,3791,3806,3762,460342]
[20190314,3836,3797,3845,3794,468576]
[20190313,3898,3838,3918,3833,434322]
[20190312,3893,3901,3923,3874,426794]
[20190311,3894,3899,3937,3887,368502]
[20190308,3893,3906,3923,3886,360904]
[20190307,3933,3911,3938,3884,378856]
[20190306,3938,3935,3979,3911,530710]
[20190305,3950,3959,3955,3927,302800]
[20190304,3950,3944,4006,3899,574634]
[20190301,3864,3937,3938,3853,627136]
[20190228,3855,3874,3884,3848,253398]
[20190227,3889,3867,3913,3876,252318]
[20190226,3952,3903,3969,3877,481354]
[20190225,4005,3950,4022,3962,362198]
[20190222,4022,4012,4040,3993,267814]
[20190221,4017,4022,4020,3984,314588]
[20190220,4076,4010,4080,4023,415926]
[20190219,4061,4068,4124,4056,398114]
[20190218,4047,4069,4093,4047,242954]
[20190215,4063,4061,4069,4034,246686]
[20190214,4047,4056,4063,4040,293372]
[20190213,4051,4049,4066,4046,241514]
[20190212,4047,4057,4063,4010,233078]
[20190211,4081,4056,4103,4047,159940]
[20190201,4063,4088,4069,4042,218538]
[20190131,4086,4061,4090,4052,237300]
[20190130,4090,4078,4093,4046,417986]
[20190129,4119,4083,4124,4086,283386]
[20190128,4054,4108,4131,4052,442830]
[20190125,4068,4061,4068,4042,289856]
[20190124,4052,4057,4069,4039,342530]
[20190123,4029,4051,4066,4017,342936]
[20190122,4039,4056,4047,4005,398346]
[20190121,3984,4032,4051,3967,459758]
[20190118,3906,4003,3978,3903,349880]
[20190117,3920,3920,3920,3882,320118]
[20190116,3920,3910,3935,3911,251392]
[20190115,3920,3930,3932,3904,234360]
[20190114,3933,3920,3964,3903,600974]
[20190111,3940,3952,3950,3918,312916]
[20190110,3978,3947,3995,3935,465632]
[20190109,3955,3978,3986,3949,279464]
[20190108,3932,3961,3983,3918,499490]
[20190107,3952,3944,3961,3915,242190]
[20190104,3918,3940,3940,3908,283974]
[20190103,3915,3927,3937,3891,313716]
[20190102,3818,3899,3908,3818,241640]
[20181228,3826,3850,3826,3801,207894]
[20181227,3816,3811,3847,3813,261386]
[20181226,3808,3821,3831,3804,166022]
[20181225,3855,3816,3865,3792,341398]
[20181224,3901,3848,3915,3855,345942]
[20181221,3916,3910,3932,3894,275482]
[20181220,3916,3916,3949,3901,470170]
[20181219,3874,3918,3906,3857,382510]
[20181218,3823,3876,3853,3811,305110]
[20181217,3833,3828,3843,3794,291028]
[20181214,3818,3838,3842,3804,352672]
[20181213,3826,3814,3853,3808,282884]
[20181212,3833,3831,3835,3813,209920]
[20181211,3872,3825,3877,3799,401278]
[20181210,3818,3862,3857,3813,286676]
[20181207,3850,3825,3857,3796,280952]
[20181206,3835,3843,3872,3818,373494]
[20181205,3847,3842,3857,3823,229376]
[20181204,3825,3850,3862,3813,178494]
[20181203,3864,3836,3909,3833,221046]
[20181130,3842,3856,3866,3838,131154]
[20181129,3809,3851,3866,3809,222874]
[20181128,3773,3818,3800,3767,154560]
[20181127,3782,3776,3787,3736,350334]
[20181126,3846,3756,3855,3802,267142]
[20181123,3836,3831,3866,3833,233284]
[20181122,3829,3842,3829,3796,176236]
[20181121,3836,3811,3846,3760,376820]
[20181120,3849,3835,3864,3811,284026]
[20181119,3860,3862,3886,3825,340484]
[20181116,3908,3831,3944,3887,265942]
[20181115,3900,3908,3915,3884,189698]
[20181114,3964,3908,3980,3867,451304]
[20181113,3991,3971,4004,3953,196072]
[20181112,4000,4002,4017,3931,419564]
[20181109,4072,4015,4075,4000,316962]
[20181108,4112,4066,4126,4046,273396]
[20181107,4126,4115,4143,4086,223928]
[20181106,4146,4137,4159,4126,167384]
[20181105,4148,4154,4181,4143,216596]
[20181102,4225,4166,4230,4066,554040]
[20181101,4228,4227,4245,4201,238628]
[20181031,4223,4232,4239,4201,181006]
[20181030,4265,4219,4287,4199,293020]
[20181029,4228,4272,4270,4217,257202]
[20181026,4254,4241,4281,4245,206356]
[20181025,4287,4265,4305,4234,294780]
[20181024,4330,4299,4340,4270,282134]
[20181023,4345,4332,4376,4336,199386]
[20181022,4327,4352,4352,4314,178134]
[20181019,4309,4327,4332,4299,144604]
[20181018,4383,4316,4396,4301,289298]
[20181017,4360,4371,4392,4360,213692]
[20181016,4380,4367,4398,4352,252386]
[20181015,4376,4365,4409,4369,259474]
[20181012,4301,4380,4374,4301,306210]
[20181011,4372,4318,4374,4268,318610]
[20181010,4381,4363,4391,4354,294090]
[20181009,4321,4380,4389,4318,373896]
[20181008,4329,4336,4338,4312,141294]
[20180928,4285,4314,4312,4257,223400]
[20180927,4312,4268,4325,4276,244112]
[20180926,4288,4305,4323,4283,287204]
[20180925,4278,4301,4290,4263,207640]
[20180921,4272,4270,4285,4234,388834]
[20180920,4305,4278,4312,4256,364852]
[20180919,4343,4309,4367,4305,300980]
[20180918,4422,4349,4432,4349,449578]
[20180917,4420,4429,4453,4407,226354]
[20180914,4440,4418,4456,4403,265066]
[20180913,4440,4443,4500,4422,362418]
[20180912,4485,4451,4498,4443,395212]
[20180911,4491,4478,4505,4462,262382]
[20180910,4462,4476,4498,4436,440816]
[20180907,4507,4454,4529,4440,438972]
[20180906,4500,4504,4511,4485,225412]
[20180905,4520,4493,4527,4493,249830]
[20180904,4465,4525,4522,4460,446364]
[20180903,4436,4469,4460,4394,353650]
[20180831,4463,4438,4485,4434,255362]
[20180830,4443,4474,4460,4412,260384]
[20180829,4471,4436,4474,4422,255662]
[20180828,4416,4465,4465,4414,224592]
[20180827,4484,4432,4487,4403,353782]
[20180824,4489,4480,4522,4471,320954]
[20180823,4518,4473,4544,4485,302196]
[20180822,4502,4542,4540,4498,294690]
[20180821,4509,4515,4516,4473,206578]
[20180820,4491,4498,4560,4473,320348]
[20180817,4456,4493,4515,4431,331614]
[20180816,4451,4453,4463,4374,316684]
[20180815,4465,4453,4494,4456,188908]
[20180814,4473,4476,4494,4453,204142]
[20180813,4527,4471,4536,4422,256442]
[20180810,4511,4533,4549,4487,229340]
[20180809,4502,4505,4529,4487,177632]
[20180808,4489,4516,4504,4473,212758]
[20180807,4460,4498,4484,4445,220102]
[20180806,4443,4465,4482,4427,213084]
[20180803,4454,4458,4482,4422,227528]
[20180802,4454,4480,4500,4442,278772]
[20180801,4420,4484,4451,4411,256212]
[20180731,4420,4429,4436,4391,219938]
[20180730,4403,4432,4434,4403,138376]
[20180727,4383,4409,4420,4367,183136]
[20180726,4367,4391,4389,4357,123494]
[20180725,4352,4359,4372,4350,94042]
[20180724,4341,4354,4365,4311,152182]
[20180723,4337,4346,4396,4335,167654]
[20180720,4357,4352,4378,4329,146074]
[20180719,4359,4367,4378,4339,133526]
[20180718,4318,4361,4361,4316,152306]
[20180717,4320,4324,4352,4313,168392]
[20180716,4262,4331,4344,4247,269996]
[20180713,4318,4272,4333,4288,211202]
[20180712,4327,4322,4352,4296,235962]
[20180711,4387,4335,4406,4329,252550]
[20180710,4460,4389,4473,4367,298772]
[20180709,4480,4469,4516,4460,178094]
[20180706,4480,4475,4529,4449,244976]
[20180705,4488,4512,4521,4462,150996]
[20180704,4533,4494,4536,4486,229042]
[20180703,4542,4531,4566,4508,217148]
[20180702,4529,4546,4563,4503,243450]
[20180629,4503,4510,4553,4497,230892]
[20180628,4479,4520,4510,4445,192656]
[20180627,4423,4469,4469,4423,175390]
[20180626,4421,4439,4449,4365,226496]
[20180625,4406,4426,4445,4391,176114]
[20180622,4391,4411,4411,4361,155858]
[20180621,4354,4376,4398,4350,252966]
[20180620,4318,4380,4359,4275,357380]
[20180619,4529,4305,4577,4318,671880]
[20180615,4553,4540,4563,4520,154756]
[20180614,4531,4553,4548,4518,182680]
[20180613,4581,4538,4587,4501,406888]
[20180612,4630,4559,4652,4587,255720]
[20180611,4643,4645,4661,4626,171152]
[20180608,4682,4646,4695,4637,269824]
[20180607,4680,4689,4704,4667,186824]
[20180606,4695,4680,4714,4682,163798]
[20180605,4743,4710,4749,4656,417090]
[20180604,4751,4727,4801,4751,307882]
[20180601,4755,4768,4768,4734,219688]
[20180531,4757,4753,4792,4738,348340]
[20180530,4730,4757,4816,4701,696242]
[20180529,4702,4725,4743,4702,248148]
[20180528,4771,4710,4779,4693,347370]
[20180525,4840,4777,4861,4771,282030]
[20180524,4801,4848,4846,4785,302994]
[20180523,4840,4803,4842,4786,241646]
[20180522,4792,4839,4835,4786,294902]
[20180521,4783,4811,4855,4773,522120]
[20180518,4738,4781,4833,4736,565730]
[20180517,4719,4760,4734,4689,210068]
[20180516,4745,4727,4749,4695,289108]
[20180515,4734,4747,4760,4725,230204]
[20180514,4745,4736,4775,4719,307512]
[20180511,4747,4753,4764,4729,217132]
[20180510,4702,4753,4762,4701,279060]
[20180509,4650,4706,4708,4648,328812]
[20180508,4648,4656,4660,4633,188060]
[20180507,4617,4658,4652,4615,192424]
[20180504,4622,4626,4624,4598,261542]
[20180503,4641,4622,4667,4637,213458]
[20180502,4620,4643,4658,4617,131436]
[20180427,4650,4641,4658,4635,203554]
[20180426,4654,4650,4665,4618,284286]
[20180425,4645,4652,4673,4635,229438]
[20180424,4669,4656,4671,4639,265204]
[20180423,4682,4663,4702,4671,239836]
[20180420,4678,4689,4701,4661,253998]
[20180419,4680,4684,4688,4665,232314]
[20180418,4663,4686,4674,4648,245186]
[20180417,4667,4661,4674,4620,379692]
[20180416,4702,4671,4719,4680,243316]
[20180413,4717,4704,4732,4702,192742]
[20180412,4781,4714,4785,4693,328930]
[20180411,4781,4775,4799,4762,268248]
[20180410,4811,4790,4840,4783,303992]
[20180409,4924,4822,4984,4814,256686]
[20180404,4755,4882,4799,4749,281848]
[20180403,4783,4775,4788,4749,215576]
[20180402,4710,4768,4785,4710,338262]
[20180330,4667,4717,4742,4639,290668]
[20180329,4719,4678,4727,4658,334740]
[20180328,4743,4701,4751,4715,182832]
[20180327,4757,4742,4777,4721,220836]
[20180326,4762,4770,4771,4646,406640]
[20180323,4796,4758,4803,4743,273430]
[20180322,4813,4803,4837,4790,216144]
[20180321,4786,4803,4835,4764,277778]
[20180320,4775,4796,4815,4732,321696]
[20180319,4764,4764,4786,4734,190946]
[20180316,4790,4768,4815,4771,217248]
[20180315,4790,4790,4798,4751,164794]
[20180314,4792,4794,4815,4777,167122]
[20180313,4756,4800,4800,4706,356542]
[20180312,4745,4760,4790,4740,247234]
[20180309,4790,4756,4826,4730,323068]
[20180308,4858,4811,4863,4803,306484]
[20180307,4934,4850,4949,4874,230622]
[20180306,4912,4938,4946,4908,257966]
[20180305,4916,4919,4942,4876,301496]
[20180302,4977,4927,4991,4914,592018]
[20180301,4996,4976,5007,4953,223954]
[20180228,4940,4992,4992,4927,239594]
[20180227,4946,4944,4961,4925,226232]
[20180226,4919,4947,4951,4891,258182]
[20180223,4818,4910,4923,4815,355824]
[20180222,4831,4830,4859,4803,120986]
[20180214,4824,4839,4852,4783,152096]
[20180213,4858,4831,4863,4830,159734]
[20180212,4807,4843,4865,4768,285272]
[20180209,4807,4803,4828,4788,221034]
[20180208,4779,4820,4816,4740,296650]
[20180207,4766,4786,4813,4762,197898]
[20180206,4773,4770,4809,4753,318406]
[20180205,4756,4773,4771,4727,242424]
[20180202,4807,4766,4824,4760,255438]
[20180201,4852,4816,4859,4781,261564]
[20180131,4865,4816,4874,4848,181656]
[20180130,4923,4856,4923,4844,310164]
[20180129,4888,4914,4927,4874,227998]
[20180126,4873,4888,4921,4869,284410]
[20180125,4901,4891,4919,4880,290868]
[20180124,4886,4908,4908,4880,209336]
[20180123,4865,4893,4882,4839,222600]
[20180122,4820,4874,4878,4818,253674]
[20180119,4861,4826,4867,4816,331304]
[20180118,4848,4861,4884,4839,265990]
[20180117,4889,4844,4904,4843,277978]
[20180116,4936,4880,4942,4859,292934]
[20180115,4921,4931,4957,4906,194608]
[20180112,4966,4919,4977,4914,259572]
[20180111,5005,4970,5011,4979,154708]
[20180110,5000,5007,5028,4974,258858]
[20180109,5002,5000,5024,4985,185026]
[20180108,5005,5007,5011,4955,196442]
[20180105,5000,5004,5047,4994,209468]
[20180104,5022,5009,5039,5000,256988]
[20180103,4979,5024,4996,4959,193762]
[20180102,4908,4987,4992,4908,209400]
[20171229,4895,4942,4917,4871,209370]
[20171228,4912,4908,4925,4884,228204]
[20171227,4873,4917,4914,4859,259156]
[20171226,4830,4880,4858,4826,138948]
[20171225,4815,4854,4854,4805,243232]
[20171222,4835,4822,4841,4779,300596]
[20171221,4912,4828,4931,4839,352412]
[20171220,4925,4927,4959,4917,205196]
[20171219,4940,4931,4951,4899,195796]
[20171218,4949,4947,4968,4929,235266]
[20171215,4917,4951,4919,4880,221604]
[20171214,4977,4904,4983,4874,381556]
[20171213,4994,4981,4998,4970,187366]
[20171212,4970,4981,5024,4962,326498]
[20171211,4981,4977,5015,4968,261932]
[20171208,4955,4981,5009,4955,214312]
[20171207,5039,4972,5043,4953,330154]
[20171206,5047,5039,5088,5035,257430]
[20171205,5122,5062,5135,5019,303422]
[20171204,5107,5129,5155,5088,304906]
[20171201,5110,5101,5118,5064,261832]
[20171130,5054,5099,5114,5035,279000]
[20171129,5082,5050,5097,5043,220200]
[20171128,5071,5095,5092,5058,173516]
[20171127,5148,5067,5161,5049,301080]
[20171124,5125,5146,5161,5116,169132]
[20171123,5168,5137,5176,5114,184252]
[20171122,5142,5166,5184,5133,180116]
[20171121,5140,5171,5173,5125,179210]
[20171120,5220,5148,5232,5142,231446]
[20171117,5228,5197,5245,5209,155806]
[20171116,5220,5228,5258,5180,163942]
[20171115,5249,5199,5272,5205,248374]
[20171114,5334,5264,5334,5262,233106]
[20171113,5353,5304,5373,5336,173574]
[20171110,5414,5357,5424,5329,243504]
[20171109,5378,5416,5445,5361,291890]
[20171108,5373,5380,5382,5323,227124]
[20171107,5355,5365,5407,5344,196616]
[20171106,5374,5369,5405,5314,287606]
[20171103,5413,5397,5413,5365,207590]
[20171102,5405,5382,5435,5390,223116]
[20171101,5432,5405,5462,5373,283382]
[20171031,5464,5432,5475,5428,215022]
[20171030,5420,5470,5500,5380,332118]
[20171027,5414,5397,5451,5393,279092]
[20171026,5445,5422,5447,5399,233342]
[20171025,5399,5432,5468,5380,412962]
[20171024,5397,5403,5432,5382,327534]
[20171023,5338,5393,5388,5317,343356]
[20171020,5235,5367,5338,5224,355006]
[20171019,5291,5226,5323,5220,405226]
[20171018,5329,5281,5329,5253,326946]
[20171017,5327,5300,5373,5306,259664]
[20171016,5331,5344,5359,5291,319924]
[20171013,5293,5352,5315,5209,502422]
[20171012,5251,5285,5310,5243,270692]
[20171011,5253,5262,5283,5237,266772]
[20171010,5314,5249,5314,5264,303520]
[20171009,5306,5296,5350,5291,221776]
[20170929,5235,5333,5275,5213,305022]
[20170928,5369,5266,5369,5188,707156]
[20170927,5371,5342,5399,5342,330406]
[20170926,5319,5392,5353,5306,269832]
[20170925,5373,5323,5418,5304,481208]
[20170922,5376,5369,5390,5338,367554]
[20170921,5451,5359,5473,5390,540656]
[20170920,5454,5451,5485,5413,414964]
[20170919,5433,5443,5523,5420,418804]
[20170918,5498,5443,5498,5435,417490]
[20170915,5510,5464,5517,5456,532126]
[20170914,5454,5504,5550,5433,695378]
[20170913,5407,5472,5500,5390,627296]
[20170912,5378,5439,5399,5336,493340]
[20170911,5234,5380,5382,5194,883920]
[20170908,5308,5243,5308,5234,553266]
[20170907,5274,5289,5296,5228,544638]
[20170906,5304,5262,5323,5256,529688]
[20170905,5270,5291,5300,5216,509366]
[20170904,5260,5260,5294,5234,449166]
[20170901,5209,5251,5272,5199,437590]
[20170831,5190,5220,5230,5180,334154]
[20170830,5205,5190,5268,5180,458556]
[20170829,5270,5215,5274,5205,451922]
[20170828,5274,5264,5314,5254,451920]
[20170825,5331,5287,5352,5266,440608]
[20170824,5291,5338,5325,5232,621096]
[20170823,5281,5266,5310,5251,622818]
[20170822,5205,5272,5300,5180,789828]
[20170821,5159,5205,5201,5146,604134]
[20170818,5085,5173,5159,5068,466598]
[20170817,5056,5083,5096,5045,416254]
[20170816,5098,5066,5100,5032,494406]
[20170815,5171,5095,5184,5112,617786]
[20170814,5150,5173,5222,5115,652010]
[20170811,5175,5169,5239,5089,775372]
[20170810,5165,5175,5178,5087,607482]
[20170809,5136,5175,5180,5129,470138]
[20170808,5049,5148,5129,5022,533912]
[20170807,5096,5064,5136,5049,487662]
[20170804,5056,5104,5098,5036,400500]
[20170803,5157,5079,5167,5049,516146]
[20170802,5161,5159,5169,5106,487446]
[20170801,5190,5163,5254,5157,605348]
[20170731,5136,5194,5220,5129,426886]
[20170728,5201,5150,5218,5102,597834]
[20170727,5108,5194,5195,5102,517718]
[20170726,5127,5129,5150,5083,492176]
[20170725,4997,5133,5129,4997,435724]
[20170724,5055,5011,5076,4967,257844]
[20170721,5098,5062,5126,5032,345374]
[20170720,5023,5116,5085,5023,344246]
[20170719,5019,5040,5025,4963,328268]
[20170718,5088,5010,5111,4985,423928]
[20170717,5070,5094,5128,5060,298066]
[20170714,5085,5066,5098,5010,322786]
[20170713,5137,5088,5152,5081,303784]
[20170712,5129,5139,5180,5105,310544]
[20170711,5159,5135,5182,5109,382144]
[20170710,5060,5139,5169,5055,342096]
[20170707,5062,5083,5094,5025,282998]
[20170706,5004,5088,5094,4997,576934]
[20170705,4950,5013,5002,4946,306332]
[20170704,5006,4965,5013,4916,342370]
[20170703,4939,4991,5049,4926,407038]
[20170630,4935,4940,4972,4911,424728]
[20170629,4873,4931,4939,4868,467416]
[20170628,4901,4875,4946,4856,454410]
[20170627,4866,4920,4907,4849,318346]
[20170626,4869,4869,4888,4853,230618]
[20170623,4853,4875,4884,4834,266820]
[20170622,4875,4882,4896,4828,301432]
[20170621,4901,4884,4920,4853,414484]
[20170620,5019,4903,5027,4912,415918]
[20170619,4987,5006,5062,4969,439596]
[20170616,4920,4997,5010,4905,489952]
[20170615,4912,4911,4940,4881,333626]
[20170614,4875,4927,4920,4862,333804]
[20170613,4957,4879,4980,4894,359806]
[20170612,4841,4972,4974,4832,525030]
[20170609,4824,4853,4866,4824,347506]
[20170608,4836,4847,4864,4804,427572]
[20170607,4911,4832,4944,4828,588766]
[20170606,4918,4903,4937,4868,459602]
[20170605,4873,4901,4993,4854,494524]
[20170602,4912,4884,4940,4890,352054]
[20170601,4914,4926,4944,4868,461924]
[20170531,4967,4927,4987,4903,326522]
[20170526,5109,4970,5122,5017,458406]
[20170525,5105,5111,5122,5053,370056]
[20170524,5122,5103,5141,5075,494332]
[20170523,5193,5137,5215,5120,445442]
[20170522,5144,5206,5232,5144,473898]
[20170519,5098,5157,5171,5070,549208]
[20170518,5197,5116,5206,5124,440196]
[20170517,5144,5201,5195,5109,602504]
[20170516,5144,5133,5169,5109,454056]
[20170515,5109,5139,5182,5101,499184]
[20170512,5144,5113,5154,5098,455120]
[20170511,5004,5144,5165,4965,943696]
[20170510,5013,4997,5055,4987,477866]
[20170509,4991,5027,5027,4974,413054]
[20170508,4901,4991,5013,4901,808780]
[20170505,4869,4950,4911,4826,589918]
[20170504,4873,4868,4890,4802,493940]
[20170503,4907,4862,4918,4877,258990]
[20170502,4868,4905,4926,4858,242980]
[20170428,4817,4881,4851,4791,333660]
[20170427,4810,4828,4879,4802,503050]
[20170426,4755,4804,4810,4750,410664]
[20170425,4854,4757,4868,4720,646474]
[20170424,4834,4868,4858,4821,421486]
[20170421,4823,4845,4843,4789,384808]
[20170420,4776,4832,4824,4763,522074]
[20170419,4821,4796,4824,4755,544098]
[20170418,4882,4804,4920,4832,444954]
[20170417,4879,4875,4935,4875,431900]
[20170414,4869,4888,4896,4830,435124]
[20170413,4851,4875,4918,4847,396366]
[20170412,4911,4860,4922,4821,658488]
[20170411,4888,4914,4905,4845,501876]
[20170410,5012,4853,5094,4882,1095082]
[20170407,5070,5004,5075,4946,520584]
[20170406,5053,5064,5081,5032,407232]
[20170405,4961,5068,5056,4914,361326]
[20170331,4991,4935,5040,4967,261326]
[20170330,5085,5027,5103,4989,454824]
[20170329,5070,5094,5101,5056,335292]
[20170328,5055,5068,5086,5015,360958]
[20170327,5152,5053,5169,5040,488806]
[20170324,5178,5165,5217,5156,397444]
[20170323,5285,5167,5303,5176,636394]
[20170322,5273,5290,5315,5259,508534]
[20170321,5262,5285,5300,5212,391148]
[20170320,5260,5264,5285,5227,398648]
[20170317,5272,5257,5288,5217,261072]
[20170316,5235,5287,5269,5201,375858]
[20170315,5139,5258,5221,5077,419564]
[20170314,5123,5137,5155,5103,382522]
[20170313,5103,5139,5178,5103,351222]
[20170310,5199,5128,5201,5064,578258]
[20170309,5199,5192,5244,5146,638456]
[20170308,5219,5196,5224,5125,439038]
[20170307,5263,5221,5281,5203,356118]
[20170306,5240,5260,5303,5208,440040]
[20170303,5228,5235,5265,5176,474628]
[20170302,5244,5208,5246,5196,379152]
[20170301,5180,5233,5265,5174,602148]
[20170228,5139,5178,5180,5105,468598]
[20170227,5194,5134,5217,5142,458820]
[20170224,5157,5194,5185,5096,429042]
[20170223,5237,5158,5262,5121,577898]
[20170222,5217,5260,5237,5174,475064]
[20170221,5253,5219,5283,5208,564136]
[20170220,5246,5272,5290,5235,375248]
[20170217,5347,5251,5383,5251,674710]
[20170216,5436,5374,5473,5370,607350]
[20170215,5423,5445,5455,5388,507650]
[20170214,5463,5445,5498,5407,604286]
[20170213,5548,5480,5603,5459,742622]
[20170210,5505,5544,5591,5493,456124]
[20170209,5528,5516,5551,5500,284216]
[20170208,5445,5537,5559,5439,511044]
[20170207,5470,5477,5502,5423,343226]
[20170206,5443,5473,5486,5439,323072]
[20170203,5539,5463,5562,5436,226438]
[20170126,5610,5546,5633,5512,297900]
[20170125,5671,5607,5674,5580,327384]
[20170124,5553,5656,5697,5553,474114]
[20170123,5583,5567,5583,5527,300236]
[20170120,5603,5559,5623,5562,351342]
[20170119,5605,5616,5644,5573,399962]
[20170118,5648,5591,5651,5587,402834]
[20170117,5628,5635,5667,5576,478812]
[20170116,5569,5632,5662,5548,616818]
[20170113,5576,5557,5639,5550,644716]
[20170112,5559,5578,5601,5539,525954]
[20170111,5466,5578,5585,5466,751858]
[20170110,5445,5473,5518,5422,677464]
[20170109,5418,5455,5471,5390,518184]
[20170106,5436,5427,5495,5390,533336]
[20170105,5502,5454,5527,5436,557850]
[20170104,5567,5479,5617,5436,848526]
[20170103,5512,5592,5624,5509,486014]
[20161230,5562,5571,5578,5491,442358]
[20161229,5541,5569,5585,5509,602234]
[20161228,5555,5516,5612,5532,736718]
[20161227,5441,5560,5567,5406,717180]
[20161226,5429,5464,5461,5338,835924]
[20161223,5470,5443,5480,5359,832430]
[20161222,5566,5445,5607,5480,631676]
[20161221,5564,5580,5594,5505,666580]
[20161220,5646,5569,5667,5521,886592]
[20161219,5706,5656,5808,5667,998788]
[20161216,5704,5731,5824,5681,1062170]
[20161215,5598,5728,5763,5548,1086728]
[20161214,5610,5571,5637,5551,695580]
[20161213,5633,5612,5658,5548,548048]
[20161212,5571,5635,5696,5557,646666]
[20161209,5605,5578,5605,5511,607926]
[20161208,5665,5585,5678,5591,680436]
[20161207,5708,5671,5744,5653,857802]
[20161206,5681,5708,5720,5624,644444]
[20161205,5630,5710,5694,5551,936640]
[20161202,5571,5612,5665,5527,1021260]
[20161201,5578,5576,5633,5521,853028]
[20161130,5521,5580,5571,5438,971512]
[20161129,5646,5507,5646,5521,639476]
[20161128,5621,5637,5667,5567,840838]
[20161125,5557,5594,5640,5514,654024]
[20161124,5486,5585,5737,5419,907554]
[20161123,5463,5472,5535,5452,549752]
[20161122,5539,5493,5580,5463,780782]
[20161121,5429,5546,5558,5392,749056]
[20161118,5433,5419,5472,5355,721428]
[20161117,5414,5438,5461,5359,799474]
[20161116,5233,5403,5435,5230,864958]
[20161115,5279,5295,5355,5189,699204]
[20161114,5592,5277,5677,5292,1218336]
[20161111,5470,5615,5677,5426,1584614]
[20161110,5383,5431,5502,5295,1417246]
[20161109,5431,5408,5467,5308,925978]
[20161108,5318,5444,5438,5256,1254194]
[20161107,5189,5281,5332,5164,856244]
[20161104,5212,5189,5297,5205,1010856]
[20161103,5201,5242,5219,5163,689582]
[20161102,5184,5198,5226,5118,906972]
[20161101,5240,5205,5318,5187,1122068]
[20161031,5309,5244,5325,5228,909110]
[20161028,5277,5249,5334,5210,977116]
[20161027,5345,5274,5361,5249,943198]
[20161026,5205,5355,5357,5191,1447884]
[20161025,5300,5246,5382,5203,1539014]
[20161024,5069,5325,5251,5058,1080320]
[20161021,5103,5078,5131,5000,1034678]
[20161020,5138,5120,5193,5094,1066290]
[20161019,5110,5140,5173,5021,1195248]
[20161018,5124,5120,5187,5090,1013354]
[20161017,4876,5163,5055,4876,683376]
[20161014,4823,4919,4882,4758,769014]
[20161013,4885,4807,4928,4790,928126]
[20161012,4906,4917,4910,4837,669402]
[20161011,4813,4882,4898,4811,713318]
[20161010,4809,4852,4852,4774,374440]
[20160930,4942,4793,4944,4855,661022]
[20160929,4947,4938,5016,4912,861662]
[20160928,5050,4970,5062,4977,1061574]
[20160927,5126,5021,5134,5048,874126]
[20160926,5041,5122,5152,5027,1184912]
[20160923,5081,5041,5110,5041,864578]
[20160922,5025,5097,5118,5011,1215054]
[20160921,5023,5035,5087,5016,917336]
[20160920,4889,5042,5014,4883,853268]
[20160919,4779,4894,4855,4779,453192]
[20160914,4859,4795,4864,4730,856756]
[20160913,4837,4811,4912,4813,1022056]
[20160912,4945,4822,4949,4832,1007952]
[20160909,4896,4928,4958,4880,1084276]
[20160908,4887,4905,4940,4864,1067502]
[20160907,4919,4891,4926,4876,778876]
[20160906,4929,4891,4965,4906,844348]
[20160905,4825,4928,4931,4825,1065242]
[20160902,4723,4837,4818,4714,876796]
[20160901,4721,4742,4746,4687,761604]
[20160831,4811,4714,4827,4716,964666]
[20160830,4795,4818,4850,4793,805340]
[20160829,4850,4811,4892,4809,952062]
[20160826,4875,4830,4876,4774,1025830]
[20160825,4951,4850,4961,4811,1235810]
[20160824,4887,4949,4975,4880,1081486]
[20160823,4839,4912,4882,4825,757606]
[20160822,4899,4843,4933,4841,872116]
[20160819,4903,4885,4944,4873,867330]
[20160818,4947,4883,4951,4901,971452]
[20160817,4855,4936,4942,4829,1086508]
[20160816,4859,4866,4896,4846,738414]
[20160815,4707,4880,4848,4677,1199022]
[20160812,4627,4691,4721,4620,823612]
[20160811,4724,4633,4737,4613,852378]
[20160810,4680,4707,4716,4648,758432]
[20160809,4608,4693,4705,4601,805502]
[20160808,4564,4648,4624,4525,736192]
[20160805,4620,4553,4625,4564,846104]
[20160804,4611,4594,4631,4541,957462]
[20160803,4523,4602,4587,4495,892180]
[20160802,4505,4567,4535,4438,827136]
[20160801,4410,4498,4535,4410,742418]
[20160729,4337,4431,4443,4313,905350]
[20160728,4378,4327,4385,4337,476354]
[20160727,4345,4380,4392,4334,543478]
[20160726,4307,4355,4345,4279,493214]
[20160725,4348,4316,4383,4316,536728]
[20160722,4488,4380,4511,4355,841632]
[20160721,4516,4489,4532,4481,639260]
[20160720,4473,4521,4551,4438,814198]
[20160719,4479,4466,4500,4403,535432]
[20160718,4469,4470,4512,4430,671786]
[20160715,4384,4459,4469,4358,737290]
[20160714,4351,4409,4384,4263,524656]
[20160713,4246,4360,4379,4232,503042]
[20160712,4275,4253,4299,4224,495752]
[20160711,4212,4287,4277,4195,473780]
[20160708,4219,4212,4270,4128,729292]
[20160707,4306,4243,4319,4188,619600]
[20160706,4489,4263,4515,4324,747050]
[20160705,4566,4508,4603,4355,1087774]
[20160704,4454,4571,4636,4442,1206262]
[20160701,4445,4462,4508,4433,786188]
[20160630,4392,4466,4464,4357,833654]
[20160629,4455,4377,4471,4363,648818]
[20160628,4341,4447,4462,4338,774550]
[20160627,4263,4392,4374,4260,489290]
[20160624,4338,4290,4363,4258,764914]
[20160623,4348,4336,4387,4300,666116]
[20160622,4266,4370,4362,4266,596274]
[20160621,4329,4288,4379,4282,812238]
[20160620,4357,4326,4382,4321,534628]
[20160617,4290,4346,4350,4254,587440]
[20160616,4346,4314,4365,4292,600936]
[20160615,4392,4355,4420,4323,677528]
[20160614,4452,4392,4493,4392,696634]
[20160613,4627,4462,4639,4467,602552]
[20160608,4622,4621,4632,4551,689124]
[20160607,4595,4621,4677,4559,823464]
[20160606,4586,4586,4605,4527,508280]
[20160603,4537,4580,4580,4522,681542]
[20160602,4435,4554,4539,4401,783666]
[20160601,4466,4418,4503,4447,660864]
[20160531,4484,4479,4532,4428,598636]
[20160530,4430,4486,4501,4421,584606]
[20160527,4469,4452,4471,4357,759222]
[20160526,4358,4440,4437,4358,728750]
[20160525,4307,4386,4333,4283,614382]
[20160524,4256,4285,4326,4239,774472]
[20160523,4384,4249,4401,4198,908020]
[20160520,4300,4362,4396,4294,630926]
[20160519,4401,4324,4447,4348,945564]
[20160518,4476,4394,4542,4360,1280720]
[20160517,4426,4486,4493,4426,681936]
[20160516,4345,4464,4471,4345,866834]
[20160513,4556,4403,4590,4438,972164]
[20160512,4699,4585,4699,4575,1055674]
[20160511,4656,4602,4789,4632,1260122]
[20160510,4673,4648,4683,4566,1175204]
[20160509,4586,4673,4706,4578,1297238]
[20160506,4665,4600,4680,4493,959814]
[20160505,4658,4651,4690,4627,725812]
[20160504,4595,4687,4649,4535,1094292]
[20160503,4598,4619,4670,4592,668340]
[20160429,4665,4634,4699,4598,851066]
[20160428,4753,4695,4758,4621,1053106]
[20160427,4844,4719,4849,4762,721884]
[20160426,4816,4835,4884,4781,975450]
[20160425,4852,4823,4937,4806,875978]
[20160422,4980,4859,4993,4820,1114286]
[20160421,4890,4973,5043,4855,1349210]
[20160420,4845,4866,4980,4833,1430622]
[20160419,4775,4844,4847,4765,1166804]
[20160418,4690,4792,4753,4675,1061848]
[20160415,4729,4692,4762,4690,854006]
[20160414,4685,4743,4755,4685,884988]
[20160413,4624,4704,4801,4624,1518508]
[20160412,4626,4655,4655,4605,1008726]
[20160411,4639,4632,4735,4612,1389508]
[20160408,4701,4655,4701,4632,867952]
[20160407,4685,4683,4726,4666,740912]
[20160406,4743,4690,4753,4685,932270]
[20160405,4741,4745,4781,4729,614266]
[20160401,4680,4755,4779,4660,1261174]
[20160331,4677,4661,4706,4638,1158420]
[20160330,4741,4663,4752,4660,1439366]
[20160329,4692,4726,4743,4683,1296408]
[20160328,4680,4704,4726,4651,1367862]
[20160325,4544,4701,4677,4544,1317874]
[20160324,4600,4569,4610,4535,1043072]
[20160323,4639,4593,4695,4603,1200802]
[20160322,4580,4660,4678,4576,1599066]
[20160321,4554,4581,4592,4517,837886]
[20160318,4529,4556,4586,4523,982260]
[20160317,4430,4527,4527,4420,1031466]
[20160316,4420,4435,4467,4396,937264]
[20160315,4425,4438,4464,4399,790002]
[20160314,4437,4440,4503,4430,788872]
[20160311,4387,4459,4459,4366,613306]
[20160310,4456,4373,4490,4378,783864]
[20160309,4419,4482,4447,4354,698340]
[20160308,4418,4407,4483,4368,1254932]
[20160307,4368,4440,4470,4331,1249886]
[20160304,4298,4357,4387,4298,1241174]
[20160303,4238,4323,4293,4207,1113702]
[20160302,4291,4250,4343,4245,1212988]
[20160301,4279,4290,4291,4243,804374]
[20160229,4262,4283,4309,4231,972170]
[20160226,4266,4262,4274,4226,815132]
[20160225,4222,4264,4288,4219,825184]
[20160224,4324,4236,4343,4224,1074870]
[20160223,4362,4326,4368,4305,789270]
[20160222,4324,4357,4397,4312,998690]
[20160219,4330,4323,4355,4302,900768]
[20160218,4316,4330,4368,4312,934780]
[20160217,4302,4333,4312,4271,636226]
[20160216,4307,4298,4350,4295,755198]
[20160215,4264,4323,4361,4227,598938]
[20160205,4143,4269,4193,4129,448510]
[20160204,4125,4132,4163,4120,491858]
[20160203,4134,4131,4138,4098,629494]
[20160202,4077,4131,4134,4067,650222]
[20160201,4067,4070,4087,4058,670924]
[20160129,4099,4072,4131,4056,994162]
[20160128,4106,4105,4127,4094,871882]
[20160127,4065,4106,4108,4053,1003242]
[20160126,4020,4060,4061,4011,972370]
[20160125,4022,4016,4051,4015,763326]
[20160122,3945,4030,4015,3942,1216264]
[20160121,4006,3952,4022,3926,1527424]
[20160120,4080,4003,4099,4004,989514]
[20160119,4056,4096,4091,4046,969398]
[20160118,4018,4061,4086,4004,1259772]
[20160115,4001,4006,4044,3990,948888]
[20160114,4030,4009,4051,3996,1096698]
[20160113,4008,4022,4042,4001,1014712]
[20160112,4048,4023,4067,3990,1232900]
[20160111,4099,4056,4108,4032,1394790]
[20160108,4091,4101,4132,4063,1306918]
[20160107,4093,4080,4124,4049,1537706]
[20160106,4177,4093,4188,4084,1418296]
[20160105,4143,4172,4186,4138,1252734]
[20160104,4196,4146,4264,4120,933610]
[20151231,4193,4179,4217,4170,1357266]
[20151230,4148,4195,4210,4146,1925780]
[20151229,4006,4181,4174,3994,1239420]
[20151228,4098,4009,4106,4020,742186]
[20151225,4061,4098,4096,4044,679248]
[20151224,4099,4063,4134,4053,1179228]
[20151223,4084,4096,4098,4042,946174]
[20151222,4053,4091,4087,4042,897040]
[20151221,3961,4049,4061,3933,1098324]
[20151218,3945,3952,3961,3897,1055566]
[20151217,4018,3940,4044,3939,1123594]
[20151216,4037,4027,4053,4001,943708]
[20151215,4041,4048,4115,4027,1069372]
[20151214,4093,4046,4139,4067,990356]
[20151211,4022,4101,4093,4018,901164]
[20151210,4015,4037,4061,3999,828944]
[20151209,4041,4020,4080,3997,805024]
[20151208,4150,4029,4157,4023,907864]
[20151207,4030,4136,4148,4016,986778]
[20151204,4020,4041,4048,3999,889786]
[20151203,4030,4022,4063,3982,1021622]
[20151202,4009,4015,4077,3990,756464]
[20151201,3971,3997,4061,3971,990424]
[20151130,3996,3999,4009,3926,695314]
[20151127,3944,4001,4018,3920,882490]
[20151126,3864,3932,3982,3838,643760]
[20151125,3868,3849,3884,3847,482394]
[20151124,3779,3879,3908,3773,729966]
[20151123,3779,3788,3838,3753,1367876]
[20151120,3768,3777,3786,3674,1327978]
[20151119,3838,3713,3840,3746,840732]
[20151118,3836,3820,3847,3790,629244]
[20151117,3825,3840,3855,3799,485140]
[20151116,3807,3812,3840,3807,457250]
[20151113,3851,3829,3873,3829,602190]
[20151112,3840,3844,3879,3838,609634]
[20151111,3912,3860,3914,3818,1192304]
[20151110,3939,3860,3950,3879,770000]
[20151109,3930,3941,3949,3906,862392]
[20151106,4004,3941,4009,3895,1816332]
[20151105,4043,3973,4061,3998,956548]
[20151104,3989,4048,4041,3989,921944]
[20151103,4054,4000,4061,3991,862470]
[20151102,4050,4046,4098,4015,974984]
[20151030,4092,4032,4100,4045,960298]
[20151029,4083,4094,4126,4072,1006570]
[20151028,4105,4092,4109,4046,1211340]
[20151027,4091,4089,4111,4045,1107982]
[20151026,4203,4076,4203,4091,1393320]
[20151023,4258,4179,4268,4172,1211070]
[20151022,4192,4266,4258,4190,1051448]
[20151021,4172,4196,4216,4170,1139520]
[20151020,4185,4175,4198,4126,1156464]
[20151019,4249,4183,4258,4199,972386]
[20151016,4273,4247,4284,4227,1195766]
[20151015,4303,4279,4317,4255,1033712]
[20151014,4295,4292,4312,4258,1092950]
[20151013,4238,4288,4306,4181,1483564]
[20151012,4157,4234,4273,4133,1349790]
[20151009,4137,4151,4177,4094,1014570]
[20151008,4146,4115,4192,4118,455762]
[20150930,4109,4144,4144,4085,759188]
[20150929,4174,4135,4177,4041,1305358]
[20150928,4192,4159,4199,4135,727290]
[20150925,4039,4161,4174,4037,1842770]
[20150924,3993,4059,4054,3986,1102404]
[20150923,3927,4009,3991,3927,1111654]
[20150922,3963,3943,3993,3938,1087262]
[20150921,3908,3956,3962,3880,792286]
[20150918,3919,3914,3963,3919,787138]
[20150917,3980,3927,3987,3936,929450]
[20150916,3958,3974,3978,3912,1360756]
[20150915,4017,3952,4065,3954,1252020]
[20150914,3971,4032,4002,3932,824408]
[20150911,4015,3991,4054,3993,729438]
[20150910,3997,4017,4013,3947,837508]
[20150909,3973,3997,4033,3973,655802]
[20150908,3919,3989,3958,3910,434440]
[20150907,3901,3921,3925,3877,300408]
[20150902,3963,3912,3974,3903,520526]
[20150901,3908,3967,4019,3901,801686]
[20150831,3973,3923,3978,3901,939282]
[20150828,3886,3943,3960,3873,942284]
[20150827,3810,3884,3868,3759,917312]
[20150826,3886,3796,3923,3796,815488]
[20150825,3853,3890,3890,3768,1274180]
[20150824,4078,3849,4087,3941,886102]
[20150821,4126,4087,4133,4078,800854]
[20150820,4188,4120,4196,4100,739136]
[20150819,4220,4185,4220,4146,690456]
[20150818,4260,4210,4268,4192,520158]
[20150817,4216,4257,4257,4216,543070]
[20150814,4253,4236,4297,4223,813838]
[20150813,4304,4279,4354,4150,898006]
[20150812,4258,4301,4310,4236,733648]
[20150811,4203,4268,4330,4198,1128714]
[20150810,4203,4205,4260,4177,636738]
[20150807,4222,4186,4234,4137,691676]
[20150806,4277,4227,4277,4190,557850]
[20150805,4295,4268,4308,4262,428948]
[20150804,4245,4299,4301,4236,641154]
[20150803,4365,4268,4389,4269,634602]
[20150430,4349,4380,4389,4328,634284]
[20150429,4358,4333,4378,4322,578172]
[20150428,4372,4364,4414,4347,826744]
[20150427,4358,4390,4406,4328,803224]
[20150424,4383,4372,4412,4349,869406]
[20150423,4387,4364,4408,4360,891798]
[20150422,4396,4394,4415,4346,762156]
[20150421,4317,4406,4408,4306,928664]
[20150420,4253,4313,4338,4249,857222]
[20150417,4244,4260,4272,4236,361422]
[20150416,4210,4256,4297,4197,837774]
[20150415,4176,4206,4236,4174,696392]
[20150414,4179,4181,4193,4145,334638]
[20150413,4156,4172,4195,4149,401374]
[20150410,4143,4159,4181,4134,356736]
[20150409,4202,4154,4208,4159,321160]
[20150408,4229,4192,4233,4199,280640]
[20150407,4211,4220,4274,4210,182830]
[20150403,4163,4247,4188,4158,284244]
[20150402,4161,4165,4195,4127,515078]
[20150401,4140,4147,4202,4134,389554]
