[20210830,3175,3180,3213,3066,268916]
[20210827,3150,3155,3183,3074,237429]
[20210826,3299,3149,3333,3175,267600]
[20210825,3156,3302,3322,3156,218037]
[20210824,3100,3168,3267,3100,242993]
[20210823,2834,3180,3053,2834,211215]
[20210820,2839,2873,2879,2780,245779]
[20210819,2840,2860,2919,2762,418124]
[20210818,2964,2845,2967,2822,305679]
[20210817,2874,2959,2950,2865,267589]
[20210816,2892,2900,2984,2868,288854]
[20210813,2880,2932,2928,2849,220299]
[20210812,2960,2862,2988,2866,190957]
[20210811,2881,2968,2975,2881,5621]
[20210810,2817,2923,2908,2803,191787]
[20210809,2817,2830,2873,2804,255773]
[20210806,2779,2826,2835,2757,233464]
[20210805,2779,2775,2815,2768,252158]
[20210804,2658,2800,2782,2653,230752]
[20210803,2732,2672,2740,2654,249674]
[20210802,2749,2716,2758,2681,296079]
[20210730,2796,2725,2820,2691,362264]
[20210729,2779,2792,2802,2751,210040]
[20210728,2694,2774,2784,2689,220921]
[20210727,2716,2706,2741,2676,206511]
[20210726,2609,2708,2719,2587,273719]
[20210723,2591,2603,2637,2591,247665]
[20210722,2576,2612,2591,2512,297581]
[20210721,2579,2566,2596,2546,219270]
[20210720,2490,2589,2589,2470,282229]
[20210719,2529,2495,2537,2484,251547]
[20210716,2487,2518,2551,2475,283700]
[20210715,2442,2484,2519,2402,352225]
[20210714,2399,2427,2447,2391,265838]
[20210713,2360,2402,2410,2346,330668]
[20210712,2364,2365,2390,2321,359231]
[20210709,2316,2340,2373,2313,316839]
[20210708,2468,2336,2482,2325,416627]
[20210707,2478,2460,2493,2428,290498]
[20210706,2530,2486,2566,2481,263106]
[20210705,2494,2528,2531,2451,239682]
[20210702,2426,2478,2501,2408,281713]
[20210701,2481,2430,2511,2421,263007]
[20210630,2478,2488,2507,2453,240404]
[20210629,2532,2490,2567,2475,258859]
[20210628,2666,2561,2674,2535,354665]
[20210625,2634,2657,2686,2630,262035]
[20210624,2628,2656,2671,2598,299192]
[20210623,2526,2646,2628,2511,316854]
[20210622,2463,2534,2536,2438,275071]
[20210621,2543,2441,2554,2449,328889]
[20210618,2609,2543,2657,2534,373465]
[20210617,2525,2624,2608,2501,310006]
[20210616,2566,2517,2586,2521,285960]
[20210615,2543,2563,2583,2451,277033]
[20210611,2438,2490,2567,2438,298863]
[20210610,2472,2476,2495,2428,284405]
[20210609,2421,2476,2490,2396,269020]
[20210608,2355,2409,2424,2332,294554]
[20210607,2402,2365,2437,2344,311345]
[20210604,2515,2404,2534,2372,441788]
[20210603,2440,2526,2574,2429,359921]
[20210602,2436,2434,2462,2393,291393]
[20210601,2331,2420,2439,2304,313786]
[20210531,2268,2316,2378,2268,301688]
[20210528,2285,2286,2321,2242,285975]
[20210527,2206,2287,2289,2164,307540]
[20210526,2234,2168,2293,2207,308051]
[20210525,2249,2219,2287,2226,261730]
[20210524,2233,2247,2266,2141,325991]
[20210521,2355,2251,2358,2228,346098]
[20210520,2374,2329,2393,2283,316711]
[20210519,2515,2339,2535,2403,280969]
[20210518,2487,2504,2526,2463,216467]
[20210517,2463,2480,2505,2441,262389]
[20210514,2562,2485,2579,2422,361905]
[20210513,2657,2545,2726,2519,403598]
[20210512,2664,2649,2758,2597,339880]
[20210511,2780,2626,2780,2604,335192]
[20210510,2671,2747,2829,2629,289247]
[20210507,2648,2677,2689,2636,158419]
[20210506,2530,2643,2696,2527,139740]
[20210430,2551,2594,2564,2450,293839]
[20210429,2537,2554,2571,2503,226843]
[20210428,2527,2521,2540,2497,184558]
[20210427,2540,2518,2550,2513,169156]
[20210426,2440,2523,2543,2440,234922]
[20210423,2467,2455,2483,2426,202908]
[20210422,2425,2459,2468,2407,216118]
[20210421,2447,2419,2448,2380,193160]
[20210420,2376,2438,2444,2371,174542]
[20210419,2396,2379,2427,2365,182317]
[20210416,2327,2386,2413,2320,139770]
[20210415,2360,2349,2368,2302,137269]
[20210414,2332,2352,2383,2309,138323]
[20210413,2306,2325,2337,2287,143013]
[20210412,2250,2315,2301,2215,228772]
[20210409,2305,2262,2341,2263,191396]
[20210408,2290,2313,2302,2258,154209]
[20210407,2262,2276,2309,2230,213611]
[20210406,2281,2272,2336,2258,131438]
[20210402,2243,2330,2291,2240,194334]
[20210401,2233,2280,2244,2201,167895]
[20210331,2176,2220,2239,2133,268371]
[20210330,2197,2178,2217,2152,220449]
[20210329,2121,2203,2233,2111,275929]
[20210326,2070,2125,2117,2058,191625]
[20210325,2051,2080,2097,2030,226806]
[20210324,2057,2049,2075,2006,237065]
[20210323,2039,2050,2067,2018,189240]
[20210322,2148,2056,2154,2033,269659]
[20210319,2218,2135,2247,2134,261844]
[20210318,2219,2229,2260,2207,231438]
[20210317,2159,2212,2221,2149,204389]
[20210316,2127,2172,2186,2117,211679]
[20210315,2151,2126,2178,2109,230104]
[20210312,2223,2166,2249,2132,239511]
[20210311,2223,2241,2270,2183,225903]
[20210310,2172,2219,2224,2163,207085]
[20210309,2233,2173,2253,2166,230779]
[20210308,2240,2248,2279,2205,243595]
[20210305,2343,2249,2347,2225,252943]
[20210304,2401,2289,2407,2339,229181]
[20210303,2448,2381,2454,2395,233255]
[20210302,2369,2431,2451,2327,270959]
[20210301,2406,2375,2468,2347,276571]
[20210226,2503,2409,2506,2397,237357]
[20210225,2465,2498,2550,2453,252725]
[20210224,2457,2463,2470,2420,194595]
[20210223,2502,2440,2512,2455,193185]
[20210222,2593,2494,2614,2483,251380]
[20210219,2641,2575,2658,2562,180862]
[20210218,2555,2642,2653,2541,150333]
[20210210,2509,2555,2518,2464,152225]
[20210209,2491,2509,2538,2473,149064]
[20210208,2440,2494,2509,2435,193478]
[20210205,2443,2446,2470,2417,219338]
[20210204,2392,2436,2445,2372,263421]
[20210203,2371,2391,2423,2354,230671]
[20210202,2438,2367,2449,2361,220667]
[20210201,2448,2423,2488,2431,200259]
[20210129,2481,2466,2491,2421,254237]
[20210128,2535,2473,2539,2475,264249]
[20210127,2510,2532,2560,2500,209688]
[20210126,2582,2511,2618,2503,261455]
[20210125,2639,2594,2646,2576,279114]
[20210122,2685,2633,2697,2627,236976]
[20210121,2599,2692,2684,2585,300690]
[20210120,2558,2594,2601,2544,252173]
[20210119,2656,2545,2661,2548,315489]
[20210118,2631,2645,2700,2629,213435]
[20210115,2653,2669,2737,2652,310564]
[20210114,2599,2687,2639,2588,196452]
[20210113,2654,2599,2690,2567,325742]
[20210112,2725,2665,2725,2607,382965]
[20210111,2795,2712,2806,2697,359525]
[20210108,2867,2799,2869,2790,320188]
[20210107,2850,2841,2873,2820,247600]
[20210106,2864,2863,2903,2811,370199]
[20210105,2801,2878,2866,2800,230218]
[20210104,2711,2825,2811,2701,189588]
[20201231,2699,2747,2718,2649,311315]
[20201230,2670,2711,2716,2624,352123]
[20201229,2716,2658,2742,2650,326562]
[20201228,2730,2701,2760,2694,333484]
[20201225,2639,2748,2729,2618,327811]
[20201224,2591,2644,2652,2590,302224]
[20201223,2610,2615,2622,2520,386089]
[20201222,2697,2600,2731,2553,467143]
[20201221,2545,2637,2719,2545,356583]
[20201218,2486,2558,2547,2481,197191]
[20201217,2441,2505,2475,2431,152850]
[20201216,2429,2457,2451,2398,190461]
[20201215,2367,2443,2433,2356,171873]
[20201214,2405,2363,2433,2349,179292]
[20201211,2412,2415,2505,2365,295626]
[20201210,2376,2437,2433,2376,111263]
[20201209,2338,2395,2414,2325,114667]
[20201208,2376,2342,2386,2332,105406]
[20201207,2357,2379,2398,2330,156717]
[20201204,2335,2358,2370,2282,176865]
[20201203,2364,2340,2380,2321,150990]
[20201202,2329,2368,2372,2323,143180]
[20201201,2277,2334,2338,2261,179819]
[20201130,2249,2272,2301,2241,175114]
[20201127,2244,2259,2277,2227,187964]
[20201126,2213,2245,2253,2211,131631]
[20201125,2226,2221,2249,2200,179422]
[20201124,2227,2223,2233,2201,125750]
[20201123,2282,2224,2295,2214,236728]
[20201120,2224,2285,2284,2205,245267]
[20201119,2226,2220,2239,2213,135593]
[20201118,2224,2223,2237,2198,205766]
[20201117,2225,2219,2249,2214,171335]
[20201116,2226,2231,2266,2204,284004]
[20201113,2194,2247,2226,2175,255567]
[20201112,2226,2197,2230,2177,269941]
[20201111,2233,2201,2245,2213,187940]
[20201110,2295,2235,2300,2208,294788]
[20201109,2226,2268,2288,2211,249979]
[20201106,2164,2230,2226,2156,257346]
[20201105,2154,2166,2176,2128,223998]
[20201104,2085,2155,2197,2082,364873]
[20201103,2077,2092,2083,2058,135563]
[20201102,2019,2073,2077,2015,197689]
[20201030,1984,2028,2027,1975,206186]
[20201029,1994,1980,2003,1975,141273]
[20201028,1999,1983,2008,1978,184472]
[20201027,1973,1995,2001,1965,174268]
[20201026,1949,1971,1981,1942,189256]
[20201023,1966,1944,1984,1943,229147]
[20201022,1968,1962,1978,1954,157184]
[20201021,1934,1967,1973,1934,174376]
[20201020,1929,1938,1944,1919,155367]
[20201019,1939,1921,1966,1912,252092]
[20201016,1914,1941,1943,1900,176987]
[20201015,1932,1909,1933,1899,176155]
[20201014,1926,1922,1935,1912,142766]
[20201013,1913,1931,1957,1903,236642]
[20201012,1918,1905,1925,1892,125179]
[20201009,1866,1908,1916,1855,112949]
[20200930,1803,1867,1829,1793,161177]
[20200929,1753,1793,1804,1750,184508]
[20200928,1756,1757,1778,1741,168734]
[20200925,1773,1756,1775,1749,156789]
[20200924,1778,1769,1785,1739,195854]
[20200923,1812,1775,1824,1755,203981]
[20200922,1793,1817,1823,1749,237381]
[20200921,1829,1799,1829,1788,168252]
[20200918,1793,1822,1834,1785,169440]
[20200917,1785,1788,1802,1769,175060]
[20200916,1819,1782,1823,1777,209452]
[20200915,1833,1816,1860,1812,189698]
[20200914,1821,1833,1838,1813,115685]
[20200911,1808,1815,1823,1796,133536]
[20200910,1829,1807,1843,1797,172950]
[20200909,1829,1840,1862,1821,193227]
[20200908,1860,1827,1870,1831,148120]
[20200907,1869,1864,1884,1847,156621]
[20200904,1872,1873,1878,1840,161291]
[20200903,1851,1870,1885,1843,154747]
[20200902,1834,1847,1857,1823,130018]
[20200901,1808,1827,1831,1805,129798]
[20200831,1785,1810,1814,1775,135912]
[20200828,1760,1779,1787,1732,185160]
[20200827,1769,1748,1775,1756,101299]
[20200826,1767,1768,1774,1759,83761]
[20200825,1783,1770,1791,1758,125433]
[20200824,1776,1782,1791,1769,73063]
[20200821,1799,1778,1811,1774,132624]
[20200820,1847,1803,1852,1795,128664]
[20200819,1843,1845,1859,1834,66820]
[20200818,1827,1852,1857,1826,56605]
[20200817,1836,1845,1878,1827,123318]
[20200814,1837,1843,1849,1826,68463]
[20200813,1854,1833,1854,1822,73297]
[20200812,1849,1842,1858,1817,117731]
[20200811,1889,1849,1898,1844,124410]
[20200810,1908,1891,1915,1880,95759]
[20200807,1879,1912,1933,1879,144069]
[20200806,1879,1882,1892,1868,98246]
[20200805,1860,1886,1890,1852,119903]
[20200804,1874,1867,1875,1854,78456]
[20200803,1833,1869,1871,1823,120806]
[20200731,1801,1828,1836,1787,162707]
[20200730,1822,1808,1828,1792,121452]
[20200729,1814,1822,1828,1810,90164]
[20200728,1814,1819,1826,1801,97999]
[20200727,1825,1814,1841,1802,123217]
[20200724,1852,1834,1863,1796,206853]
[20200723,1800,1849,1860,1800,190549]
[20200722,1808,1810,1833,1795,120035]
[20200721,1787,1816,1813,1779,109857]
[20200720,1789,1790,1808,1778,132114]
[20200717,1752,1791,1790,1741,176042]
[20200716,1746,1746,1763,1722,157283]
[20200715,1747,1733,1761,1740,90492]
[20200714,1765,1758,1773,1737,130531]
[20200713,1729,1769,1778,1729,168082]
[20200710,1754,1738,1756,1719,129616]
[20200709,1758,1745,1769,1750,103713]
[20200708,1730,1760,1763,1723,151618]
[20200707,1722,1728,1735,1716,116012]
[20200706,1725,1726,1732,1696,185266]
[20200703,1719,1722,1733,1709,87394]
[20200702,1727,1728,1734,1717,108344]
[20200701,1736,1724,1740,1712,151275]
[20200630,1739,1737,1747,1728,124754]
[20200629,1796,1740,1796,1734,146683]
[20200624,1796,1770,1802,1791,93826]
[20200623,1799,1796,1804,1790,95106]
[20200622,1820,1794,1827,1782,203156]
[20200619,1796,1819,1818,1792,147056]
[20200618,1780,1795,1809,1775,196804]
[20200617,1792,1784,1805,1773,164799]
[20200616,1777,1794,1800,1777,141347]
[20200615,1819,1787,1821,1772,191608]
[20200612,1798,1808,1815,1763,244236]
[20200611,1814,1795,1820,1792,181001]
[20200610,1799,1808,1819,1789,201981]
[20200609,1800,1796,1804,1770,226551]
[20200608,1796,1787,1831,1786,225653]
[20200605,1805,1804,1821,1789,195392]
[20200604,1792,1807,1836,1788,278072]
[20200603,1776,1791,1798,1769,179847]
[20200602,1745,1779,1790,1742,215635]
[20200601,1727,1746,1764,1721,229412]
[20200529,1850,1729,1882,1850,159012]
[20200528,1864,1855,1872,1847,161963]
[20200527,1870,1865,1874,1846,175892]
[20200526,1872,1857,1892,1857,226977]
[20200525,1835,1864,1878,1822,234813]
[20200522,1853,1828,1859,1796,201461]
[20200521,1815,1858,1864,1812,159788]
[20200520,1837,1818,1837,1810,109293]
[20200519,1826,1827,1842,1818,119237]
[20200518,1776,1825,1844,1768,160489]
[20200515,1774,1777,1794,1762,142792]
[20200514,1729,1768,1780,1722,196775]
[20200513,1745,1731,1750,1713,138017]
[20200512,1721,1745,1745,1721,117989]
[20200511,1747,1727,1752,1723,131554]
[20200508,1749,1738,1762,1743,110751]
[20200507,1710,1751,1748,1709,137822]
[20200506,1714,1711,1727,1700,82131]
[20200430,1666,1713,1696,1661,116284]
[20200429,1648,1673,1663,1642,98891]
[20200428,1698,1649,1698,1636,177541]
[20200427,1713,1666,1715,1697,95150]
[20200424,1683,1706,1717,1678,154177]
[20200423,1696,1687,1719,1680,142456]
[20200422,1660,1709,1697,1655,121636]
[20200421,1698,1666,1701,1651,130332]
[20200420,1720,1682,1726,1706,76743]
[20200417,1717,1715,1738,1703,126905]
[20200416,1700,1725,1718,1693,116596]
[20200415,1727,1706,1747,1698,152318]
[20200414,1732,1716,1746,1722,97927]
[20200413,1730,1740,1749,1717,120449]
[20200410,1690,1724,1730,1690,124065]
[20200409,1688,1704,1703,1674,116092]
[20200408,1639,1685,1689,1632,143504]
[20200407,1630,1644,1656,1626,97774]
[20200403,1673,1648,1673,1596,154302]
[20200402,1591,1638,1673,1568,204473]
[20200401,1658,1577,1658,1582,133862]
[20200331,1698,1625,1699,1652,79312]
[20200330,1713,1695,1725,1687,60335]
[20200327,1724,1711,1743,1711,57657]
[20200326,1736,1724,1736,1718,51162]
[20200325,1734,1721,1747,1721,52478]
[20200324,1708,1736,1725,1697,81415]
[20200323,1687,1703,1718,1679,88839]
[20200320,1743,1685,1755,1702,116923]
[20200319,1758,1737,1761,1674,186666]
[20200318,1770,1733,1799,1755,116931]
[20200317,1767,1781,1784,1763,67440]
[20200316,1794,1765,1798,1766,86180]
[20200313,1744,1791,1807,1734,149392]
[20200312,1748,1748,1762,1737,90177]
[20200311,1749,1757,1759,1747,62416]
[20200310,1737,1749,1767,1724,112958]
[20200309,1697,1733,1744,1688,120820]
[20200306,1753,1716,1766,1726,121677]
[20200305,1764,1755,1771,1752,59512]
[20200304,1750,1764,1768,1743,73140]
[20200303,1773,1747,1781,1751,67940]
[20200302,1720,1770,1787,1718,118594]
[20200228,1715,1736,1747,1697,119779]
[20200227,1770,1719,1774,1733,92126]
[20200226,1792,1755,1795,1770,82808]
[20200225,1772,1789,1796,1767,69365]
[20200224,1790,1772,1810,1766,86643]
[20200221,1801,1781,1803,1788,69726]
[20200220,1772,1797,1804,1770,119633]
[20200219,1776,1779,1786,1762,77004]
[20200218,1796,1773,1799,1769,94385]
[20200217,1798,1785,1811,1785,76277]
[20200214,1807,1788,1813,1794,60777]
[20200213,1812,1808,1819,1795,71592]
[20200212,1783,1817,1819,1783,97397]
[20200211,1728,1789,1805,1723,123727]
[20200210,1715,1745,1740,1706,72336]
[20200207,1722,1716,1729,1712,42051]
[20200206,1705,1713,1727,1698,80081]
[20200205,1706,1710,1718,1697,74586]
[20200204,1665,1713,1714,1665,81003]
[20200203,1681,1698,1728,1664,103945]
[20200123,1785,1704,1789,1752,69897]
[20200122,1787,1787,1796,1742,138894]
[20200121,1802,1780,1806,1778,84357]
[20200120,1800,1803,1815,1796,62824]
[20200117,1781,1797,1808,1781,103086]
[20200116,1780,1783,1796,1775,90111]
[20200115,1788,1782,1793,1776,75028]
[20200114,1774,1785,1795,1774,67742]
[20200113,1806,1778,1810,1771,123223]
[20200110,1799,1804,1815,1799,60704]
[20200109,1834,1810,1837,1800,115774]
[20200108,1821,1833,1850,1814,136819]
[20200107,1811,1817,1818,1803,83970]
[20200106,1791,1807,1810,1788,113522]
[20200103,1789,1792,1803,1789,73605]
[20200102,1819,1793,1833,1785,105145]
[20191231,1788,1819,1813,1769,278538]
[20191230,1780,1788,1794,1778,171710]
[20191227,1781,1784,1800,1773,311436]
[20191226,1775,1777,1784,1761,238876]
[20191225,1777,1766,1781,1770,183074]
[20191224,1788,1776,1788,1759,379084]
[20191223,1798,1782,1811,1783,335632]
[20191220,1816,1794,1816,1790,309288]
[20191219,1787,1807,1816,1780,366654]
[20191218,1791,1782,1794,1776,254806]
[20191217,1753,1783,1790,1746,361306]
[20191216,1778,1755,1801,1743,460382]
[20191213,1772,1772,1784,1761,228652]
[20191212,1791,1763,1813,1759,379294]
[20191211,1781,1793,1795,1779,150968]
[20191210,1785,1784,1799,1771,160948]
[20191209,1738,1790,1805,1723,314876]
[20191206,1734,1734,1747,1728,171872]
[20191205,1744,1741,1764,1728,269472]
[20191204,1725,1740,1756,1713,302860]
[20191203,1722,1721,1735,1714,205744]
[20191202,1714,1724,1726,1684,311470]
[20191129,1729,1701,1739,1705,279784]
[20191128,1743,1735,1743,1710,276632]
[20191127,1727,1729,1743,1714,296914]
[20191126,1767,1726,1767,1707,382972]
[20191125,1690,1756,1775,1677,512628]
[20191122,1676,1685,1689,1669,303044]
[20191121,1686,1676,1687,1664,296596]
[20191120,1684,1678,1696,1672,349432]
[20191119,1634,1678,1685,1629,447862]
[20191118,1634,1644,1665,1620,406218]
[20191115,1626,1644,1641,1626,239310]
[20191114,1590,1635,1631,1586,396676]
[20191113,1598,1587,1600,1581,249670]
[20191112,1577,1595,1606,1573,370084]
[20191111,1621,1574,1626,1565,526224]
[20191108,1626,1624,1632,1617,258086]
[20191107,1624,1620,1639,1616,296422]
[20191106,1639,1631,1650,1623,322660]
[20191105,1610,1637,1646,1605,381296]
[20191104,1618,1611,1620,1600,321310]
[20191101,1608,1615,1631,1597,383490]
[20191031,1620,1611,1626,1608,310318]
[20191030,1632,1622,1634,1593,489804]
[20191029,1622,1628,1638,1618,253632]
[20191028,1665,1626,1671,1613,459774]
[20191025,1652,1665,1669,1637,336500]
[20191024,1646,1651,1656,1634,344068]
[20191023,1625,1651,1650,1622,379212]
[20191022,1617,1624,1628,1609,289818]
[20191021,1652,1619,1654,1608,408696]
[20191018,1658,1646,1665,1621,503072]
[20191017,1646,1657,1665,1646,297914]
[20191016,1680,1647,1689,1632,498382]
[20191015,1676,1672,1684,1643,476078]
[20191014,1725,1659,1750,1676,482052]
[20191011,1727,1732,1735,1708,311498]
[20191010,1713,1723,1732,1705,293390]
[20191009,1744,1714,1755,1708,376090]
[20191008,1750,1748,1757,1706,170734]
[20190930,1741,1732,1778,1730,341236]
[20190927,1751,1737,1756,1724,316518]
[20190926,1758,1748,1782,1732,451758]
[20190925,1759,1764,1769,1741,321096]
[20190924,1838,1752,1848,1750,546802]
[20190923,1801,1843,1848,1796,385038]
[20190920,1824,1805,1824,1791,406272]
[20190919,1838,1815,1855,1812,434940]
[20190918,1832,1831,1856,1824,296958]
[20190917,1851,1832,1858,1821,297902]
[20190916,1876,1852,1879,1840,207082]
[20190912,1834,1852,1866,1821,296826]
[20190911,1820,1831,1836,1812,287372]
[20190910,1823,1813,1828,1808,241618]
[20190909,1792,1819,1826,1781,390338]
[20190906,1782,1789,1799,1776,279868]
[20190905,1787,1781,1813,1776,377342]
[20190904,1753,1784,1784,1745,323996]
[20190903,1778,1751,1782,1743,294060]
[20190902,1754,1774,1786,1750,323626]
[20190830,1722,1753,1769,1719,347208]
[20190829,1752,1736,1754,1723,295224]
[20190828,1741,1753,1759,1700,402140]
[20190827,1755,1719,1760,1733,315728]
[20190826,1797,1757,1812,1744,378284]
[20190823,1815,1806,1820,1797,287866]
[20190822,1822,1814,1822,1799,293414]
[20190821,1843,1815,1843,1789,381200]
[20190820,1838,1825,1851,1831,246706]
[20190819,1836,1840,1856,1826,273360]
[20190816,1838,1841,1853,1831,249640]
[20190815,1824,1848,1849,1819,367294]
[20190814,1848,1834,1880,1818,505160]
[20190813,1866,1829,1879,1839,360826]
[20190812,1795,1870,1870,1786,426706]
[20190809,1875,1793,1878,1778,480264]
[20190808,1875,1871,1903,1858,344210]
[20190807,1852,1870,1888,1850,276086]
[20190806,1857,1858,1890,1855,189538]
[20190805,1870,1866,1883,1849,223226]
[20190802,1920,1873,1922,1826,388818]
[20190801,1957,1902,1961,1922,195156]
[20190731,1959,1953,1975,1951,181514]
[20190730,1979,1957,1990,1961,224994]
[20190729,1992,1983,2000,1980,187038]
[20190726,1980,1988,2007,1968,259684]
[20190725,1943,1978,1963,1934,209740]
[20190724,1963,1938,1966,1914,348462]
[20190723,1955,1965,1979,1950,202636]
[20190722,1995,1951,1996,1954,268610]
[20190719,2003,1987,2003,1937,288806]
[20190718,2018,1979,2018,1997,270836]
[20190717,1993,2011,2025,1980,388976]
[20190716,1978,1994,2003,1971,286768]
[20190715,1931,1989,1984,1928,393288]
[20190712,1915,1935,1951,1900,370270]
[20190711,1901,1913,1926,1896,324542]
[20190710,1935,1899,1942,1889,399704]
[20190709,1939,1941,1966,1933,329056]
[20190708,1951,1945,1962,1928,304992]
[20190705,1967,1961,1971,1944,387710]
[20190704,1913,1961,1972,1910,534696]
[20190703,1922,1924,1950,1909,373942]
[20190702,1936,1939,1936,1908,300486]
[20190701,1891,1911,1954,1883,504102]
[20190628,1872,1887,1900,1871,331858]
[20190627,1920,1884,1934,1874,539924]
[20190626,1907,1918,1934,1902,553762]
[20190625,1895,1905,1915,1878,428176]
[20190624,1899,1902,1936,1880,537596]
[20190621,1891,1904,1918,1872,504682]
[20190620,1881,1880,1903,1875,366576]
[20190619,1883,1883,1908,1862,593026]
[20190618,1881,1873,1888,1856,405086]
[20190617,1916,1865,1940,1878,507138]
[20190614,1972,1916,1975,1919,488468]
[20190613,1933,1961,1969,1930,468184]
[20190612,2016,1938,2016,1929,575070]
[20190611,1940,2010,2020,1939,592744]
[20190610,1959,1947,1961,1929,271958]
[20190606,1930,1946,1965,1887,667544]
[20190605,1942,1933,1942,1913,357224]
[20190604,1922,1934,1944,1907,353888]
[20190603,1951,1930,1957,1906,450238]
[20190531,2009,1946,2023,1953,556102]
[20190530,2029,2004,2054,2008,494826]
[20190529,2043,2042,2045,2008,429722]
[20190528,2059,2034,2080,2029,599770]
[20190527,2122,2068,2156,2056,686602]
[20190524,2060,2150,2131,2048,605314]
[20190523,2089,2058,2099,2046,579726]
[20190522,2077,2093,2134,2072,695658]
[20190521,1982,2096,2077,1979,598996]
[20190520,1973,1998,1986,1950,295748]
[20190517,1953,1969,1988,1948,414348]
[20190516,1952,1960,1966,1942,343006]
[20190515,1907,1958,1955,1899,377144]
[20190514,1940,1912,1944,1907,471846]
[20190513,1977,1936,1982,1941,388962]
[20190510,1969,1974,1984,1957,374060]
[20190509,1961,1963,1976,1950,400052]
[20190508,1934,1956,1965,1922,439582]
[20190507,1886,1929,1945,1883,489398]
[20190506,1853,1885,1895,1844,222338]
[20190430,1872,1870,1875,1850,241598]
[20190429,1840,1862,1870,1834,255254]
[20190426,1858,1842,1873,1828,361560]
[20190425,1872,1863,1888,1857,350566]
[20190424,1868,1868,1870,1849,278946]
[20190423,1855,1857,1876,1853,257386]
[20190422,1873,1860,1886,1850,352182]
[20190419,1834,1867,1876,1832,306846]
[20190418,1869,1841,1872,1833,324330]
[20190417,1881,1866,1886,1864,286440]
[20190416,1876,1878,1892,1857,345206]
[20190415,1863,1870,1889,1845,343890]
[20190412,1838,1856,1857,1810,487620]
[20190411,1840,1836,1846,1815,330928]
[20190410,1863,1839,1868,1835,298106]
[20190409,1894,1861,1899,1864,306226]
[20190408,1872,1897,1904,1868,189536]
[20190404,1846,1874,1861,1836,163292]
[20190403,1827,1845,1863,1822,233436]
[20190402,1840,1828,1847,1825,195208]
[20190401,1809,1832,1844,1800,304154]
[20190329,1787,1803,1819,1783,315822]
[20190328,1776,1790,1800,1773,267408]
[20190327,1795,1778,1803,1772,299600]
[20190326,1799,1796,1801,1787,221192]
[20190325,1822,1798,1822,1798,276222]
[20190322,1791,1817,1829,1788,525636]
[20190321,1792,1795,1812,1790,323488]
[20190320,1791,1798,1806,1782,316964]
[20190319,1792,1799,1809,1776,392186]
[20190318,1805,1800,1824,1791,360566]
[20190315,1834,1809,1850,1788,468990]
[20190314,1809,1829,1839,1798,402996]
[20190313,1830,1808,1841,1801,367818]
[20190312,1795,1833,1835,1795,362566]
[20190311,1823,1799,1836,1791,401312]
[20190308,1896,1834,1897,1840,448060]
[20190307,1880,1893,1907,1873,324422]
[20190306,1902,1885,1910,1876,374036]
[20190305,1919,1906,1919,1888,389442]
[20190304,1975,1904,1976,1909,446320]
[20190301,1935,1974,1977,1928,393970]
[20190228,1937,1937,1948,1915,379290]
[20190227,1951,1940,1962,1929,393802]
[20190226,1943,1945,1960,1920,418526]
[20190225,1976,1939,1991,1943,469802]
[20190222,1940,1966,1974,1935,357218]
[20190221,1929,1939,1954,1927,417422]
[20190220,1901,1938,1933,1885,510202]
[20190219,1885,1908,1904,1870,495760]
[20190218,1873,1893,1912,1864,511822]
[20190215,1905,1876,1907,1854,421272]
[20190214,1882,1902,1911,1872,402544]
[20190213,1914,1878,1932,1853,473464]
[20190212,1905,1923,1929,1901,347720]
[20190211,1974,1914,1977,1905,309292]
[20190201,1882,1938,1930,1875,469438]
[20190131,1842,1885,1890,1834,499634]
[20190130,1850,1842,1887,1839,568012]
[20190129,1858,1846,1865,1837,416354]
[20190128,1865,1864,1908,1857,492892]
[20190125,1852,1862,1889,1852,496686]
[20190124,1865,1858,1876,1846,413292]
[20190123,1841,1870,1869,1841,392012]
[20190122,1846,1848,1886,1835,574576]
[20190121,1883,1855,1896,1844,585406]
[20190118,1850,1881,1891,1844,511426]
[20190117,1850,1850,1863,1843,340878]
[20190116,1840,1854,1860,1829,474856]
[20190115,1838,1838,1849,1819,469254]
[20190114,1806,1834,1841,1793,526920]
[20190111,1763,1799,1808,1761,584684]
[20190110,1773,1769,1785,1755,517958]
[20190109,1776,1781,1803,1772,524878]
[20190108,1795,1776,1795,1767,433150]
[20190107,1773,1789,1801,1758,547496]
[20190104,1767,1764,1784,1747,607294]
[20190103,1701,1767,1772,1687,654902]
[20190102,1725,1710,1741,1704,288424]
[20181228,1722,1733,1736,1702,435446]
[20181227,1727,1712,1777,1715,699612]
[20181226,1714,1721,1738,1713,472894]
[20181225,1802,1722,1802,1701,800106]
[20181224,1821,1795,1823,1790,525458]
[20181221,1811,1816,1831,1793,659020]
[20181220,1803,1813,1823,1777,779348]
[20181219,1807,1808,1816,1787,620900]
[20181218,1846,1810,1853,1794,693408]
[20181217,1839,1846,1869,1828,644928]
[20181214,1839,1831,1865,1820,646386]
[20181213,1795,1840,1862,1792,813894]
[20181212,1797,1808,1833,1787,741536]
[20181211,1808,1807,1808,1760,645178]
[20181210,1872,1795,1883,1793,776438]
[20181207,1755,1865,1890,1746,961030]
[20181206,1822,1755,1828,1757,524520]
[20181205,1796,1811,1818,1775,378052]
[20181204,1733,1786,1798,1720,479904]
[20181203,1650,1730,1759,1642,614192]
[20181130,1648,1644,1657,1633,436620]
[20181129,1636,1646,1672,1620,591336]
[20181128,1611,1643,1662,1608,658778]
[20181127,1632,1623,1677,1600,750692]
[20181126,1681,1640,1688,1610,809120]
[20181123,1758,1671,1758,1693,686262]
[20181122,1774,1749,1777,1745,475970]
[20181121,1774,1761,1778,1705,734310]
[20181120,1828,1752,1832,1778,560370]
[20181119,1867,1822,1875,1829,595170]
[20181116,1848,1857,1884,1841,634172]
[20181115,1823,1849,1846,1805,562256]
[20181114,1782,1817,1827,1777,593318]
[20181113,1782,1789,1799,1777,551970]
[20181112,1817,1780,1817,1765,779024]
[20181109,1834,1811,1853,1818,563814]
[20181108,1858,1829,1866,1792,884912]
[20181107,1860,1857,1863,1830,633134]
[20181106,1865,1849,1887,1853,680830]
[20181105,1829,1866,1865,1818,629674]
[20181102,1811,1827,1830,1775,717412]
[20181101,1851,1806,1865,1813,708764]
[20181031,1864,1842,1866,1830,654230]
[20181030,1840,1850,1877,1837,530710]
[20181029,1881,1844,1892,1829,687594]
[20181026,1906,1885,1920,1878,552106]
[20181025,1890,1905,1911,1866,696240]
[20181024,1845,1896,1888,1830,648366]
[20181023,1834,1845,1859,1811,707978]
[20181022,1823,1841,1873,1818,741328]
[20181019,1861,1827,1884,1817,754514]
[20181018,1943,1865,1947,1852,842860]
[20181017,1899,1935,1951,1876,660198]
[20181016,1921,1889,1935,1882,606568]
[20181015,1965,1923,1978,1916,641024]
[20181012,1903,1968,1965,1891,637734]
[20181011,1906,1891,1916,1874,690410]
[20181010,1867,1905,1927,1867,721342]
[20181009,1805,1882,1866,1794,628924]
[20181008,1767,1818,1812,1751,347882]
[20180928,1743,1762,1765,1704,580554]
[20180927,1770,1734,1780,1739,412310]
[20180926,1791,1768,1803,1761,526670]
[20180925,1844,1791,1845,1786,393094]
[20180921,1791,1831,1851,1791,600936]
[20180920,1793,1796,1816,1780,532030]
[20180919,1782,1799,1818,1782,572810]
[20180918,1765,1793,1782,1736,577908]
[20180917,1752,1770,1787,1740,573632]
[20180914,1753,1748,1758,1729,433324]
[20180913,1736,1747,1759,1726,530960]
[20180912,1767,1742,1781,1720,630164]
[20180911,1866,1767,1866,1760,728968]
[20180910,1824,1837,1881,1813,637640]
[20180907,1867,1829,1892,1818,752438]
[20180906,1852,1867,1876,1841,622114]
[20180905,1843,1849,1885,1826,737456]
[20180904,1832,1844,1850,1806,523862]
[20180903,1882,1830,1899,1812,624386]
[20180831,1898,1891,1911,1862,621838]
[20180830,1992,1886,1997,1878,871570]
[20180829,2007,1974,2025,1981,592368]
[20180828,1956,2008,2009,1938,574768]
[20180827,1971,1960,1985,1927,565814]
[20180824,1943,1966,1975,1918,642272]
[20180823,2014,1948,2014,1928,759696]
[20180822,1989,1997,2053,1984,581870]
[20180821,2068,1990,2074,1960,625186]
[20180820,2081,2054,2081,2039,510640]
[20180817,1991,2073,2107,1986,706462]
[20180816,1940,1996,1989,1911,703608]
[20180815,1913,1958,1934,1904,350322]
[20180814,1924,1910,1948,1896,395394]
[20180813,1873,1927,1924,1861,412180]
[20180810,1898,1870,1941,1875,506090]
[20180809,1882,1903,1904,1869,306238]
[20180808,1905,1890,1926,1868,372538]
[20180807,1943,1902,1975,1885,530448]
[20180806,1892,1946,1951,1871,435412]
[20180803,1830,1884,1894,1828,426826]
[20180802,1789,1843,1833,1768,447152]
[20180801,1770,1789,1813,1765,448426]
[20180731,1770,1776,1784,1755,274228]
[20180730,1724,1772,1782,1715,386244]
[20180727,1664,1720,1732,1662,347270]
[20180726,1668,1669,1674,1652,229140]
[20180725,1653,1660,1678,1652,284934]
[20180724,1648,1656,1651,1630,243740]
[20180723,1602,1648,1644,1600,363536]
[20180720,1571,1610,1607,1567,269450]
[20180719,1558,1579,1603,1555,395840]
[20180718,1567,1565,1575,1555,267940]
[20180717,1557,1559,1576,1538,407980]
[20180716,1577,1561,1581,1548,372284]
[20180713,1611,1579,1614,1578,347076]
[20180712,1580,1613,1627,1580,423152]
[20180711,1577,1585,1592,1560,396658]
[20180710,1582,1577,1594,1571,339704]
[20180709,1563,1583,1586,1552,356288]
[20180706,1567,1553,1591,1536,515252]
[20180705,1590,1573,1595,1551,483886]
[20180704,1592,1581,1609,1572,443656]
[20180703,1577,1594,1593,1567,332760]
[20180702,1637,1584,1648,1571,514800]
[20180629,1605,1646,1655,1597,439240]
[20180628,1581,1609,1626,1579,452842]
[20180627,1583,1589,1603,1566,352522]
[20180626,1620,1581,1620,1574,404810]
[20180625,1648,1604,1667,1617,466990]
[20180622,1662,1655,1675,1632,517872]
[20180621,1652,1648,1691,1651,442612]
[20180620,1625,1655,1658,1619,341596]
[20180619,1686,1627,1707,1612,430382]
[20180615,1703,1703,1718,1672,453492]
[20180614,1662,1713,1710,1657,440650]
[20180613,1672,1664,1680,1653,320636]
[20180612,1614,1676,1671,1606,447724]
[20180611,1614,1614,1629,1586,411686]
[20180608,1621,1616,1633,1605,405184]
[20180607,1576,1615,1632,1573,532508]
[20180606,1593,1576,1601,1566,441882]
[20180605,1575,1587,1596,1551,407954]
[20180604,1621,1572,1641,1578,477528]
[20180601,1624,1623,1652,1614,402206]
[20180531,1596,1636,1634,1586,369210]
[20180530,1605,1596,1618,1577,432670]
[20180529,1554,1613,1613,1546,511760]
[20180528,1541,1554,1576,1513,485806]
[20180525,1555,1536,1584,1535,418110]
[20180524,1527,1559,1556,1524,321244]
[20180523,1578,1541,1579,1520,487190]
[20180522,1611,1567,1617,1573,417328]
[20180521,1625,1600,1642,1588,440836]
[20180518,1649,1588,1661,1615,425522]
[20180517,1650,1658,1655,1623,368752]
[20180516,1635,1644,1675,1621,457946]
[20180515,1623,1632,1660,1607,502776]
[20180514,1614,1629,1633,1606,325340]
[20180511,1563,1615,1619,1561,434598]
[20180510,1546,1571,1570,1542,335932]
[20180509,1578,1550,1578,1538,374982]
[20180508,1582,1570,1591,1570,286820]
[20180507,1551,1582,1588,1534,464426]
[20180504,1547,1549,1559,1532,336804]
[20180503,1550,1538,1565,1535,357220]
[20180502,1507,1548,1554,1500,331732]
[20180427,1492,1509,1505,1467,435408]
[20180426,1504,1497,1513,1477,419924]
[20180425,1513,1499,1515,1485,414526]
[20180424,1496,1511,1525,1490,426572]
[20180423,1437,1514,1512,1423,562392]
[20180420,1471,1437,1471,1431,383692]
[20180419,1453,1461,1478,1441,450404]
[20180418,1400,1465,1454,1400,492162]
[20180417,1364,1421,1401,1350,455132]
[20180416,1372,1366,1393,1358,481664]
[20180413,1349,1378,1382,1334,421636]
[20180412,1361,1347,1367,1334,400052]
[20180411,1396,1346,1422,1358,456342]
[20180410,1379,1407,1416,1368,289130]
[20180409,1397,1380,1408,1352,178456]
[20180404,1383,1378,1419,1376,311804]
[20180403,1372,1378,1402,1364,325776]
[20180402,1350,1370,1425,1348,521130]
[20180330,1313,1356,1354,1304,381602]
[20180329,1313,1321,1321,1284,375524]
[20180328,1362,1301,1367,1306,442894]
[20180327,1361,1365,1383,1355,300184]
[20180326,1368,1367,1390,1349,310406]
[20180323,1454,1366,1456,1343,575954]
[20180322,1442,1447,1467,1439,317942]
[20180321,1435,1445,1466,1435,330380]
[20180320,1442,1442,1459,1407,349748]
[20180319,1475,1451,1479,1424,461546]
[20180316,1476,1474,1486,1462,290392]
[20180315,1491,1475,1498,1459,366824]
[20180314,1472,1491,1505,1451,410462]
[20180313,1480,1469,1492,1469,306834]
[20180312,1516,1472,1538,1478,421296]
[20180309,1558,1509,1573,1501,414836]
[20180308,1587,1565,1598,1554,317386]
[20180307,1626,1584,1636,1584,305502]
[20180306,1606,1627,1633,1594,265520]
[20180305,1659,1597,1666,1605,344066]
[20180302,1667,1662,1667,1636,271394]
[20180301,1661,1659,1677,1649,255344]
[20180228,1678,1651,1680,1647,264580]
[20180227,1683,1674,1690,1670,211028]
[20180226,1642,1683,1694,1636,285582]
[20180223,1606,1643,1644,1598,269300]
[20180222,1591,1607,1618,1571,154644]
[20180214,1562,1609,1591,1560,154782]
[20180213,1561,1563,1570,1549,133976]
[20180212,1562,1564,1575,1539,247118]
[20180209,1590,1558,1603,1543,375670]
[20180208,1597,1586,1598,1578,255204]
[20180207,1568,1590,1603,1553,326444]
[20180206,1571,1559,1583,1550,364498]
[20180205,1513,1561,1571,1510,405620]
[20180202,1487,1515,1516,1482,296064]
[20180201,1486,1486,1503,1474,262810]
[20180131,1493,1478,1497,1466,279768]
[20180130,1502,1492,1514,1480,247658]
[20180129,1513,1511,1527,1495,264062]
[20180126,1523,1512,1528,1502,250796]
[20180125,1479,1520,1537,1477,361628]
[20180124,1474,1483,1486,1461,226230]
[20180123,1478,1471,1487,1454,295902]
[20180122,1472,1473,1507,1468,371576]
[20180119,1457,1471,1477,1437,310684]
[20180118,1447,1459,1464,1445,230466]
[20180117,1452,1451,1455,1428,335098]
[20180116,1468,1444,1478,1440,323324]
[20180115,1485,1464,1493,1453,296240]
[20180112,1502,1491,1503,1481,278052]
[20180111,1502,1498,1508,1486,301872]
[20180110,1532,1504,1533,1488,414594]
[20180109,1546,1531,1549,1525,243724]
[20180108,1519,1545,1546,1509,366428]
[20180105,1545,1523,1550,1508,416998]
[20180104,1491,1546,1553,1479,574028]
[20180103,1495,1485,1518,1485,389980]
[20180102,1459,1489,1505,1457,284826]
[20171229,1463,1468,1493,1445,538216]
[20171228,1461,1454,1478,1452,332872]
[20171227,1497,1462,1508,1454,503308]
[20171226,1485,1504,1508,1475,398864]
[20171225,1577,1487,1587,1484,595838]
[20171222,1535,1573,1572,1525,470842]
[20171221,1545,1541,1590,1515,585260]
[20171220,1568,1565,1570,1526,450062]
[20171219,1598,1560,1602,1546,492828]
[20171218,1525,1592,1616,1525,745344]
[20171215,1479,1534,1522,1473,429238]
[20171214,1531,1484,1538,1469,540594]
[20171213,1560,1526,1572,1518,582002]
[20171212,1559,1566,1586,1541,552128]
[20171211,1524,1551,1589,1513,677588]
[20171208,1479,1533,1538,1441,672744]
[20171207,1620,1456,1625,1485,648034]
[20171206,1614,1607,1630,1591,427066]
[20171205,1619,1618,1661,1606,485734]
[20171204,1627,1617,1670,1607,462826]
[20171201,1596,1620,1624,1588,286730]
[20171130,1544,1591,1609,1529,405100]
[20171129,1550,1538,1555,1519,269284]
[20171128,1558,1538,1566,1514,308948]
[20171127,1568,1554,1580,1544,265448]
[20171124,1523,1558,1567,1518,376266]
[20171123,1540,1522,1571,1512,408348]
[20171122,1485,1543,1542,1480,368864]
[20171121,1474,1496,1493,1457,355162]
[20171120,1421,1486,1480,1409,396732]
[20171117,1402,1423,1436,1397,378988]
[20171116,1394,1406,1416,1387,365970]
[20171115,1423,1390,1441,1354,562902]
[20171114,1386,1435,1430,1384,386622]
[20171113,1413,1389,1418,1363,457698]
[20171110,1407,1411,1432,1385,461540]
[20171109,1450,1421,1503,1411,640254]
[20171108,1411,1448,1450,1402,343494]
[20171107,1393,1409,1426,1393,371250]
[20171106,1335,1411,1392,1331,380516]
[20171103,1350,1340,1351,1327,300046]
[20171102,1300,1343,1358,1300,389398]
[20171101,1293,1312,1330,1292,344662]
[20171031,1299,1298,1313,1281,329366]
[20171030,1334,1291,1353,1298,414992]
[20171027,1342,1327,1364,1317,423900]
[20171026,1332,1330,1349,1325,348406]
[20171025,1301,1335,1340,1293,486004]
[20171024,1302,1306,1335,1288,483896]
[20171023,1364,1299,1375,1289,635214]
[20171020,1305,1367,1373,1300,531844]
[20171019,1373,1304,1375,1301,523730]
[20171018,1400,1344,1421,1373,471058]
[20171017,1466,1403,1466,1394,677376]
[20171016,1460,1450,1534,1441,704352]
[20171013,1400,1475,1469,1395,525660]
[20171012,1384,1407,1428,1365,529470]
[20171011,1394,1367,1433,1379,436854]
[20171010,1455,1390,1457,1394,406656]
[20171009,1505,1438,1535,1431,279180]
[20170929,1450,1522,1514,1424,470092]
[20170928,1532,1447,1545,1437,563104]
[20170927,1533,1533,1569,1526,412324]
[20170926,1561,1550,1586,1534,396404]
[20170925,1578,1578,1593,1513,564420]
[20170922,1612,1575,1620,1568,358024]
[20170921,1701,1597,1713,1612,496452]
[20170920,1682,1711,1709,1632,489188]
[20170919,1692,1669,1723,1681,318346]
[20170918,1756,1696,1764,1669,554682]
[20170915,1840,1732,1840,1756,414710]
[20170914,1880,1815,1886,1818,461072]
[20170913,1909,1885,1912,1865,321336]
[20170912,1872,1899,1910,1870,384932]
[20170911,1862,1881,1874,1781,578416]
[20170908,1841,1856,1902,1829,525946]
[20170907,1812,1838,1848,1795,398140]
[20170906,1789,1807,1834,1765,470776]
[20170905,1771,1802,1804,1747,377164]
[20170904,1809,1769,1855,1766,502948]
[20170901,1810,1810,1855,1800,420862]
[20170831,1845,1812,1845,1780,437786]
[20170830,1858,1822,1858,1805,385652]
[20170829,1915,1843,1935,1829,481114]
[20170828,1903,1925,1920,1865,422938]
[20170825,1859,1914,1923,1854,365286]
[20170824,1818,1872,1873,1805,373938]
[20170823,1825,1809,1839,1759,561124]
[20170822,1793,1810,1825,1780,301920]
[20170821,1736,1795,1812,1690,505332]
[20170818,1736,1745,1757,1723,244018]
[20170817,1647,1744,1758,1647,447648]
[20170816,1641,1666,1651,1623,286778]
[20170815,1626,1640,1647,1588,391142]
[20170814,1662,1633,1686,1620,369756]
[20170811,1667,1663,1716,1642,415880]
[20170810,1659,1678,1677,1638,215728]
[20170809,1609,1666,1663,1606,250704]
[20170808,1583,1616,1622,1580,229604]
[20170807,1551,1591,1633,1533,398542]
[20170804,1561,1547,1568,1530,242278]
[20170803,1586,1546,1597,1555,228570]
[20170802,1547,1589,1588,1540,129222]
[20170801,1560,1545,1564,1542,108856]
[20170731,1484,1553,1570,1480,247418]
[20170728,1479,1490,1487,1466,144118]
[20170727,1460,1475,1480,1452,130130]
[20170726,1467,1464,1486,1462,177192]
[20170725,1445,1467,1466,1426,181496]
[20170724,1471,1435,1491,1417,276880]
[20170721,1450,1472,1477,1430,238476]
[20170720,1472,1445,1475,1446,157448]
[20170719,1438,1461,1478,1435,173846]
[20170718,1441,1443,1451,1428,134754]
[20170717,1393,1446,1445,1392,188398]
[20170714,1415,1400,1416,1379,203466]
[20170713,1404,1412,1426,1394,174156]
[20170712,1412,1404,1424,1391,174490]
[20170711,1385,1417,1426,1379,175484]
[20170710,1368,1382,1390,1359,214354]
[20170707,1348,1365,1367,1338,158016]
[20170706,1341,1347,1353,1325,188632]
[20170705,1335,1340,1356,1329,186468]
[20170704,1354,1342,1370,1322,218158]
[20170703,1324,1354,1359,1319,186790]
[20170630,1325,1322,1331,1303,162952]
[20170629,1278,1317,1352,1278,297788]
[20170628,1271,1278,1287,1261,174176]
[20170627,1239,1268,1271,1233,197512]
[20170626,1241,1241,1242,1223,162286]
[20170623,1226,1239,1245,1217,201654]
[20170622,1220,1229,1252,1220,219676]
[20170621,1199,1231,1221,1194,213770]
[20170620,1210,1198,1224,1197,193582]
[20170619,1165,1217,1226,1160,246426]
[20170616,1142,1170,1175,1133,191782]
[20170615,1142,1143,1155,1125,216278]
[20170614,1089,1142,1149,1067,273536]
[20170613,1097,1075,1107,1086,118946]
[20170612,1068,1105,1107,1068,150806]
[20170609,1078,1075,1089,1068,113304]
[20170608,1067,1082,1086,1063,127992]
[20170607,1061,1079,1088,1061,123038]
[20170606,1063,1070,1079,1039,174088]
[20170605,1046,1056,1077,1044,161834]
[20170602,1085,1055,1090,1043,199138]
[20170601,1079,1082,1098,1071,139436]
[20170531,1169,1082,1170,1079,159954]
[20170526,1154,1156,1181,1154,137880]
[20170525,1155,1173,1183,1153,149016]
[20170524,1198,1156,1200,1145,192486]
[20170523,1180,1192,1206,1167,175822]
[20170522,1192,1188,1223,1173,210446]
[20170519,1144,1197,1195,1139,193002]
[20170518,1185,1154,1185,1146,160454]
[20170517,1144,1170,1180,1137,205292]
[20170516,1142,1139,1147,1120,154888]
[20170515,1142,1125,1159,1110,205618]
[20170512,1169,1120,1176,1135,211680]
[20170511,1190,1154,1198,1130,292676]
[20170510,1156,1180,1193,1152,215564]
[20170509,1131,1155,1159,1123,162140]
[20170508,1122,1124,1151,1118,197958]
[20170505,1131,1134,1138,1100,195068]
[20170504,1184,1124,1192,1107,284082]
[20170503,1233,1184,1233,1180,199252]
[20170502,1252,1218,1255,1224,77402]
[20170428,1211,1245,1236,1201,150896]
[20170427,1186,1211,1211,1185,159850]
[20170426,1207,1190,1237,1188,213120]
[20170425,1205,1200,1226,1197,153488]
[20170424,1248,1210,1248,1177,232576]
[20170421,1217,1242,1268,1217,218074]
[20170420,1176,1233,1216,1147,222898]
[20170419,1207,1183,1209,1153,221150]
[20170418,1253,1174,1259,1209,213142]
[20170417,1227,1245,1268,1217,198164]
[20170414,1239,1233,1264,1198,190916]
[20170413,1232,1247,1261,1220,152450]
[20170412,1312,1234,1327,1234,181982]
[20170411,1359,1317,1359,1307,149034]
[20170410,1378,1345,1416,1351,134106]
[20170407,1444,1385,1445,1355,159594]
[20170406,1438,1427,1452,1423,81972]
[20170405,1378,1442,1444,1373,81412]
[20170331,1332,1389,1347,1303,71216]
[20170330,1301,1336,1341,1299,67076]
[20170329,1267,1311,1304,1267,63572]
[20170328,1256,1276,1276,1248,56188]
[20170327,1288,1258,1315,1237,114128]
[20170324,1288,1279,1295,1276,49388]
[20170323,1259,1282,1294,1256,57698]
[20170322,1277,1263,1292,1255,78978]
[20170321,1292,1286,1294,1268,68258]
[20170320,1258,1292,1302,1236,83434]
[20170317,1278,1257,1286,1249,57748]
[20170316,1265,1271,1274,1249,63800]
[20170315,1264,1269,1281,1245,77928]
[20170314,1258,1255,1268,1235,89996]
[20170313,1200,1258,1256,1185,137966]
[20170310,1214,1200,1234,1198,95728]
[20170309,1212,1212,1219,1178,113518]
[20170308,1220,1209,1226,1201,81878]
[20170307,1212,1220,1231,1204,73076]
[20170306,1223,1217,1247,1199,102722]
[20170303,1230,1226,1231,1192,88632]
[20170302,1236,1213,1236,1219,69114]
[20170301,1166,1228,1239,1164,151276]
[20170228,1177,1176,1186,1157,79314]
[20170227,1167,1177,1194,1154,108032]
[20170224,1144,1173,1168,1114,113102]
[20170223,1127,1141,1150,1120,94304]
[20170222,1180,1135,1186,1125,113126]
[20170221,1191,1184,1206,1172,95888]
[20170220,1153,1189,1196,1142,114282]
[20170217,1120,1155,1163,1115,103594]
[20170216,1122,1135,1184,1114,160232]
[20170215,1140,1132,1144,1101,108548]
[20170214,1133,1126,1153,1118,102030]
[20170213,1078,1127,1138,1074,132302]
[20170210,1038,1081,1108,1028,161838]
[20170209,1065,1033,1077,1037,84198]
[20170208,1057,1069,1083,1050,79890]
[20170207,1036,1060,1076,1033,69938]
[20170206,1064,1044,1083,1037,81328]
[20170203,1146,1073,1147,1065,63318]
[20170126,1092,1096,1153,1092,87404]
[20170125,1128,1107,1129,1087,83344]
[20170124,1065,1121,1152,1065,105794]
[20170123,1093,1079,1099,1060,82100]
[20170120,1137,1078,1152,1092,89592]
[20170119,1135,1145,1161,1109,111956]
[20170118,1131,1140,1166,1114,105574]
[20170117,1235,1136,1240,1106,159300]
[20170116,1153,1233,1258,1147,141082]
[20170113,1153,1154,1171,1142,85938]
[20170112,1124,1151,1164,1118,108294]
[20170111,1146,1125,1151,1119,87948]
[20170110,1082,1132,1144,1067,139886]
[20170109,1045,1072,1078,1026,92290]
[20170106,1018,1030,1064,1008,113692]
[20170105,1013,1013,1035,1007,82056]
[20170104,1009,1011,1021,978,119740]
[20170103,1030,1006,1079,1001,74414]
[20161230,1043,1040,1055,1029,99478]
[20161229,1051,1040,1059,1028,100860]
[20161228,1049,1030,1110,1037,150012]
[20161227,1054,1046,1062,1014,125648]
[20161226,1117,1054,1131,1020,157614]
[20161223,1115,1125,1139,1102,113288]
[20161222,1201,1114,1202,1120,136254]
[20161221,1208,1198,1217,1181,80988]
[20161220,1185,1205,1214,1175,100348]
[20161219,1174,1200,1221,1162,111168]
[20161216,1202,1188,1212,1186,74838]
[20161215,1186,1206,1234,1167,134630]
[20161214,1198,1176,1211,1148,123032]
[20161213,1177,1178,1197,1157,97306]
[20161212,1180,1165,1265,1167,166320]
[20161209,1242,1192,1254,1168,151194]
[20161208,1270,1242,1282,1221,109154]
[20161207,1189,1272,1281,1178,162418]
[20161206,1201,1182,1216,1166,109202]
[20161205,1172,1215,1219,1143,144634]
[20161202,1214,1165,1224,1137,185934]
[20161201,1220,1217,1267,1184,149512]
[20161130,1241,1236,1258,1203,103182]
[20161129,1394,1241,1394,1244,125302]
[20161128,1341,1379,1412,1341,166648]
[20161125,1335,1350,1362,1321,129494]
[20161124,1346,1341,1384,1308,200204]
[20161123,1379,1335,1387,1341,181960]
[20161122,1281,1383,1380,1280,278132]
[20161121,1276,1300,1295,1237,278106]
[20161118,1302,1264,1308,1243,268746]
[20161117,1302,1289,1326,1264,238340]
[20161116,1267,1306,1309,1236,287300]
[20161115,1375,1291,1395,1243,355918]
[20161114,1358,1380,1438,1308,433026]
[20161111,1325,1386,1360,1312,297326]
[20161110,1348,1323,1392,1293,506176]
[20161109,1242,1350,1376,1232,520832]
[20161108,1277,1241,1311,1206,608860]
[20161107,1207,1287,1265,1203,426364]
[20161104,1150,1213,1212,1150,568102]
[20161103,1123,1150,1147,1113,373024]
[20161102,1128,1127,1164,1119,494338]
[20161101,1139,1136,1143,1103,474556]
[20161031,1112,1125,1147,1083,546866]
[20161028,1061,1099,1111,1052,453152]
[20161027,1078,1067,1089,1033,598498]
[20161026,1064,1080,1114,1054,595404]
[20161025,1010,1081,1061,1001,464588]
[20161024,991,1009,1012,978,423382]
[20161021,975,988,991,953,449254]
[20161020,970,981,997,962,460380]
[20161019,948,964,1001,946,607814]
[20161018,940,955,955,919,416724]
[20161017,916,935,946,914,385096]
[20161014,899,921,935,885,367898]
[20161013,882,889,905,879,402172]
[20161012,859,887,882,849,298018]
[20161011,841,856,860,833,263412]
[20161010,836,836,841,813,174506]
[20160930,818,817,828,804,237272]
[20160929,795,819,834,795,357276]
[20160928,786,805,796,777,240546]
[20160927,803,782,803,777,311444]
[20160926,788,800,810,785,307292]
[20160923,771,786,788,768,309752]
[20160922,771,774,801,764,403622]
[20160921,748,777,776,735,369096]
[20160920,728,750,757,727,301194]
[20160919,706,729,731,701,153564]
[20160914,713,722,720,704,251208]
[20160913,723,712,740,701,430538]
[20160912,749,726,762,721,429104]
[20160909,765,751,767,733,402740]
[20160908,751,754,774,748,351942]
[20160907,806,753,806,750,459844]
[20160906,805,790,810,796,218390]
[20160905,775,802,810,772,351394]
[20160902,753,778,783,743,385010]
[20160901,744,749,758,730,334838]
[20160831,778,745,791,742,427736]
[20160830,774,780,780,766,201508]
[20160829,777,777,778,752,259684]
[20160826,789,767,793,773,225312]
[20160825,805,789,812,759,355824]
[20160824,807,808,814,796,167878]
[20160823,796,805,810,791,189886]
[20160822,778,793,808,777,242726]
[20160819,785,782,788,769,203996]
[20160818,783,780,805,768,346138]
[20160817,775,789,800,774,243196]
[20160816,738,778,780,731,214140]
[20160815,745,741,745,714,152466]
[20160812,757,744,762,734,157514]
[20160811,765,754,766,738,172528]
[20160810,739,753,776,737,240606]
[20160809,739,756,750,727,221206]
[20160808,690,737,727,685,143048]
[20160805,674,690,690,670,119256]
[20160804,674,670,677,659,114206]
[20160803,675,668,680,665,78882]
[20160802,662,672,678,662,109114]
[20160801,640,668,667,640,162540]
[20160729,653,644,653,637,113536]
[20160728,646,644,656,640,121584]
[20160727,628,646,648,628,168170]
[20160726,633,637,633,618,127924]
[20160725,608,622,635,598,218966]
[20160722,607,607,616,598,151908]
[20160721,575,607,615,573,137040]
[20160720,571,573,585,571,71554]
[20160719,574,576,588,566,125070]
[20160718,614,576,614,568,135722]
[20160715,603,611,615,599,77282]
[20160714,608,612,611,591,101216]
[20160713,610,608,621,599,138074]
[20160712,574,605,609,570,167282]
[20160711,573,574,583,559,66116]
[20160708,564,572,572,556,78968]
[20160707,557,561,579,555,98056]
[20160706,568,562,572,549,118274]
[20160705,582,569,585,545,128650]
[20160704,571,583,590,567,136298]
[20160701,568,573,576,557,95750]
[20160630,556,570,572,554,120132]
[20160629,557,557,566,548,135032]
[20160628,560,559,562,546,129400]
[20160627,526,562,562,523,211948]
[20160624,525,529,534,519,153742]
[20160623,523,523,525,516,93044]
[20160622,503,521,522,503,123254]
[20160621,502,507,514,501,124314]
[20160620,512,507,518,502,104088]
[20160617,498,510,512,496,122662]
[20160616,507,501,512,498,125434]
[20160615,495,501,503,495,108736]
[20160614,522,496,528,495,204984]
[20160613,523,524,534,512,112856]
[20160608,529,527,537,526,124880]
[20160607,529,529,539,526,139384]
[20160606,514,533,531,507,199738]
[20160603,509,513,519,507,105558]
[20160602,505,510,515,501,114772]
[20160601,509,503,510,498,124266]
[20160531,507,505,526,505,187242]
[20160530,508,510,510,492,204694]
[20160527,505,508,516,484,383270]
[20160526,495,509,505,490,212440]
[20160525,497,499,504,486,236222]
[20160524,514,496,515,491,269790]
[20160523,551,506,554,507,431526]
[20160520,537,547,553,532,243512]
[20160519,534,539,548,523,310894]
[20160518,550,527,560,530,363202]
[20160517,521,551,555,520,341540]
[20160516,517,523,533,513,318774]
[20160513,544,522,546,511,388954]
[20160512,549,541,559,541,304186]
[20160511,562,543,568,542,392716]
[20160510,549,559,566,541,495602]
[20160509,592,561,612,555,912880]
[20160506,620,588,620,585,647482]
[20160505,640,613,646,610,599764]
[20160504,640,640,642,619,605904]
[20160503,665,641,676,626,534168]
[20160429,633,658,661,633,551736]
[20160428,627,646,636,610,856892]
[20160427,655,624,658,624,1665688]
[20160426,666,649,682,639,2185718]
[20160425,634,667,663,634,1906966]
[20160422,614,654,648,597,2226532]
[20160421,602,612,626,596,1616214]
[20160420,582,601,602,581,1904136]
[20160419,565,585,577,559,1773858]
[20160418,524,567,572,520,1795744]
[20160415,547,526,548,526,1177518]
[20160414,553,545,555,540,1312982]
[20160413,543,546,569,537,2071720]
[20160412,516,540,539,515,1014214]
[20160411,500,517,514,500,938394]
[20160408,492,502,499,489,681756]
[20160407,488,490,498,485,661826]
[20160406,492,488,495,485,521646]
[20160405,487,492,494,484,371888]
[20160401,475,490,485,473,708784]
[20160331,463,475,474,460,475904]
[20160330,469,463,471,459,432350]
[20160329,465,468,470,460,342276]
[20160328,461,460,475,461,284642]
[20160325,455,466,463,454,185940]
[20160324,467,458,469,451,391998]
[20160323,463,466,473,460,461846]
[20160322,462,460,465,458,249442]
[20160321,464,462,476,461,459482]
[20160318,458,467,473,455,634662]
[20160317,455,460,463,451,338310]
[20160316,449,454,455,448,284002]
[20160315,450,453,459,448,567972]
[20160314,442,454,461,440,811286]
[20160311,437,444,448,435,328618]
[20160310,436,443,453,435,514674]
[20160309,442,451,444,431,604490]
[20160308,461,440,461,428,842382]
[20160307,426,461,439,426,298532]
[20160304,423,428,426,418,351350]
[20160303,427,419,432,422,289008]
[20160302,428,427,429,424,254564]
[20160301,432,427,432,424,360318]
[20160229,423,430,429,417,379632]
[20160226,423,423,425,414,345958]
[20160225,425,422,426,419,294640]
[20160224,417,424,428,414,433878]
[20160223,416,416,422,412,263228]
[20160222,402,414,416,400,295482]
[20160219,396,401,404,395,196984]
[20160218,394,396,397,392,97776]
[20160217,396,395,398,393,166720]
[20160216,387,396,397,387,226800]
[20160215,385,389,391,381,70736]
[20160205,391,385,392,385,61744]
[20160204,388,390,393,388,111744]
[20160203,388,390,388,386,48440]
[20160202,387,387,388,386,57954]
[20160201,384,386,391,384,124454]
[20160129,388,387,390,383,134864]
[20160128,393,389,394,387,116954]
[20160127,391,392,394,388,149472]
[20160126,387,389,391,386,130570]
[20160125,390,387,394,388,165934]
[20160122,385,389,393,382,282070]
[20160121,381,384,386,379,145678]
[20160120,385,381,385,381,133252]
[20160119,385,385,387,381,157270]
[20160118,376,384,386,375,210872]
[20160115,373,375,380,373,165750]
[20160114,372,378,375,367,171004]
[20160113,369,371,373,369,148046]
[20160112,376,370,376,368,156490]
[20160111,375,376,379,374,103464]
[20160108,374,377,378,372,117672]
[20160107,376,375,379,373,128438]
[20160106,385,375,385,376,152600]
[20160105,383,384,386,381,90408]
[20160104,390,384,390,382,75934]
[20151231,388,388,393,386,164810]
[20151230,386,387,396,386,179312]
[20151229,378,388,387,378,125536]
[20151228,380,380,381,377,76858]
[20151225,379,380,381,377,72100]
[20151224,383,380,384,378,123140]
[20151223,383,384,384,381,76922]
[20151222,384,384,386,380,115130]
[20151221,380,385,388,378,229104]
[20151218,373,380,380,372,109118]
[20151217,372,373,378,371,114422]
[20151216,372,373,373,370,52270]
[20151215,369,370,375,369,123634]
[20151214,367,372,374,366,125040]
[20151211,364,367,369,363,67324]
[20151210,365,364,367,362,78830]
[20151209,368,366,369,364,131558]
[20151208,370,369,372,365,125236]
[20151207,368,371,372,367,101106]
[20151204,372,369,375,362,219260]
[20151203,375,373,377,371,95296]
[20151202,369,376,380,367,221426]
[20151201,369,370,372,366,107172]
[20151130,372,369,375,365,143502]
[20151127,381,373,381,372,163428]
[20151126,376,380,391,373,252314]
[20151125,373,375,382,369,177432]
[20151124,369,372,378,369,119374]
[20151123,372,372,375,367,103628]
[20151120,369,372,377,367,152412]
[20151119,388,372,388,372,205984]
[20151118,388,387,389,385,57418]
[20151117,386,387,390,385,65784]
[20151116,389,387,390,384,85722]
[20151113,387,388,390,387,45892]
[20151112,389,389,389,386,53710]
[20151111,393,387,393,389,44302]
[20151110,391,392,394,391,52662]
[20151109,392,391,392,390,32606]
[20151106,390,391,393,390,48622]
[20151105,393,390,394,389,76242]
[20151104,395,392,395,391,74216]
[20151103,395,395,395,393,48814]
[20151102,399,395,399,394,69760]
[20151030,398,398,401,398,44678]
[20151029,400,398,401,397,67868]
[20151028,400,399,402,398,68528]
[20151027,406,401,407,400,137448]
[20151026,408,406,408,405,52232]
[20151023,407,407,409,405,77472]
[20151022,406,407,408,404,75778]
[20151021,407,406,407,404,60658]
[20151020,405,406,407,404,61166]
[20151019,407,404,408,404,73282]
[20151016,406,406,409,405,66150]
[20151015,406,406,408,404,70914]
[20151014,409,406,409,404,106804]
[20151013,410,408,410,407,87430]
[20151012,421,409,421,408,200696]
[20151009,416,419,422,416,77140]
[20151008,421,417,421,415,33806]
[20150930,421,417,421,416,58052]
[20150929,421,421,423,420,37284]
[20150928,425,422,425,421,30602]
[20150925,423,423,427,423,52480]
[20150924,425,424,425,423,30820]
[20150923,425,425,425,423,75210]
[20150922,429,424,431,426,55072]
[20150921,427,430,431,425,85204]
[20150918,427,428,430,427,54374]
[20150917,429,428,429,427,53544]
[20150916,427,428,430,425,99508]
[20150915,426,427,428,426,62082]
[20150914,433,426,433,425,166414]
[20150911,435,432,438,433,52860]
[20150910,437,437,437,431,65688]
[20150909,434,434,441,433,108032]
[20150908,431,436,434,431,42804]
[20150907,430,433,433,430,27470]
[20150902,433,431,433,430,40748]
[20150901,432,433,435,432,34890]
[20150831,440,433,440,433,56630]
[20150828,435,436,445,434,86176]
[20150827,431,435,435,429,43198]
[20150826,436,430,437,428,67194]
[20150825,427,434,436,427,73114]
[20150824,442,428,443,427,154856]
[20150821,443,443,444,441,25284]
[20150820,445,443,446,443,43760]
[20150819,444,444,445,442,42944]
[20150818,447,443,448,443,53302]
[20150817,454,447,455,445,62354]
[20150814,453,455,455,452,46274]
[20150813,459,454,460,452,107534]
[20150812,445,457,460,445,64444]
[20150811,441,447,452,440,77982]
[20150810,443,441,444,439,35526]
[20150807,443,442,445,441,32566]
[20150806,448,443,448,442,24128]
[20150805,444,446,447,444,28278]
[20150804,446,445,448,441,33320]
[20150803,449,446,451,444,55648]
[20150430,494,449,501,494,161846]
[20150429,507,496,510,491,261126]
[20150428,515,508,516,505,229014]
[20150427,506,513,522,503,353374]
[20150424,492,505,508,492,260608]
[20150423,496,494,499,491,93548]
[20150422,489,496,501,489,143928]
[20150421,486,492,491,485,57846]
[20150420,496,488,497,485,140694]
[20150417,498,497,500,495,61518]
[20150416,491,498,501,490,99376]
[20150415,502,492,502,491,137250]
[20150414,501,498,504,495,131798]
[20150413,485,499,502,484,168846]
[20150410,495,488,495,483,106296]
[20150409,500,494,501,491,63394]
[20150408,508,500,509,491,144544]
[20150407,507,509,510,505,26278]
[20150403,507,509,512,504,56972]
[20150402,512,507,517,507,84278]
[20150401,511,513,516,509,73686]
