[20210830,15350,15105,15360,15200,63396]
[20210827,15300,15295,15460,15285,57122]
[20210826,15550,15365,15635,15235,101095]
[20210825,15515,15480,15555,15425,30173]
[20210824,15500,15495,15570,15459,39687]
[20210823,15108,15479,15515,15108,61733]
[20210820,15454,15264,15494,15129,62169]
[20210819,15374,15464,15560,15279,59887]
[20210818,15339,15399,15419,15304,38998]
[20210817,15515,15404,15515,15399,37042]
[20210816,15545,15464,15620,15369,51181]
[20210813,15590,15580,15590,15419,39935]
[20210812,15520,15500,15605,15489,36831]
[20210811,15494,15530,15580,15424,46169]
[20210810,15434,15479,15570,15359,58737]
[20210809,15690,15439,15710,15414,74623]
[20210806,15800,15615,15850,15715,50027]
[20210805,15906,15770,15906,15745,47432]
[20210804,16021,15845,16021,15870,41837]
[20210803,16246,15961,16312,15795,98392]
[20210802,16041,16186,16186,16001,76029]
[20210730,16001,16071,16076,15885,61900]
[20210729,15986,16051,16036,15896,51950]
[20210728,16106,15981,16111,15870,72878]
[20210727,16166,16056,16246,16056,73007]
[20210726,16437,16201,16462,16081,84886]
[20210723,16131,16407,16432,16131,90228]
[20210722,15840,16241,16066,15840,51892]
[20210721,15810,15961,15976,15769,44973]
[20210720,15880,15855,15880,15669,46720]
[20210719,16077,15769,16092,15845,42781]
[20210716,15941,15991,16127,15941,57677]
[20210715,15699,16031,16031,15699,69629]
[20210714,15800,15785,15800,15644,55307]
[20210713,15946,15774,16026,15714,67005]
[20210712,15916,15966,16087,15890,66184]
[20210709,15865,15926,15916,15764,58670]
[20210708,16046,15830,16127,15810,78478]
[20210707,15946,16057,16041,15774,69516]
[20210706,16001,15946,16001,15840,41604]
[20210705,15900,15986,16006,15830,62622]
[20210702,15780,15900,15916,15774,42458]
[20210701,16016,15875,16182,15790,77387]
[20210630,15689,16087,16182,15684,120453]
[20210629,15407,15810,15598,15407,60740]
[20210628,15714,15467,15754,15377,95702]
[20210625,15623,15704,15810,15578,62553]
[20210624,15633,15613,15729,15528,38892]
[20210623,15755,15654,15770,15543,34810]
[20210622,15593,15755,15704,15553,36711]
[20210621,15260,15583,15639,15240,72897]
[20210618,15437,15482,15437,15184,54974]
[20210617,15346,15341,15573,15315,47030]
[20210616,15376,15421,15477,15305,42615]
[20210615,15563,15401,15639,15401,30014]
[20210611,15558,15492,15684,15533,50039]
[20210610,15644,15634,15649,15538,42734]
[20210609,15184,15583,15644,15169,71257]
[20210608,15063,15270,15235,15053,44309]
[20210607,15189,15098,15230,15083,53415]
[20210604,15361,15174,15361,15174,66875]
[20210603,15543,15260,15624,15457,51453]
[20210602,15558,15487,15684,15457,64355]
[20210601,15719,15618,15856,15507,65606]
[20210531,15699,15679,15841,15669,61096]
[20210528,15507,15770,15775,15497,69754]
[20210527,15558,15538,15598,15437,51710]
[20210526,15447,15517,15618,15421,55421]
[20210525,15492,15512,15598,15386,57932]
[20210524,15898,15502,15984,15532,59365]
[20210521,15817,15867,15979,15705,54060]
[20210520,15791,15877,15979,15527,62046]
[20210519,15730,15725,15938,15720,52274]
[20210518,15436,15883,15791,15350,50430]
[20210517,15284,15400,15451,15233,45362]
[20210514,15380,15299,15461,15203,57608]
[20210513,15786,15431,15852,15466,61445]
[20210512,15969,15695,15969,15735,49906]
[20210511,15933,15872,15974,15766,54784]
[20210510,16035,15867,16121,15852,67276]
[20210507,15811,16065,16009,15720,66296]
[20210506,15421,15781,15730,15411,38840]
[20210430,15619,15603,15619,15304,68976]
[20210429,15578,15497,15603,15441,55567]
[20210428,15761,15502,15761,15502,53425]
[20210427,15593,15700,15756,15583,50594]
[20210426,15664,15690,15664,15456,58003]
[20210423,15573,15568,15664,15466,33835]
[20210422,15421,15527,15583,15410,34218]
[20210421,15548,15548,15675,15375,36467]
[20210420,15446,15624,15573,15416,42490]
[20210419,15370,15492,15395,15182,40431]
[20210416,15233,15334,15339,15141,44748]
[20210415,15151,15172,15182,15080,35778]
[20210414,15055,15136,15167,14999,37480]
[20210413,14943,15126,15075,14846,42766]
[20210412,15045,14867,15182,14963,47545]
[20210409,15182,15116,15248,14989,66233]
[20210408,15167,15197,15253,15111,44704]
[20210407,15243,15177,15268,15085,49148]
[20210406,15288,15151,15339,15177,31647]
[20210402,15476,15253,15527,15253,52705]
[20210401,15649,15451,15725,15365,67247]
[20210331,15558,15649,15695,15532,45524]
[20210330,15431,15634,15710,15395,67073]
[20210329,15268,15466,15395,15217,49704]
[20210326,15182,15278,15329,15116,40733]
[20210325,15471,15207,15527,15121,66262]
[20210324,15426,15426,15522,15288,49676]
[20210323,15416,15507,15532,15314,51066]
[20210322,15161,15461,15456,15019,62784]
[20210319,14953,15304,15222,14923,51311]
[20210318,15090,14989,15228,14897,41735]
[20210317,15055,15075,15156,14979,26522]
[20210316,15121,15111,15273,14928,50429]
[20210315,14999,15060,15223,14999,43633]
[20210312,14968,15146,15202,14907,40526]
[20210311,14902,15024,15263,14851,47509]
[20210310,15172,14933,15172,14861,52973]
[20210309,15207,15014,15299,15009,49169]
[20210308,15345,15192,15345,15045,69840]
[20210305,15421,15187,15589,15106,69029]
[20210304,15558,15223,15802,15309,69729]
[20210303,15660,15675,15741,15523,50769]
[20210302,15589,15645,15701,15416,56064]
[20210301,15818,15594,15894,15512,73459]
[20210226,16204,15660,16240,15782,78222]
[20210225,15935,16148,16423,15899,90528]
[20210224,16113,16057,16138,15777,63709]
[20210223,16087,16011,16397,15894,86767]
[20210222,16001,16118,16260,15792,48332]
[20210219,15939,15899,15970,15542,52564]
[20210218,15664,15868,15924,15567,22245]
[20210210,15537,15746,15817,15318,61404]
[20210209,15425,15547,15674,15420,34315]
[20210208,15542,15552,15542,15328,34977]
[20210205,15185,15435,15593,15185,35801]
[20210204,15124,15369,15358,15104,37497]
[20210203,15358,15165,15374,15048,47750]
[20210202,15323,15297,15420,15165,48980]
[20210201,15573,15272,15613,15287,55283]
[20210129,15649,15573,15807,15374,65215]
[20210128,15598,15573,15797,15537,59669]
[20210127,15776,15644,16062,15613,80634]
[20210126,15792,15812,15965,15608,59388]
[20210125,15389,15955,15934,15369,85158]
[20210122,15588,15435,15613,15257,52394]
[20210121,15430,15542,15573,15374,45543]
[20210120,15104,15481,15440,15104,50184]
[20210119,15267,15170,15333,15027,40269]
[20210118,15155,15297,15404,15134,50566]
[20210115,15216,15328,15374,15104,30702]
[20210114,15083,15318,15246,15032,32594]
[20210113,14808,15124,15104,14721,34583]
[20210112,14921,14757,14951,14701,40236]
[20210111,15130,14803,15166,14670,50320]
[20210108,15396,15079,15544,15145,45314]
[20210107,15386,15467,15570,15069,57257]
[20210106,15386,15370,15498,15278,46563]
[20210105,15478,15304,15524,15202,55807]
[20210104,15074,15447,15473,14997,35062]
[20201231,14977,15151,15294,14885,71028]
[20201230,14987,14931,15166,14900,49958]
[20201229,15130,14987,15324,14921,49727]
[20201228,15059,15237,15304,15048,47540]
[20201225,14946,15176,15110,14844,42760]
[20201224,14788,14972,14977,14772,38249]
[20201223,14568,14829,14900,14517,47288]
[20201222,14823,14619,14905,14445,36151]
[20201221,15388,14834,15481,14843,49890]
[20201218,15183,15445,15435,15095,39176]
[20201217,15111,15255,15280,15059,29603]
[20201216,15028,15183,15193,14895,37932]
[20201215,15208,15075,15327,14962,50171]
[20201214,15229,15285,15455,15142,44324]
[20201211,15332,15234,15635,15178,83754]
[20201210,15553,15342,15676,15270,52731]
[20201209,15501,15594,15661,15363,45866]
[20201208,15126,15388,15532,15126,49634]
[20201207,15316,15275,15316,15121,38713]
[20201204,15445,15178,15486,15239,39234]
[20201203,15465,15435,15465,15239,42570]
[20201202,15651,15368,15789,15404,50894]
[20201201,16134,15563,16134,15537,68480]
[20201130,15764,15980,16350,15651,113304]
[20201127,15723,15681,15815,15651,51802]
[20201126,15784,15733,15887,15573,44085]
[20201125,15779,15717,15830,15594,41937]
[20201124,15609,15712,15892,15599,63853]
[20201123,15753,15707,16077,15517,91031]
[20201120,15238,15902,15774,15207,39325]
[20201119,15073,15300,15186,14959,27985]
[20201118,15135,15099,15135,14959,26485]
[20201117,15202,14990,15202,15032,28162]
[20201116,15217,15124,15315,15088,36817]
[20201113,15166,15212,15274,15099,29594]
[20201112,15011,15119,15145,14918,29118]
[20201111,15006,15037,15191,14959,33817]
[20201110,15052,14975,15114,14882,28198]
[20201109,14784,15027,15068,14784,41140]
[20201106,14939,14903,14939,14645,30114]
[20201105,14717,14862,14944,14671,34167]
[20201104,14903,14702,14939,14578,35385]
[20201103,14624,14862,14923,14624,26917]
[20201102,14815,14707,14846,14697,32167]
[20201030,14831,14774,15088,14728,50779]
[20201029,14805,14856,15011,14764,33233]
[20201028,14846,14825,14944,14717,32658]
[20201027,14496,14856,14851,14490,36338]
[20201026,14984,14547,14984,14496,21653]
[20201023,14778,14860,14953,14773,20858]
[20201022,14891,14850,14968,14675,27349]
[20201021,14814,14932,14876,14701,24659]
[20201020,14850,14783,14860,14562,27574]
[20201019,14927,14835,14927,14670,27130]
[20201016,14783,14742,14901,14747,21692]
[20201015,14912,14773,14984,14737,23549]
[20201014,15102,14958,15153,14865,28790]
[20201013,15204,15071,15312,15148,20152]
[20201012,15158,15179,15240,15086,23029]
[20201009,15559,15215,15559,15076,19744]
[20200930,15497,15399,15584,15425,22456]
[20200929,15451,15492,15641,15287,28554]
[20200928,14937,15399,15477,14937,36976]
[20200925,15507,15035,15507,15081,38939]
[20200924,15579,15374,15595,15374,15687]
[20200923,15351,15559,15682,15351,22003]
[20200922,15476,15647,15516,15235,21221]
[20200921,15265,15466,15511,15235,27290]
[20200918,14949,15280,15316,14909,26562]
[20200917,14979,14949,15110,14864,23087]
[20200916,15260,15075,15275,14929,22776]
[20200915,15155,15210,15240,15004,22286]
[20200914,15009,15070,15140,14894,33317]
[20200911,14864,15034,15100,14849,24163]
[20200910,15396,14944,15451,14984,27945]
[20200909,15607,15381,15607,15280,25794]
[20200908,15702,15486,15727,15597,14553]
[20200907,15526,15667,15722,15476,24787]
[20200904,15913,15552,15913,15426,37270]
[20200903,15768,15707,15948,15737,27209]
[20200902,16124,15818,16124,15828,24561]
[20200901,15682,16034,16039,15677,34989]
[20200831,15848,15677,15883,15637,24836]
[20200828,15727,15823,15878,15612,31878]
[20200827,15848,15722,15883,15672,27320]
[20200826,16029,15798,16064,15788,22436]
[20200825,15999,16039,16099,15923,18564]
[20200824,16029,16054,16124,15863,25293]
[20200821,16154,15953,16169,16024,17788]
[20200820,16260,16089,16475,15989,21083]
[20200819,16390,16395,16390,16109,20288]
[20200818,16194,16285,16340,16114,17873]
[20200817,16139,16244,16325,16094,15034]
[20200814,16109,16224,16250,16014,26157]
[20200813,16109,16039,16114,15938,18332]
[20200812,16255,16074,16420,15913,35288]
[20200811,16310,16234,16355,16099,22694]
[20200810,16450,16300,16626,16209,29432]
[20200807,16470,16495,16646,16375,44123]
[20200806,15999,16390,16536,15958,39150]
[20200805,15768,16074,16029,15718,22915]
[20200804,15979,15798,16069,15743,25858]
[20200803,15743,15979,16069,15677,38477]
[20200731,15647,15718,15783,15582,27621]
[20200730,15572,15692,15843,15542,33910]
[20200729,15492,15627,15637,15411,25794]
[20200728,15251,15497,15602,15191,44258]
[20200727,15025,15266,15316,14970,30443]
[20200724,14895,15000,15085,14854,25449]
[20200723,15000,15065,15015,14819,15578]
[20200722,15100,14884,15281,14965,19130]
[20200721,14915,15115,15135,14885,17033]
[20200720,14950,14955,14970,14709,20904]
[20200717,14995,14804,15050,14935,17334]
[20200716,15436,15000,15456,14880,35854]
[20200715,15461,15336,15491,15356,15125]
[20200714,15527,15411,15682,15341,28727]
[20200713,15175,15532,15592,15175,29866]
[20200710,15180,15311,15221,15070,23307]
[20200709,14940,15150,15190,14870,25766]
[20200708,14744,14940,14995,14714,23875]
[20200707,14704,14754,14754,14629,16573]
[20200706,14749,14704,14754,14609,18509]
[20200703,14814,14659,14814,14659,21553]
[20200702,14839,14739,14980,14754,17214]
[20200701,14885,14920,14960,14769,22345]
[20200630,14739,14809,14829,14684,18711]
[20200629,14604,14754,14764,14559,14667]
[20200624,14503,14674,14539,14433,11113]
[20200623,14659,14508,14659,14443,18308]
[20200622,14504,14629,14689,14504,15000]
[20200619,14454,14529,14594,14409,10750]
[20200618,14290,14494,14459,14290,12377]
[20200617,14275,14305,14354,14175,14086]
[20200616,14000,14275,14320,13995,18454]
[20200615,14175,14005,14195,13980,19414]
[20200612,14140,14160,14190,13995,32103]
[20200611,14419,14145,14419,14100,32385]
[20200610,14275,14369,14434,14245,26686]
[20200609,14260,14265,14404,14215,30054]
[20200608,14394,14260,14449,14230,30139]
[20200605,14285,14409,14404,14250,18549]
[20200604,14424,14300,14464,14240,21501]
[20200603,14554,14454,14599,14374,26652]
[20200602,14484,14564,14579,14379,20597]
[20200601,14230,14444,14539,14180,29636]
[20200530,14240,14190,14275,14190,0]
[20200529,14215,14230,14295,14125,21999]
[20200528,14260,14275,14380,14170,19805]
[20200527,14375,14235,14495,14155,38482]
[20200526,14400,14430,14400,14200,17042]
[20200525,13935,14345,14430,13935,36102]
[20200522,14150,14070,14280,13975,34525]
[20200521,14130,14145,14280,14075,29001]
[20200520,13980,14100,14145,13950,18600]
[20200519,13915,14020,14099,13905,17430]
[20200518,13805,14024,13910,13746,13873]
[20200515,13711,13771,13890,13642,15898]
[20200514,13776,13666,13830,13656,18018]
[20200513,14049,13771,14118,13776,27106]
[20200512,13805,14069,14248,13786,60353]
[20200511,13810,13880,13835,13716,14355]
[20200508,13820,13771,13910,13761,16255]
[20200507,13731,13855,13855,13716,16790]
[20200506,13517,13766,13751,13517,10299]
[20200430,13711,13572,13711,13537,14942]
[20200429,13711,13602,13731,13642,9242]
[20200428,13905,13696,13905,13666,11644]
[20200427,13701,13781,13940,13701,16746]
[20200424,13632,13830,13721,13612,11542]
[20200423,13622,13646,13741,13587,15278]
[20200422,13463,13666,13646,13338,20816]
[20200421,13517,13408,13607,13423,21988]
[20200420,13542,13527,13622,13468,12505]
[20200417,13711,13542,13751,13612,11640]
[20200416,13562,13691,13612,13502,7336]
[20200415,13748,13562,13753,13533,10215]
[20200414,13699,13591,13944,13660,15304]
[20200413,13498,13827,13665,13459,6400]
[20200410,13498,13513,13626,13405,8979]
[20200409,13444,13474,13513,13376,8644]
[20200408,13645,13459,13645,13395,11860]
[20200407,13430,13547,13694,13430,9039]
[20200403,13444,13631,13557,13381,9202]
[20200402,13459,13469,13513,13244,12733]
[20200401,13645,13273,13689,13400,10989]
[20200331,13542,13670,13640,13542,7918]
[20200330,13347,13591,13547,13283,13202]
[20200327,13415,13312,13611,13395,16963]
[20200326,13371,13444,13371,13234,14965]
[20200325,13053,13302,13278,13053,17032]
[20200324,13087,13190,13258,13058,25266]
[20200323,12930,13141,12999,12646,32377]
[20200320,12803,12896,13136,12739,40533]
[20200319,13224,12842,13224,12362,53087]
[20200318,13224,12715,13288,12808,50003]
[20200317,13915,13190,13929,13337,39720]
[20200316,13880,13812,13920,13758,17165]
[20200313,13900,13778,13959,13753,18008]
[20200312,13969,13880,14081,13890,14086]
[20200311,14204,14037,14223,14018,8906]
[20200310,14121,14160,14257,14116,12793]
[20200309,14043,14209,14204,13765,14322]
[20200306,14052,14057,14165,14033,9541]
[20200305,14038,14077,14130,14028,6689]
[20200304,14199,14062,14267,14038,17305]
[20200303,14360,14252,14467,14228,11871]
[20200302,14101,14311,14306,14101,16976]
[20200228,14155,14228,14184,13896,27526]
[20200227,14174,14101,14238,14111,10551]
[20200226,14223,14140,14267,14150,11846]
[20200225,14179,14223,14243,14140,11891]
[20200224,14111,14150,14233,14077,12568]
[20200221,14145,14126,14316,14130,12319]
[20200220,14199,14150,14209,14101,11363]
[20200219,14199,14194,14213,14130,6646]
[20200218,14072,14184,14165,14038,9783]
[20200217,13989,14048,14101,13940,6649]
[20200214,13984,14008,14082,13926,12477]
[20200213,13833,13969,13916,13750,7955]
[20200212,13823,13828,13901,13779,12351]
[20200211,13691,13896,13784,13677,3712]
[20200210,13652,13760,13726,13540,8308]
[20200207,13818,13618,13887,13716,10683]
[20200206,13872,13843,13887,13799,6002]
[20200205,13980,13877,13985,13755,9783]
[20200204,13799,13975,14004,13745,7296]
[20200203,14170,13906,14170,13701,14462]
[20200123,14786,13950,14786,14483,19752]
[20200122,14761,14752,14879,14747,13845]
[20200121,15084,14835,15152,14732,34623]
[20200120,14854,15094,15157,14801,35791]
[20200117,14952,14825,15055,14796,32051]
[20200116,14825,15030,14972,14781,36192]
[20200115,14556,14845,14810,14537,20285]
[20200114,14586,14556,14610,14444,19886]
[20200113,14659,14522,14732,14605,18093]
[20200110,14605,14669,14683,14600,9934]
[20200109,14649,14634,14703,14556,12220]
[20200108,14527,14610,14644,14448,19504]
[20200107,14458,14537,14507,14409,14718]
[20200106,14297,14429,14488,14263,24717]
[20200103,14620,14321,14639,14233,25936]
[20200102,14737,14610,14796,14571,12641]
[20191231,14889,14791,14913,14698,43990]
[20191230,14884,14899,14938,14820,29642]
[20191227,14894,14913,14957,14835,26906]
[20191226,14874,14884,15011,14820,44912]
[20191225,14737,15001,14908,14678,65990]
[20191224,14483,14718,14767,14458,57304]
[20191223,14698,14488,14747,14458,54424]
[20191220,14727,14718,14767,14630,41328]
[20191219,14625,14727,14757,14625,41774]
[20191218,14610,14674,14659,14434,78996]
[20191217,14630,14620,14678,14590,45084]
[20191216,14811,14634,14855,14610,36692]
[20191213,14815,14825,14864,14776,21832]
[20191212,14727,14806,14859,14713,19162]
[20191211,14640,14762,14742,14630,27410]
[20191210,14645,14684,14674,14587,13040]
[20191209,14601,14645,14698,14543,31138]
[20191206,14577,14635,14640,14519,16154]
[20191205,14572,14567,14664,14548,23814]
[20191204,14592,14587,14621,14495,30968]
[20191203,14781,14529,14785,14553,38706]
[20191202,14931,14674,14969,14756,38622]
[20191129,14955,14945,15105,14931,64594]
[20191128,14814,14940,15018,14722,61960]
[20191127,14873,14858,14926,14761,45340]
[20191126,15076,14858,15086,14829,49834]
[20191125,15032,15047,15144,15023,22952]
[20191122,15037,15071,15100,14945,28506]
[20191121,15178,14974,15211,14902,51026]
[20191120,15139,15153,15226,15115,31482]
[20191119,15318,15187,15357,15066,52106]
[20191118,15240,15308,15507,15168,72652]
[20191115,15226,15245,15332,15163,39382]
[20191114,15284,15240,15328,15178,36964]
[20191113,15424,15318,15575,15337,60292]
[20191112,15478,15429,15521,15255,39472]
[20191111,15492,15463,15555,15367,29356]
[20191108,15579,15492,15594,15473,22844]
[20191107,15618,15565,15686,15536,20970]
[20191106,15855,15647,15884,15526,52588]
[20191105,15913,15802,15927,15816,27518]
[20191104,15961,15918,15995,15864,27298]
[20191101,16067,15913,16082,15908,34896]
[20191031,16159,16063,16159,15971,42898]
[20191030,16125,16121,16203,16087,43322]
[20191029,16121,16150,16227,16077,37834]
[20191028,16183,16121,16251,16101,32972]
[20191025,16106,16135,16227,16053,49710]
[20191024,16145,16140,16183,16048,52920]
[20191023,16275,16072,16285,16087,41612]
[20191022,16280,16232,16357,16183,24708]
[20191021,16458,16290,16486,16232,27346]
[20191018,16429,16424,16520,16323,20184]
[20191017,16265,16453,16467,16265,28170]
[20191016,16155,16347,16309,16141,28096]
[20191015,16179,16179,16227,16064,28748]
[20191014,16261,16083,16390,16198,37456]
[20191011,16275,16294,16323,16169,29392]
[20191010,16275,16256,16309,16198,29208]
[20191009,16501,16251,16539,16237,37586]
[20191008,16424,16491,16597,16400,25826]
[20190930,16265,16506,16376,16184,53344]
[20190927,16232,16256,16318,16179,28618]
[20190926,16261,16256,16400,16184,43562]
[20190925,16078,16362,16294,16040,68634]
[20190924,16184,16121,16227,15992,50930]
[20190923,16232,16179,16261,16141,35444]
[20190920,16222,16184,16265,16121,36706]
[20190919,16217,16217,16280,16088,41446]
[20190918,16093,16227,16251,15982,43672]
[20190917,16668,16078,16678,16078,50874]
[20190916,16639,16534,16716,16606,21074]
[20190912,16673,16682,16769,16615,34884]
[20190911,16740,16649,16764,16591,35564]
[20190910,16706,16721,16773,16591,29974]
[20190909,16730,16630,16855,16639,46418]
[20190906,16668,16797,16860,16610,57090]
[20190905,16658,16658,16697,16515,46424]
[20190904,16606,16610,16625,16495,38420]
[20190903,16601,16577,16759,16567,46308]
[20190902,16562,16649,16658,16471,42146]
[20190830,16558,16620,16663,16500,51480]
[20190829,16649,16548,16706,16500,49902]
[20190828,16538,16658,16740,16476,68654]
[20190827,16260,16538,16562,16222,61336]
[20190826,16376,16236,16409,16198,41658]
[20190823,16395,16380,16443,16280,35676]
[20190822,16438,16380,16481,16270,64976]
[20190821,16251,16399,16447,16222,60202]
[20190820,16069,16318,16294,16045,33760]
[20190819,15963,16126,16083,15958,14726]
[20190816,15944,15982,16102,15944,26712]
[20190815,15963,15973,15973,15839,23564]
[20190814,15954,15939,16069,15863,34236]
[20190813,16217,15930,16222,15901,35616]
[20190812,16069,16160,16294,16021,48546]
[20190809,16155,16112,16251,15920,44058]
[20190808,15781,16160,16121,15748,47268]
[20190807,15944,15824,16002,15781,41098]
[20190806,15632,15930,15915,15599,46108]
[20190805,15676,15632,15704,15541,30760]
[20190802,15733,15599,15752,15637,35054]
[20190801,15786,15714,15915,15685,44668]
[20190731,16035,15786,16054,15805,48996]
[20190730,15906,16002,16155,15867,39130]
[20190729,16016,15910,16069,15944,40222]
[20190726,16102,16002,16232,16054,56904]
[20190725,16064,16126,16069,15906,42768]
[20190724,15786,15987,15982,15738,54368]
[20190723,15690,15843,15834,15690,33550]
[20190722,16121,15805,16217,15680,91456]
[20190719,15848,16117,16035,15824,70248]
[20190718,15632,15939,15944,15589,79678]
[20190717,15599,15637,15719,15551,31862]
[20190716,15407,15671,15618,15388,36164]
[20190715,15398,15426,15484,15287,30498]
[20190712,15326,15421,15465,15311,28958]
[20190711,15378,15402,15469,15326,28630]
[20190710,15053,15350,15752,15010,72536]
[20190709,15321,15058,15321,14991,43208]
[20190708,15326,15268,15383,15235,30068]
[20190705,15450,15307,15508,15297,26810]
[20190704,15340,15460,15484,15249,29510]
[20190703,15412,15345,15469,15330,28992]
[20190702,15594,15455,15608,15426,34706]
[20190701,15340,15512,15584,15311,39828]
[20190628,15345,15359,15402,15307,32574]
[20190627,15488,15378,15532,15354,29708]
[20190626,15546,15488,15618,15460,38010]
[20190625,15498,15522,15594,15460,29996]
[20190624,15235,15536,15479,15235,40934]
[20190621,15460,15249,15469,15268,25626]
[20190620,15503,15421,15522,15378,21960]
[20190619,15412,15488,15608,15412,26948]
[20190618,15403,15436,15532,15345,22816]
[20190617,15374,15355,15479,15307,24894]
[20190614,15336,15374,15450,15288,23410]
[20190613,15336,15360,15450,15312,24548]
[20190612,15493,15360,15536,15312,30556]
[20190611,15575,15479,15584,15441,26288]
[20190610,15364,15556,15546,15212,22606]
[20190606,15407,15345,15427,15274,29498]
[20190605,15278,15379,15384,15226,35278]
[20190604,15250,15278,15317,15154,30542]
[20190603,15221,15259,15374,15212,31968]
[20190531,15403,15245,15446,15212,40162]
[20190530,15259,15422,15465,15216,38254]
[20190529,15255,15336,15326,15159,36638]
[20190528,15307,15245,15417,15226,37916]
[20190527,15579,15374,15622,15283,32000]
[20190524,15312,15536,15570,15312,45338]
[20190523,15317,15379,15546,15312,46340]
[20190522,15388,15369,15427,15307,32246]
[20190521,15288,15407,15422,15159,23470]
[20190520,15345,15317,15446,15302,16914]
[20190517,15617,15384,15632,15350,23450]
[20190516,15293,15555,15541,15240,21596]
[20190515,15102,15302,15393,15097,29756]
[20190514,15154,15154,15264,15073,23704]
[20190513,15388,15154,15407,15216,26782]
[20190510,15379,15355,15517,15369,31678]
[20190509,15565,15446,15637,15422,31976]
[20190508,15613,15603,15651,15555,23158]
[20190507,15622,15589,15670,15584,22438]
[20190506,15565,15617,15842,15517,17576]
[20190430,15971,15761,15990,15894,20246]
[20190429,15870,15932,16018,15837,41272]
[20190426,15727,15880,15856,15684,30040]
[20190425,15617,15713,15799,15608,38360]
[20190424,15761,15632,15784,15598,24622]
[20190423,15847,15732,15899,15727,21894]
[20190422,15727,15832,15827,15703,23758]
[20190419,15665,15742,15784,15613,28330]
[20190418,15751,15641,15765,15598,26674]
[20190417,15718,15727,15794,15608,31754]
[20190416,15703,15732,15780,15594,41372]
[20190415,15622,15684,15694,15498,27586]
[20190412,15718,15613,15761,15522,26202]
[20190411,15932,15722,15932,15665,42800]
[20190410,16090,15842,16166,15909,34498]
[20190409,16133,16123,16162,16057,22856]
[20190408,16047,16085,16176,16014,16708]
[20190404,16123,16100,16176,16052,32490]
[20190403,15990,16095,16142,15980,22334]
[20190402,16219,16018,16219,16014,18668]
[20190401,16004,16147,16190,16004,33520]
[20190329,15999,16085,16028,15942,22842]
[20190328,16057,15995,16104,15975,28724]
[20190327,15990,16052,16100,15990,21894]
[20190326,16042,16076,16123,15999,25140]
[20190325,16162,16023,16190,16023,24934]
[20190322,16190,16181,16276,16100,23650]
[20190321,16080,16243,16233,16057,28270]
[20190320,16076,16085,16133,16018,14742]
[20190319,16080,16100,16176,16037,16966]
[20190318,16347,16119,16347,16119,26628]
[20190315,16514,16238,16586,16386,29206]
[20190314,16681,16533,16757,16500,31318]
[20190313,16576,16695,16729,16576,17994]
[20190312,16614,16648,16671,16543,17702]
[20190311,16629,16638,16733,16552,19704]
[20190308,16705,16610,16733,16581,20188]
[20190307,16733,16681,16772,16652,27974]
[20190306,16795,16738,16810,16676,24026]
[20190305,16791,16757,16876,16724,32868]
[20190304,16948,16805,16967,16824,32308]
[20190301,16600,16876,17010,16600,58950]
[20190228,16443,16729,16562,16386,40154]
[20190227,16228,16400,16376,16190,20530]
[20190226,16338,16357,16371,16171,30716]
[20190225,16285,16328,16419,16176,38936]
[20190222,15971,16228,16247,15952,30944]
[20190221,16109,15980,16109,15938,24762]
[20190220,15980,16038,16076,15947,18444]
[20190219,16138,15985,16142,15952,19714]
[20190218,16209,16090,16314,16128,22090]
[20190215,16066,16266,16123,15995,17092]
[20190214,15895,16076,16100,15847,26828]
[20190213,16009,16071,16033,15733,39352]
[20190212,16004,15980,16147,16004,20156]
[20190211,16528,16090,16528,15890,29738]
[20190201,16581,16362,16690,16514,24884]
[20190131,16690,16643,16762,16576,31900]
[20190130,16829,16686,16838,16667,33594]
[20190129,16938,16790,16943,16790,34004]
[20190128,16857,16933,17019,16843,34066]
[20190125,16819,16862,16976,16786,43274]
[20190124,16738,16805,16852,16709,30000]
[20190123,16700,16748,16752,16676,15938]
[20190122,16767,16700,16824,16662,21182]
[20190121,16762,16762,16876,16738,25958]
[20190118,16676,16809,16781,16643,19654]
[20190117,16628,16676,16705,16595,14956]
[20190116,16572,16662,16714,16534,26372]
[20190115,16515,16581,16657,16449,23252]
[20190114,16558,16496,16591,16434,33728]
[20190111,16558,16539,16681,16377,43090]
[20190110,16638,16567,16704,16491,27626]
[20190109,16543,16662,16695,16524,34974]
[20190108,16738,16614,16738,16463,44638]
[20190107,16799,16667,16832,16657,42924]
[20190104,16837,16761,16894,16610,43670]
[20190103,16984,16861,16994,16832,31378]
[20190102,17065,16946,17188,17027,15646]
[20181228,17060,17126,17141,17003,42122]
[20181227,16899,17027,17060,16870,35290]
[20181226,16942,16894,16951,16738,42020]
[20181225,17079,16842,17145,16894,39330]
[20181224,17093,17136,17122,16970,38266]
[20181221,17136,17060,17212,17074,30462]
[20181220,17088,17164,17226,17070,24150]
[20181219,17013,17122,17169,16984,28242]
[20181218,17032,17017,17098,16951,20738]
[20181217,17150,17079,17183,17033,25950]
[20181214,17206,17127,17262,17127,25564]
[20181213,17262,17234,17309,17215,27620]
[20181212,17197,17267,17346,17192,31368]
[20181211,17290,17215,17309,17141,30784]
[20181210,17281,17248,17355,17243,27954]
[20181207,17201,17299,17374,17169,31792]
[20181206,17290,17197,17383,17197,28604]
[20181205,17285,17346,17388,17281,48466]
[20181204,17271,17323,17327,17173,35894]
[20181203,17164,17234,17509,17094,83004]
[20181130,17066,17131,17103,16959,53248]
[20181129,17010,17080,17089,16921,65652]
[20181128,16749,16949,16959,16726,78448]
[20181127,16884,16777,16968,16735,72578]
[20181126,17155,16865,17192,16898,90058]
[20181123,17131,17117,17341,17019,104766]
[20181122,17029,17061,17155,16996,56386]
[20181121,17108,17075,17108,16861,85488]
[20181120,17071,17071,17122,16987,59014]
[20181119,17001,17094,17211,16945,88840]
[20181116,16991,17052,17043,16814,71796]
[20181115,16926,16977,17094,16823,45184]
[20181114,16756,16851,16902,16697,38084]
[20181113,16861,16829,16934,16793,30414]
[20181112,16907,16888,17030,16761,48634]
[20181109,16884,16866,17107,16870,50432]
[20181108,16743,16948,16884,16701,41822]
[20181107,16793,16797,16834,16647,43776]
[20181106,16939,16806,17011,16793,51262]
[20181105,17185,16984,17194,16984,51838]
[20181102,17125,17103,17125,16966,66784]
[20181101,16679,17080,17135,16601,81466]
[20181031,16729,16651,16829,16615,46266]
[20181030,16907,16706,16916,16747,43764]
[20181029,16834,16847,16980,16825,56626]
[20181026,16793,16847,16902,16720,54946]
[20181025,16501,16788,16825,16501,57804]
[20181024,16446,16592,16692,16446,62948]
[20181023,16597,16496,16651,16442,34542]
[20181022,16569,16524,16651,16364,29754]
[20181019,16650,16414,16691,16492,40876]
[20181018,16826,16659,16944,16691,46232]
[20181017,17002,16813,17047,16799,39726]
[20181016,17120,17029,17214,16903,55820]
[20181015,16962,17084,17156,16889,69042]
[20181012,16691,17016,16935,16555,96686]
[20181011,16384,16591,16627,16311,87906]
[20181010,16424,16429,16546,16262,68216]
[20181009,16402,16393,16569,16302,49792]
[20181008,16298,16384,16411,16207,22496]
[20180928,16090,16253,16415,16058,56328]
[20180927,16329,16113,16334,16040,59322]
[20180926,16582,16225,16591,16235,73614]
[20180925,16551,16515,16614,16397,40690]
[20180921,16627,16564,16677,16442,65026]
[20180920,16636,16659,16831,16560,56116]
[20180919,16546,16641,16781,16415,42690]
[20180918,16510,16537,16634,16325,57120]
[20180917,16801,16537,16815,16418,46168]
[20180914,16757,16775,16819,16585,45268]
[20180913,16735,16704,16757,16541,44756]
[20180912,16342,16665,16726,16338,53312]
[20180911,16881,16387,16982,16391,70698]
[20180910,16506,16952,16854,16453,73104]
[20180907,16409,16510,16554,16347,56200]
[20180906,16470,16422,16576,16276,62032]
[20180905,16590,16537,16616,16307,65538]
[20180904,16771,16594,16877,16598,68966]
[20180903,16554,16850,16797,16435,85170]
[20180831,16453,16581,16757,16294,91186]
[20180830,16131,16422,16506,16117,81298]
[20180829,16232,16197,16237,16051,51594]
[20180828,16329,16153,16409,16117,42156]
[20180827,16267,16153,16307,16087,49632]
[20180824,15764,16219,16201,15764,83946]
[20180823,15513,15910,15866,15500,76810]
[20180822,15535,15535,15641,15402,65398]
[20180821,15477,15628,15513,15288,68606]
[20180820,15310,15442,15588,15252,65110]
[20180817,15495,15288,15619,15244,57550]
[20180816,15534,15442,15651,15225,52616]
[20180815,15947,15603,15995,15682,37488]
[20180814,15886,15956,16016,15729,41560]
[20180813,15934,15873,15986,15803,33378]
[20180810,16060,15956,16112,15838,36160]
[20180809,16051,16060,16151,15929,35288]
[20180808,15764,16051,16151,15712,57702]
[20180807,15573,15821,15864,15442,74226]
[20180806,15664,15499,15842,15499,64128]
[20180803,15929,15647,15956,15534,60450]
[20180802,15895,15908,15990,15825,42310]
[20180801,16138,15916,16156,15895,60066]
[20180731,16086,16077,16164,16016,45714]
[20180730,16338,16073,16338,15969,83102]
[20180727,16325,16295,16469,16321,41696]
[20180726,16304,16356,16386,16208,46900]
[20180725,16208,16356,16425,16156,55808]
[20180724,16151,16190,16169,16025,26916]
[20180723,15999,16095,16108,15990,29276]
[20180720,15906,16069,16199,15906,45080]
[20180719,15944,16037,16365,15910,67908]
[20180718,15986,16050,16097,15893,40702]
[20180717,16178,15931,16254,15876,56192]
[20180716,16080,16161,16463,16033,82948]
[20180713,16046,16152,16156,15957,50734]
[20180712,16207,16042,16365,16037,68328]
[20180711,16501,16216,16548,15982,95280]
[20180710,16731,16509,16811,16531,47788]
[20180709,16616,16782,16777,16594,48388]
[20180706,16811,16616,16828,16548,69616]
[20180705,16888,16765,16909,16603,75750]
[20180704,17096,16811,17169,16913,62150]
[20180703,17113,17147,17211,17054,60222]
[20180702,17449,17096,17505,17024,77266]
[20180629,17437,17437,17479,17254,84320]
[20180628,17181,17330,17543,17181,122686]
[20180627,16858,17305,17177,16854,81340]
[20180626,16709,16867,16960,16650,87746]
[20180625,16667,16752,16837,16599,43204]
[20180622,16595,16828,16633,16349,45714]
[20180621,16616,16574,16716,16549,32062]
[20180620,16691,16653,16737,16599,36834]
[20180619,16716,16670,16945,16633,34258]
[20180615,16841,16820,16945,16766,42646]
[20180614,17074,16928,17300,16828,81128]
[20180613,17095,17174,17129,16999,32262]
[20180612,17091,17091,17199,17049,31356]
[20180611,16987,17137,17170,16949,54792]
[20180608,17258,17037,17312,16933,68158]
[20180607,17258,17254,17350,17124,65752]
[20180606,17195,17241,17325,17091,92762]
[20180605,16587,17224,17241,16553,224380]
[20180604,16578,16591,16687,16474,45560]
[20180601,16649,16578,16737,16428,62818]
[20180531,16578,16591,16762,16553,58952]
[20180530,16712,16591,16716,16495,64518]
[20180529,16582,16678,16849,16466,103596]
[20180528,16603,16507,16641,16370,83254]
[20180525,16674,16524,16862,16641,98288]
[20180524,16457,16653,16758,16362,92052]
[20180523,16578,16399,16587,16274,42982]
[20180522,16111,16482,16470,16111,58248]
[20180521,15916,16128,16191,15916,32878]
[20180518,15740,15974,16007,15736,20914]
[20180517,15671,15761,15914,15643,40396]
[20180516,15724,15728,15797,15602,32232]
[20180515,15777,15712,15829,15647,35186]
[20180514,15594,15781,16056,15550,80934]
[20180511,15412,15679,15598,15412,50578]
[20180510,15343,15558,15363,15278,28054]
[20180509,15359,15319,15392,15230,35550]
[20180508,15298,15319,15380,15262,29442]
[20180507,15019,15315,15371,14990,56180]
[20180504,15015,14999,15051,14930,39018]
[20180503,15043,14966,15080,14913,35482]
[20180502,14873,15015,15071,14832,28674]
[20180427,14768,14873,14938,14751,47316]
[20180426,14820,14784,14820,14678,52406]
[20180425,14922,14796,14946,14763,37514]
[20180424,14836,14917,14926,14784,31918]
[20180423,14966,14873,14970,14836,37200]
[20180420,14792,14889,14865,14703,46284]
[20180419,14917,14731,15015,14824,58308]
[20180418,14630,14930,14792,14605,62520]
[20180417,14703,14662,14832,14626,55344]
[20180416,14711,14768,14719,14415,65836]
[20180413,14727,14658,14731,14519,46346]
[20180412,14839,14687,14943,14707,54504]
[20180411,14819,14787,14903,14775,23990]
[20180410,14911,14831,14911,14731,37440]
[20180409,14979,14823,15015,14775,25922]
[20180404,15044,14983,15044,14919,33270]
[20180403,15104,14995,15148,14943,39316]
[20180402,15080,15088,15312,15068,49822]
[20180330,15015,15136,15124,14879,43478]
[20180329,14943,14975,15052,14867,49912]
[20180328,14871,14927,15011,14819,54014]
[20180327,14807,14891,14959,14743,51620]
[20180326,14775,14823,14867,14659,58094]
[20180323,14987,14735,15068,14655,83132]
[20180322,14787,15023,15164,14739,84726]
[20180321,14731,14783,14763,14547,45988]
[20180320,14691,14595,14783,14627,39350]
[20180319,14859,14691,14927,14671,43228]
[20180316,14775,14879,14887,14727,43500]
[20180315,14827,14779,14911,14723,51168]
[20180314,14751,14803,14759,14623,28662]
[20180313,14662,14679,14686,14455,33836]
[20180312,14742,14606,14846,14670,34556]
[20180309,14778,14690,14842,14622,38368]
[20180308,14930,14814,14970,14722,39240]
[20180307,14906,14894,14990,14862,28756]
[20180306,14898,14874,14954,14770,37092]
[20180305,15073,14914,15129,14954,34122]
[20180302,15109,15093,15113,14990,39034]
[20180301,15309,15101,15313,15197,36342]
[20180228,15556,15269,15560,15285,42776]
[20180227,15556,15509,15628,15513,26180]
[20180226,15409,15600,15541,15373,37408]
[20180223,15361,15445,15521,15361,28372]
[20180222,15397,15433,15441,15293,11866]
[20180214,15170,15365,15417,15126,23718]
[20180213,15162,15158,15174,15066,23114]
[20180212,15273,15126,15289,15150,37324]
[20180209,15245,15241,15297,15122,39076]
[20180208,15241,15217,15345,15154,42960]
[20180207,15445,15305,15473,15261,40104]
[20180206,15516,15357,15652,15465,32684]
[20180205,15616,15564,15763,15544,43864]
[20180202,15664,15644,15767,15616,39234]
[20180201,15512,15743,15656,15445,40984]
[20180131,15660,15488,15660,15421,41904]
[20180130,15811,15568,15811,15504,54698]
[20180129,15576,15716,15851,15500,58540]
[20180126,15572,15512,15640,15457,47654]
[20180125,15636,15604,15851,15576,64558]
[20180124,15732,15664,15763,15588,41992]
[20180123,15532,15732,15787,15480,63540]
[20180122,15600,15516,15600,15385,47008]
[20180119,15461,15496,15616,15425,53332]
[20180118,15297,15473,15413,15206,40718]
[20180117,14994,15281,15353,14994,41796]
[20180116,15306,15058,15346,14982,36396]
[20180115,15278,15322,15346,15186,31540]
[20180112,15574,15294,15574,15326,30360]
[20180111,15574,15498,15590,15446,22216]
[20180110,15637,15566,15729,15462,35124]
[20180109,15498,15701,15701,15442,36752]
[20180108,15522,15470,15653,15458,44732]
[20180105,15502,15570,15618,15442,37854]
[20180104,15474,15498,15578,15346,42916]
[20180103,15326,15430,15494,15262,53340]
[20180102,15326,15314,15358,15086,30882]
[20171229,15342,15298,15374,15262,41100]
[20171228,15318,15330,15446,15250,50794]
[20171227,15258,15282,15262,15110,37580]
[20171226,15318,15206,15318,15098,36874]
[20171225,15322,15266,15406,15198,46654]
[20171222,15282,15298,15382,15146,46992]
[20171221,15418,15266,15462,15074,65002]
[20171220,15362,15426,15530,15326,35908]
[20171219,15518,15382,15598,15318,38946]
[20171218,15206,15490,15537,15150,35540]
[20171215,15130,15178,15222,15086,23812]
[20171214,15374,15150,15374,15166,32664]
[20171213,15366,15374,15390,15190,45026]
[20171212,14843,15322,15585,14819,68884]
[20171211,14719,14863,14863,14655,45522]
[20171208,14931,14695,15047,14671,60370]
[20171207,15023,15015,15098,14815,51622]
[20171206,15086,14983,15142,14751,54380]
[20171205,15258,15106,15286,15047,56960]
[20171204,15031,15202,15474,14983,75876]
[20171201,14775,15102,14979,14675,54482]
[20171130,14568,14795,14687,14516,53370]
[20171129,14687,14588,14747,14428,63836]
[20171128,14608,14655,14763,14472,70722]
[20171127,14915,14631,14923,14568,58726]
[20171124,14631,14879,14827,14592,61280]
[20171123,15094,14663,15102,14608,79338]
[20171122,14983,15059,15146,14939,49042]
[20171121,14855,14995,15007,14763,55596]
[20171120,14687,14955,14971,14627,48320]
[20171117,14831,14663,14851,14584,44732]
[20171116,14887,14791,14907,14675,41400]
[20171115,15294,14799,15310,14779,52224]
[20171114,15326,15254,15450,15178,58764]
[20171113,15406,15218,15505,15322,64686]
[20171110,15110,15465,15434,14991,61208]
[20171109,15023,15090,15170,14907,51280]
[20171108,15031,15003,15242,14875,49074]
[20171107,15043,15126,15198,14955,59512]
[20171106,14899,15094,15054,14775,56164]
[20171103,14947,14879,15015,14723,68436]
[20171102,14967,14915,15019,14807,62034]
[20171101,14795,14895,15246,14723,82770]
[20171031,14568,14783,14883,14508,74538]
[20171030,14871,14584,14899,14536,85260]
[20171027,15250,14879,15266,14779,94704]
[20171026,15234,15234,15461,15198,77830]
[20171025,15461,15290,15469,15146,78566]
[20171024,15338,15378,15629,15330,79588]
[20171023,15310,15414,15473,15094,103082]
[20171020,15318,15406,15549,15043,110766]
[20171019,15485,15270,15617,15298,77246]
[20171018,16032,15430,16088,15374,99412]
[20171017,16355,15984,16495,15904,81764]
[20171016,16375,16479,16489,16137,53278]
[20171013,16418,16327,16537,16212,55192]
[20171012,16402,16422,16505,16193,53486]
[20171011,16402,16216,16624,16276,60628]
[20171010,16711,16395,16751,16339,66890]
[20171009,16798,16577,16957,16569,37760]
[20170929,16458,16676,16842,16228,115292]
[20170928,16300,16545,16355,16145,98014]
[20170927,16355,16268,16458,16153,118926]
[20170926,16371,16335,16529,16212,143476]
[20170925,16228,16256,16596,15979,342602]
[20170922,16501,16177,16679,15726,347120]
[20170921,16347,16434,16557,16244,224878]
[20170920,15840,16434,16442,15627,197446]
[20170919,15690,15900,15967,15686,109250]
[20170918,15243,15872,15789,15009,109034]
[20170915,15254,15195,15330,14994,99426]
[20170914,14945,15177,15288,14815,105738]
[20170913,14498,14964,15032,14445,95884]
[20170912,14338,14548,14613,14284,67594]
[20170911,14395,14326,14395,14105,77132]
[20170908,14483,14304,14670,14239,78236]
[20170907,14517,14513,14670,14426,54206]
[20170906,14796,14594,14807,14349,91462]
[20170905,14922,14716,14956,14807,48636]
[20170904,14826,14876,15124,14815,76286]
[20170901,14792,14918,14922,14643,69374]
[20170831,14807,14666,14937,14700,109544]
[20170830,14788,14735,14884,14586,99612]
[20170829,14578,14769,14636,14365,75372]
[20170828,14868,14441,14960,14307,104816]
[20170825,14658,14899,14903,14639,87240]
[20170824,14884,14723,15074,14731,102658]
[20170823,14823,14922,15219,14708,179894]
[20170822,14960,14823,15025,14513,112084]
[20170821,15101,14968,15296,14796,133754]
[20170818,15261,15281,15395,14918,112752]
[20170817,14945,15315,15674,14945,120204]
[20170816,14716,15086,14891,14689,50434]
[20170815,14536,14723,14750,14506,32782]
[20170814,14574,14571,14674,14433,34478]
[20170811,14819,14639,14834,14445,51856]
[20170810,14952,14689,14991,14742,51508]
[20170809,14513,14960,15422,14433,63474]
[20170808,14513,14487,14632,14487,45082]
[20170807,14254,14540,14586,14166,64238]
[20170804,14105,14204,14296,14086,32334]
[20170803,14071,14101,14338,14032,56818]
[20170802,13884,14132,14090,13845,48208]
[20170801,14009,13903,14067,13868,37016]
[20170731,13845,14032,14109,13819,70054]
[20170728,13884,13884,13971,13716,76570]
[20170727,13674,13880,13918,13628,84852]
[20170726,13483,13716,13838,13483,90648]
[20170725,13330,13582,13475,13307,49398]
[20170724,13361,13334,13467,13257,36622]
[20170721,13254,13376,13322,13135,30196]
[20170720,13273,13261,13318,13124,37256]
[20170719,13375,13242,13433,13261,35646]
[20170718,13528,13394,13665,13337,42764]
[20170717,13478,13596,13627,13379,36168]
[20170714,13608,13463,13638,13307,43132]
[20170713,13673,13627,13707,13547,29030]
[20170712,13673,13692,13772,13566,44738]
[20170711,13406,13733,13711,13334,62986]
[20170710,13520,13368,13623,13364,51704]
[20170707,13440,13577,13596,13353,42716]
[20170706,13284,13436,13433,13189,48180]
[20170705,13486,13227,13657,13273,72016]
[20170704,13749,13554,13867,13452,51996]
[20170703,13558,13764,13840,13501,50898]
[20170630,13520,13554,13619,13391,60230]
[20170629,13463,13513,13608,13398,58250]
[20170628,13261,13410,13627,13246,76178]
[20170627,13101,13307,13284,13048,50846]
[20170626,13242,13082,13254,12987,52964]
[20170623,13444,13124,13452,13155,36218]
[20170622,13451,13375,13485,13315,46436]
[20170621,13326,13413,13417,13205,53152]
[20170620,13167,13326,13447,13126,48190]
[20170619,13069,13175,13224,12982,48418]
[20170616,12952,13080,13145,12948,47082]
[20170615,12838,12986,13020,12800,64830]
[20170614,12838,12808,12872,12619,60702]
[20170613,12884,12766,12895,12649,56890]
[20170612,12846,12865,12948,12725,51472]
[20170609,12611,12850,12797,12502,59998]
[20170608,12468,12608,12668,12388,61236]
[20170607,12547,12494,12691,12388,82442]
[20170606,12441,12574,12645,12403,72378]
[20170605,12184,12430,12577,12131,75428]
[20170602,12158,12260,12290,12101,59788]
[20170601,11999,12177,12229,11950,62288]
[20170531,12048,11984,12260,11927,38448]
[20170526,12048,12195,12108,11991,48774]
[20170525,12040,12029,12086,11961,42190]
[20170524,11980,12029,12082,11844,52898]
[20170523,12006,11950,12131,11874,40998]
[20170522,11797,11987,12037,11797,48258]
[20170519,11687,11904,11824,11527,52442]
[20170518,12010,11592,12022,11717,51746]
[20170517,11934,11946,12014,11877,44132]
[20170516,12144,11896,12208,11816,66198]
[20170515,12231,12113,12258,12060,58482]
[20170512,12402,12163,12418,12163,61084]
[20170511,12307,12383,12501,12223,61462]
[20170510,12223,12326,12391,12220,60442]
[20170509,12231,12292,12265,12113,49616]
[20170508,12216,12147,12319,12029,70754]
[20170505,12140,12277,12330,12109,54830]
[20170504,12319,12174,12353,12079,56894]
[20170503,12558,12258,12574,12326,46988]
[20170502,12558,12509,12829,12456,29162]
[20170428,12372,12730,12505,12296,71228]
[20170427,12281,12353,12368,12254,50486]
[20170426,12185,12315,12338,12144,65794]
[20170425,12193,12178,12212,12026,54872]
[20170424,12178,12155,12227,12007,80118]
[20170421,12288,12166,12414,12185,75514]
[20170420,12140,12357,12349,12079,87018]
[20170419,12273,12300,12281,11835,100200]
[20170418,12589,12125,12669,12166,61928]
[20170417,12353,12596,12844,12353,45186]
[20170414,12594,12714,12632,12311,54092]
[20170413,12502,12582,12663,12349,57752]
[20170412,12598,12468,12644,12257,88160]
[20170411,12601,12594,12651,12437,64776]
[20170410,12513,12468,12747,12429,79892]
[20170407,13508,12556,13508,12483,118492]
[20170406,13440,13417,13543,13332,54158]
[20170405,13241,13485,13489,13172,41134]
[20170331,13256,13313,13463,13214,85536]
[20170330,13359,13309,13459,13107,99900]
[20170329,13325,13344,13547,13187,111078]
[20170328,13585,13286,13631,13126,101386]
[20170327,13899,13485,14017,13539,75150]
[20170324,14239,13922,14239,13853,75368]
[20170323,14025,14063,14381,13910,88136]
[20170322,14236,14128,14236,13719,58116]
[20170321,14205,14178,14239,13929,38264]
[20170320,14151,14193,14317,14001,35038]
[20170317,14224,14178,14224,13982,28510]
[20170316,13878,14136,14186,13878,42940]
[20170315,13747,14016,13993,13585,60794]
[20170314,13997,13743,14105,13789,41050]
[20170313,13782,14063,14055,13693,60746]
[20170310,13605,13820,13816,13605,42090]
[20170309,13893,13632,13924,13508,67598]
[20170308,13862,13847,13943,13635,61188]
[20170307,13932,13859,14013,13816,44988]
[20170306,14274,13859,14347,13862,64440]
[20170303,14444,14259,14444,14182,44204]
[20170302,14424,14378,14632,14382,58788]
[20170301,14251,14440,14382,14193,55924]
[20170228,14340,14251,14390,14147,75224]
[20170227,14451,14290,14605,14224,72188]
[20170224,14478,14436,14555,14186,61500]
[20170223,14586,14486,14728,14320,52994]
[20170222,14702,14582,14732,14397,44862]
[20170221,14578,14713,14871,14574,36332]
[20170220,14486,14651,14582,14381,40392]
[20170217,14606,14463,14675,14424,48206]
[20170216,14876,14633,15031,14613,59428]
[20170215,15325,14853,15352,14884,58428]
[20170214,15456,15228,15476,15097,58942]
[20170213,15128,15445,15518,15073,73952]
[20170210,14915,15089,15097,14830,62380]
[20170209,14903,14965,15178,14857,56280]
[20170208,14536,15120,15012,14463,74364]
[20170207,14436,14528,14629,14408,41988]
[20170206,14316,14436,14590,14285,49556]
[20170203,14524,14339,14602,14231,25388]
[20170126,14497,14501,14745,14443,61014]
[20170125,14428,14544,14629,14428,58764]
[20170124,14459,14555,14582,14188,65894]
[20170123,14033,14513,14691,13929,88270]
[20170120,14273,13995,14304,13782,64944]
[20170119,14308,14269,14385,14153,56750]
[20170118,14227,14258,14451,14142,59670]
[20170117,14741,14188,14807,14037,57230]
[20170116,14516,14753,14842,14381,69096]
[20170113,14547,14447,14749,14268,59342]
[20170112,14555,14695,14610,14237,75732]
[20170111,14578,14474,14745,14439,68102]
[20170110,14005,14683,14629,13989,86954]
[20170109,13985,14028,14094,13834,71692]
[20170106,13869,13993,14047,13753,84528]
[20170105,13749,13776,13977,13718,84508]
[20170104,13582,13737,13737,13400,81426]
[20170103,13702,13636,13869,13481,40936]
[20161230,13718,13822,13819,13423,110830]
[20161229,13760,13679,13904,13516,113296]
[20161228,13725,13555,14063,13574,128060]
[20161227,13493,13632,13729,13388,108288]
[20161226,14078,13598,14307,13237,160726]
[20161223,13819,14171,14392,13787,158884]
[20161222,14253,13935,14288,13966,117500]
[20161221,14129,14253,14474,14047,148824]
[20161220,14416,14094,14416,13698,166264]
[20161219,15261,14059,15300,14547,117470]
[20161216,15819,15172,15893,15377,94920]
[20161215,15974,15827,16246,15707,88772]
[20161214,16118,15846,16137,15753,73616]
[20161213,15870,15974,16145,15780,77648]
[20161212,15912,15831,16254,15649,74596]
[20161209,16227,15893,16330,15662,78930]
[20161208,16280,16238,16649,15943,109384]
[20161207,15685,16457,16334,15544,135280]
[20161206,15578,15593,15939,15517,91794]
[20161205,15501,15739,15743,15095,131440]
[20161202,16261,15260,16345,15348,121874]
[20161201,15808,16165,16476,15701,189122]
[20161130,16944,15920,16994,15862,246828]
[20161129,16675,16764,17604,16541,246912]
[20161128,15708,16837,16603,15593,143412]
[20161125,15271,15904,15712,15206,113908]
[20161124,14672,15497,15425,14596,100482]
[20161123,14588,14672,14853,14400,68334]
[20161122,14028,14596,14657,13871,65288]
[20161121,13706,14032,14074,13556,57172]
[20161118,13698,13755,13794,13506,32186]
[20161117,14039,13775,14089,13353,53560]
[20161116,13644,13963,14312,13590,75658]
[20161115,13544,13801,14247,13518,63954]
[20161114,13368,13717,14039,12927,71238]
[20161111,13353,13583,13410,13092,31368]
[20161110,12900,13245,13402,12892,52518]
[20161109,12796,12953,13080,12700,30342]
[20161108,12996,12827,13122,12765,26726]
[20161107,12788,13103,13118,12739,25214]
[20161104,12777,12754,12854,12708,12362]
[20161103,12543,12754,12777,12508,9876]
[20161102,12723,12551,12784,12455,21858]
[20161101,12662,12750,12999,12604,32754]
[20161031,12604,12623,12727,12493,21884]
[20161028,12512,12669,12650,12459,17914]
[20161027,12501,12485,12692,12401,25206]
[20161026,12558,12612,12742,12286,27332]
[20161025,12137,12719,12551,12114,26574]
[20161024,12056,12144,12171,11976,20190]
[20161021,11849,12025,12114,11830,22882]
[20161020,11799,11910,11999,11723,18050]
[20161019,11903,11769,11903,11753,9194]
[20161018,11803,11872,11945,11757,8602]
[20161017,11734,11792,11884,11723,9252]
[20161014,11700,11757,11784,11631,8022]
[20161013,11916,11646,12000,11669,15144]
[20161012,11989,11989,12011,11852,11724]
[20161011,11973,11954,12103,11928,13912]
[20161010,11661,11951,12038,11646,13392]
[20160930,11509,11715,11760,11471,29682]
[20160929,11220,11494,11509,11220,21390]
[20160928,11220,11293,11254,11110,11832]
[20160927,11019,11201,11327,10992,28478]
[20160926,10992,11003,11049,10905,10144]
[20160923,11091,10977,11216,10893,11756]
[20160922,11091,11144,11102,10950,11434]
[20160921,11049,11080,11216,11038,16814]
[20160920,10840,11080,11026,10840,11486]
[20160919,10817,10908,10920,10745,5284]
[20160914,10741,10813,10741,10653,7110]
[20160913,10566,10722,10711,10566,7078]
[20160912,10817,10596,10817,10513,10512]
[20160909,10794,10806,10825,10722,5912]
[20160908,10809,10745,10927,10771,6810]
[20160907,10977,10897,10981,10821,7334]
[20160906,11118,10893,11133,10984,8788]
[20160905,11133,11118,11145,10900,23808]
[20160902,11030,11118,11392,10961,36360]
[20160901,10553,11061,11000,10546,20592]
[20160831,10561,10599,10618,10530,8866]
[20160830,10607,10569,10607,10500,7908]
[20160829,10679,10565,10710,10572,7574]
[20160826,10656,10664,10717,10576,7804]
[20160825,10675,10614,10733,10588,11800]
[20160824,10626,10691,10675,10599,8568]
[20160823,10603,10622,10649,10569,7214]
[20160822,10679,10599,10702,10561,5452]
[20160819,10576,10668,10679,10546,7520]
[20160818,10431,10580,10618,10397,8006]
[20160817,10347,10420,10439,10328,6116]
[20160816,10355,10336,10443,10309,6672]
[20160815,10569,10363,10584,10313,6822]
[20160812,10618,10530,10622,10538,4502]
[20160811,10591,10607,10660,10481,6390]
[20160810,10503,10568,10591,10446,5832]
[20160809,10599,10515,10676,10484,6738]
[20160808,10664,10637,10668,10519,8502]
[20160805,10530,10649,10668,10481,7756]
[20160804,10557,10507,10633,10534,5162]
[20160803,10664,10553,10729,10534,9700]
[20160802,10710,10637,10756,10584,12508]
[20160801,10553,10729,10809,10511,16240]
[20160729,10408,10603,10553,10381,17726]
[20160728,10484,10423,10538,10358,16438]
[20160727,10549,10523,10599,10454,17484]
[20160726,10400,10568,10580,10301,29784]
[20160725,10232,10404,10450,10148,22742]
[20160722,10247,10217,10328,10217,10392]
[20160721,10091,10251,10339,10048,9064]
[20160720,10198,10075,10243,10121,9022]
[20160719,10136,10163,10240,10048,10872]
[20160718,10266,10091,10297,10041,10144]
[20160715,10159,10263,10278,10140,12514]
[20160714,10140,10198,10171,10064,6684]
[20160713,10148,10136,10282,10075,15224]
[20160712,10068,10156,10167,10003,9692]
[20160711,9983,10052,10068,9922,8902]
[20160708,9961,9995,10029,9915,9120]
[20160707,9961,9987,10094,9899,9482]
[20160706,10098,9938,10171,9934,9074]
[20160705,10351,10159,10373,10037,10126]
[20160704,10285,10358,10458,10266,11606]
[20160701,10173,10351,10220,10077,10744]
[20160630,10050,10177,10173,10050,0]
[20160629,9985,10050,10050,9985,0]
[20160628,9985,9985,9985,9985,0]
[20160627,9985,9985,9985,9985,0]
[20160624,10043,9985,10043,9985,0]
[20160623,9985,10043,10043,9985,4]
[20160622,9997,9985,9997,9985,0]
[20160621,9981,9997,9997,9981,0]
[20160620,9981,9981,9981,9981,0]
[20160617,9981,9981,9981,9981,0]
[20160616,9981,9981,9981,9981,0]
[20160615,9981,9981,9981,9981,0]
[20160614,10031,9981,10031,9981,0]
[20160613,9997,10031,10031,9997,0]
[20160608,9993,9997,9993,9993,0]
[20160607,9997,9993,9997,9993,0]
[20160606,10073,9997,10073,9997,0]
[20160603,10073,10073,10073,10073,0]
[20160602,9909,10073,10081,9909,7222]
[20160601,10038,9944,10066,9901,5814]
[20160531,10050,10026,10105,9972,3822]
[20160530,10058,10070,10089,10015,3450]
[20160527,10030,10081,10085,9940,5562]
[20160526,9964,10046,10042,9878,5360]
[20160525,9936,9929,9995,9870,5774]
[20160524,9889,9913,9972,9862,6630]
[20160523,10058,9901,10081,9925,10152]
[20160520,10054,10042,10054,9929,8288]
[20160519,10038,9995,10175,9948,10496]
[20160518,10117,9976,10152,10030,7030]
[20160517,10089,10105,10183,10050,6602]
[20160516,10093,10073,10156,10011,7694]
[20160513,10277,10124,10289,10066,8700]
[20160512,10301,10273,10375,10124,7700]
[20160511,10160,10336,10293,10160,6308]
[20160510,10148,10191,10222,10066,6528]
[20160509,10085,10117,10214,10062,9104]
[20160506,10293,10132,10293,10018,7380]
[20160505,10348,10246,10372,10231,3412]
[20160504,10510,10337,10510,10246,5570]
[20160503,10415,10482,10514,10364,5578]
[20160429,10293,10396,10415,10274,6710]
[20160428,10348,10313,10360,10238,6654]
[20160427,10301,10317,10392,10278,6092]
[20160426,10498,10333,10537,10246,10776]
[20160425,10561,10494,10726,10364,14814]
[20160422,10659,10596,10734,10388,14844]
[20160421,10655,10722,10710,10541,16236]
[20160420,10455,10636,10620,10455,11984]
[20160419,10459,10478,10525,10360,8122]
[20160418,10411,10474,10502,10380,6918]
[20160415,10537,10423,10553,10407,5950]
[20160414,10404,10533,10565,10404,8704]
[20160413,10309,10443,10561,10270,9818]
[20160412,10254,10293,10270,10207,2752]
[20160411,10234,10258,10407,10199,4070]
[20160408,10384,10270,10384,10199,4060]
[20160407,10317,10345,10443,10289,2458]
[20160406,10364,10333,10396,10313,1170]
[20160405,10470,10356,10470,10356,1068]
[20160401,10369,10439,10474,10314,5608]
[20160331,10554,10357,10554,10369,4]
[20160330,10598,10400,10598,10554,0]
[20160329,10527,10598,10598,10527,4]
[20160328,10527,10527,10527,10527,0]
[20160325,10492,10527,10550,10445,3724]
[20160324,10550,10515,10569,10468,6742]
[20160323,10573,10500,10659,10527,5938]
[20160322,10577,10542,10651,10569,5910]
[20160321,10573,10612,10682,10472,7838]
[20160318,10639,10620,10721,10589,11766]
[20160317,10484,10659,10659,10430,7192]
[20160316,10519,10468,10573,10468,7990]
[20160315,10647,10535,10686,10577,4450]
[20160314,10706,10674,10741,10577,7116]
[20160311,10577,10702,10706,10511,6106]
[20160310,10601,10558,10725,10573,6628]
[20160309,10725,10643,10776,10484,11414]
[20160308,10885,10659,11107,10674,9696]
[20160307,10819,11002,10990,10733,9524]
[20160304,10815,10826,10865,10721,9568]
[20160303,10690,10799,10869,10690,7882]
[20160302,10663,10764,10748,10612,6852]
[20160301,10702,10678,10737,10515,7440]
[20160229,10647,10690,10776,10565,14612]
[20160226,10530,10674,10639,10476,11680]
[20160225,10511,10538,10717,10511,11658]
[20160224,10608,10530,10616,10503,8638]
[20160223,10795,10589,10850,10487,12890]
[20160222,10589,10780,10803,10565,13944]
[20160219,10445,10628,10671,10413,15460]
[20160218,10550,10456,10554,10413,11318]
[20160217,10612,10526,10659,10491,8982]
[20160216,10706,10604,10737,10577,8264]
[20160215,10838,10659,10838,10581,5108]
[20160205,11026,10678,11026,10673,6610]
[20160204,10807,11022,11073,10767,11810]
[20160203,10752,10807,10846,10669,12270]
[20160202,10720,10807,10775,10681,13894]
[20160201,10610,10716,10803,10607,19130]
[20160129,10355,10689,10744,10320,20126]
[20160128,10387,10344,10406,10281,5774]
[20160127,10210,10363,10395,10187,9670]
[20160126,10050,10187,10183,10030,6682]
[20160125,10085,10073,10116,10026,4446]
[20160122,10038,10073,10112,9983,9484]
[20160121,10093,10038,10128,10002,6264]
[20160120,10214,10089,10218,10050,7176]
[20160119,10104,10203,10242,10034,8922]
[20160118,9842,10097,10120,9834,10930]
[20160115,10053,9865,10140,9865,11176]
[20160114,9975,10065,10101,9928,8460]
[20160113,9849,9987,9991,9849,7472]
[20160112,9951,9908,9991,9822,7782]
[20160111,10132,9983,10136,9987,6002]
[20160108,10010,10108,10159,9979,9274]
[20160107,10301,10034,10332,10053,6162]
[20160106,10328,10293,10355,10238,8128]
[20160105,10226,10348,10371,10218,6178]
[20160104,10226,10238,10386,10187,6584]
[20151231,10183,10331,10269,10179,7040]
[20151230,10176,10207,10292,10148,10102]
[20151229,10078,10168,10156,10031,6880]
[20151228,10250,10078,10253,10078,5994]
[20151225,10168,10234,10273,10144,5566]
[20151224,10222,10191,10288,10160,9532]
[20151223,10148,10273,10238,10047,8708]
[20151222,10179,10152,10246,10117,9172]
[20151221,10039,10226,10250,9965,12320]
[20151218,9973,10004,10016,9844,19062]
[20151217,10063,9965,10218,9981,13876]
[20151216,10086,10125,10164,10055,7192]
[20151215,10140,10125,10261,10063,8478]
[20151214,10176,10172,10261,10125,8398]
[20151211,10000,10144,10207,10000,9170]
[20151210,10187,10066,10222,10039,10214]
[20151209,10031,10187,10152,9922,7800]
[20151208,10125,9950,10148,10035,7688]
[20151207,10016,10121,10152,9946,6078]
[20151204,9817,9985,9969,9774,6278]
[20151203,10125,9841,10125,9747,3440]
[20151202,9774,9841,9954,9774,4276]
[20151201,9751,9825,9839,9637,8270]
[20151130,9594,9748,9744,9560,10610]
[20151127,9866,9617,9970,9583,14136]
[20151126,9575,9805,9970,9487,16486]
[20151125,9602,9514,9694,9464,14048]
[20151124,9173,9548,9575,9120,18368]
[20151123,9414,9192,9510,9112,17306]
[20151120,9162,9399,9468,9035,19944]
[20151119,9303,9074,9399,9062,14608]
[20151118,9388,9242,9483,9192,11792]
[20151117,9556,9411,9598,9284,11780]
[20151116,9648,9545,9725,9548,5128]
[20151113,9640,9679,9763,9568,6206]
[20151112,9762,9614,9785,9561,3708]
[20151111,9766,9694,9785,9622,2892]
[20151110,9937,9717,9937,9683,3554]
[20151109,9891,9869,9918,9831,1794]
[20151106,9884,9880,9910,9827,3320]
[20151105,10020,9842,10085,9872,3324]
[20151104,9918,9986,10047,9797,2750]
[20151103,9907,9869,9998,9895,2278]
[20151102,10032,9914,10032,9903,5302]
[20151030,10032,9982,10032,10032,0]
[20151029,9951,10032,10032,9951,0]
[20151028,9924,9951,9951,9924,0]
[20151027,9909,9924,9924,9909,0]
[20151026,9897,9909,9909,9897,0]
[20151023,9874,9897,9897,9874,2]
[20151022,10208,9874,10208,9874,0]
[20151021,10227,10208,10227,10208,0]
[20151020,10277,10227,10277,10227,2]
[20151019,10284,10277,10284,10277,0]
[20151016,10165,10284,10284,10165,6]
[20151015,10192,10165,10192,10165,0]
[20151014,10119,10192,10192,10119,0]
[20151013,10160,10119,10172,10038,4678]
[20151012,10164,10157,10294,10064,5290]
[20151009,9948,10227,10194,9766,5460]
[20151008,10119,9933,10119,9948,2548]
[20150930,9829,9997,10172,9822,9842]
[20150929,9673,9848,9807,9635,5488]
[20150928,9881,9673,9896,9766,2800]
[20150925,9863,9851,9915,9844,4530]
[20150924,9818,9874,9904,9788,5004]
[20150923,9769,9863,9825,9680,6124]
[20150922,9822,9732,9863,9710,5570]
[20150921,9863,9807,9907,9680,7828]
[20150918,9904,9881,9948,9874,1872]
[20150917,9918,9926,9967,9896,2792]
[20150916,9837,9948,9959,9837,3444]
[20150915,9859,9866,9904,9788,4618]
[20150914,9974,9848,9993,9844,3282]
[20150911,9985,9926,10026,9889,4430]
[20150910,9918,9963,10000,9889,4294]
[20150909,9807,9944,9963,9807,6096]
[20150908,9915,9904,9944,9732,5042]
[20150907,9851,9881,9997,9848,2592]
[20150902,9848,9944,9967,9829,1856]
[20150901,9892,9885,9918,9788,1926]
[20150831,10022,9833,10022,9859,3342]
[20150828,9903,9907,10074,9874,6476]
[20150827,9789,9911,9915,9722,5586]
[20150826,9815,9796,9948,9763,6416]
[20150825,9622,9863,9818,9433,7600]
[20150824,9789,9525,9992,9663,6076]
[20150821,9911,9815,10144,9714,5302]
[20150820,9859,9974,9929,9829,4808]
[20150819,9755,9874,9855,9655,4960]
[20150818,9866,9740,9918,9777,4924]
[20150817,9852,9892,9929,9763,4670]
[20150814,9866,9822,9929,9770,3894]
[20150813,9826,9889,10022,9726,8430]
[20150812,9822,9941,9848,9711,7656]
[20150811,9677,9759,9874,9674,6792]
[20150810,9488,9700,9718,9433,4738]
[20150807,9511,9466,9540,9459,3824]
[20150806,9577,9499,9585,9503,2240]
[20150805,9529,9555,9648,9529,3460]
[20150804,9507,9603,9548,9377,4078]
[20150803,9602,9462,9676,9522,2264]
[20150430,9599,9661,9655,9571,4296]
[20150429,9609,9637,9623,9505,4250]
[20150428,9595,9588,9669,9526,7718]
[20150427,9484,9620,9637,9467,11778]
[20150424,9393,9519,9428,9299,7340]
[20150423,9554,9411,9568,9198,11452]
[20150422,9390,9512,9575,9387,9306]
[20150421,9414,9442,9501,9362,7654]
[20150420,9407,9435,9512,9338,12940]
[20150417,9338,9439,9554,9320,20352]
[20150416,9157,9366,9306,9143,14230]
[20150415,9052,9219,9233,9007,9704]
[20150414,9265,9063,9299,8965,18392]
[20150413,9366,9275,9397,9198,16706]
[20150410,8955,9327,9240,8934,12244]
[20150409,8854,8965,8927,8829,6086]
[20150408,8836,8854,8892,8788,1702]
[20150407,8833,8878,8836,8767,880]
[20150403,8697,8822,8850,8684,2390]
[20150402,8638,8701,8732,8607,2356]
[20150401,8593,8635,8670,8524,2116]
