[20210830,5242,5360,5374,5184,2007926]
[20210827,5095,5249,5237,5068,1993214]
[20210826,5220,5122,5285,5105,2123532]
[20210825,5239,5231,5279,5207,1664462]
[20210824,5139,5220,5241,5110,1961382]
[20210823,5104,5127,5166,5064,2151301]
[20210820,4950,5100,5124,4890,2254261]
[20210819,5100,4971,5125,4926,3025119]
[20210818,5344,5113,5362,5122,2659181]
[20210817,5308,5339,5383,5289,1363250]
[20210816,5476,5325,5498,5291,2318518]
[20210813,5438,5456,5501,5387,1566624]
[20210812,5560,5427,5589,5441,1523445]
[20210811,5500,5553,5599,5500,1161232]
[20210810,5419,5534,5505,5380,932364]
[20210809,5429,5441,5447,5319,1142916]
[20210806,5419,5422,5505,5377,1049031]
[20210805,5514,5388,5556,5426,1461331]
[20210804,5275,5511,5522,5275,1604561]
[20210803,5460,5324,5476,5297,1631501]
[20210802,5745,5435,5745,5427,2331003]
[20210730,5826,5673,5854,5731,1460304]
[20210729,5722,5830,5833,5690,1137197]
[20210728,5660,5723,5766,5646,1161261]
[20210727,5742,5673,5812,5643,1365361]
[20210726,5722,5761,5818,5685,1358539]
[20210723,5727,5703,5755,5690,1026554]
[20210722,5611,5717,5720,5543,2024755]
[20210721,5670,5610,5710,5583,1285440]
[20210720,5589,5676,5696,5527,1451671]
[20210719,5641,5585,5712,5626,1316076]
[20210716,5601,5685,5640,5502,1763189]
[20210715,5629,5614,5657,5561,1424342]
[20210714,5518,5602,5641,5500,1514776]
[20210713,5474,5529,5519,5440,1379299]
[20210712,5535,5477,5593,5479,1578553]
[20210709,5427,5503,5497,5339,1908403]
[20210708,5519,5420,5529,5415,1642474]
[20210707,5370,5495,5500,5314,1742277]
[20210706,5287,5385,5362,5277,1254673]
[20210705,5171,5296,5283,5132,1415219]
[20210702,5212,5150,5234,5123,1493841]
[20210701,5212,5210,5254,5170,1230661]
[20210630,5141,5247,5207,5112,1296506]
[20210629,5156,5126,5226,5086,1471453]
[20210628,5133,5205,5155,5061,1480305]
[20210625,5009,5145,5143,5001,1605179]
[20210624,5005,5032,5076,4966,1523148]
[20210623,4928,5060,5028,4900,1768987]
[20210622,4914,4933,4964,4874,1559534]
[20210621,5118,4875,5142,4939,2119345]
[20210618,5146,5134,5233,5072,2502468]
[20210617,5062,5156,5173,5027,1980772]
[20210616,5226,5032,5242,5051,1788289]
[20210615,5257,5208,5284,5167,1333724]
[20210611,5248,5208,5386,5244,1797586]
[20210610,5095,5290,5259,5093,2205322]
[20210609,5059,5137,5156,5033,1681174]
[20210608,5004,5070,5075,4957,1996196]
[20210607,5232,5027,5273,5009,2252808]
[20210604,5216,5236,5332,5150,2803741]
[20210603,5035,5249,5245,5027,2582704]
[20210602,5171,5045,5203,5031,2263056]
[20210601,5026,5138,5188,4903,2823168]
[20210531,4964,4921,5188,4941,3282161]
[20210528,4898,5012,5058,4874,3120706]
[20210527,4698,4928,4901,4678,2879993]
[20210526,4941,4710,4955,4712,3281017]
[20210525,5030,4894,5079,4955,2192273]
[20210524,5156,5037,5180,4861,3764858]
[20210521,5244,5139,5295,5158,2054394]
[20210520,5257,5251,5331,5065,3271541]
[20210519,5660,5230,5660,5345,2768768]
[20210518,5660,5624,5742,5637,1713684]
[20210517,5742,5663,5773,5570,3063514]
[20210514,5949,5746,5965,5702,2843355]
[20210513,6161,5897,6233,5866,3590763]
[20210512,6147,6133,6268,6052,2527357]
[20210511,6180,6156,6272,5972,3552473]
[20210510,5739,6160,6078,5707,1715468]
[20210507,5731,5770,5760,5704,1593105]
[20210506,5580,5744,5734,5580,1382009]
[20210430,5524,5655,5547,5414,2143474]
[20210429,5387,5533,5535,5376,2492565]
[20210428,5470,5432,5479,5366,2189459]
[20210427,5421,5447,5483,5421,1372943]
[20210426,5358,5436,5534,5350,3066166]
[20210423,5282,5382,5358,5262,1958186]
[20210422,5252,5275,5294,5235,2219737]
[20210421,5214,5269,5246,5182,1826209]
[20210420,5147,5221,5228,5126,1983444]
[20210419,5178,5138,5198,5116,2352436]
[20210416,5166,5180,5251,5143,2732785]
[20210415,5185,5160,5221,5144,2027726]
[20210414,5207,5181,5232,5153,1695062]
[20210413,5047,5204,5181,5041,2088668]
[20210412,5121,5059,5152,4991,2722547]
[20210409,5181,5117,5202,5097,2062732]
[20210408,5166,5190,5219,5113,2100727]
[20210407,5203,5140,5235,5113,2235294]
[20210406,5191,5190,5223,5160,857422]
[20210402,5063,5205,5194,5045,1429884]
[20210401,4974,5095,5075,4937,1250192]
[20210331,4988,4950,5064,4943,1985486]
[20210330,5009,5004,5028,4970,1385114]
[20210329,4979,4989,5050,4953,2283611]
[20210326,4821,4977,4974,4800,1974402]
[20210325,4850,4816,4874,4809,1719493]
[20210324,4734,4844,4851,4688,2201776]
[20210323,4795,4740,4811,4675,2357255]
[20210322,4796,4799,4931,4770,2710003]
[20210319,4772,4789,4837,4754,2129894]
[20210318,4813,4799,4853,4760,2134855]
[20210317,4720,4798,4825,4700,1707807]
[20210316,4820,4748,4830,4690,2092281]
[20210315,4760,4789,4822,4701,2044676]
[20210312,4760,4726,4858,4729,2369155]
[20210311,4638,4815,4735,4534,2321730]
[20210310,4647,4633,4667,4589,1688723]
[20210309,4783,4598,4828,4606,2263225]
[20210308,4732,4802,4879,4732,1770743]
[20210305,4854,4754,4854,4665,2509849]
[20210304,4876,4811,4918,4855,1604891]
[20210303,4814,4890,4956,4795,2616756]
[20210302,4670,4824,4764,4651,2026519]
[20210301,4686,4692,4735,4632,1856054]
[20210226,4712,4660,4756,4643,1660364]
[20210225,4646,4712,4777,4645,1876511]
[20210224,4580,4659,4650,4545,1456879]
[20210223,4595,4556,4659,4565,1330563]
[20210222,4554,4604,4706,4518,1929624]
[20210219,4561,4541,4618,4509,1345624]
[20210218,4516,4594,4577,4498,729067]
[20210210,4444,4504,4444,4381,802855]
[20210209,4364,4425,4449,4353,950018]
[20210208,4319,4359,4390,4295,1149775]
[20210205,4271,4301,4319,4254,1194393]
[20210204,4209,4260,4277,4200,1374239]
[20210203,4189,4212,4227,4159,1267325]
[20210202,4253,4180,4268,4155,1742257]
[20210201,4301,4250,4331,4240,1394511]
[20210129,4293,4321,4334,4248,1697730]
[20210128,4402,4295,4409,4303,1850565]
[20210127,4343,4391,4427,4319,1713652]
[20210126,4349,4338,4391,4325,1493571]
[20210125,4308,4353,4380,4274,1858377]
[20210122,4396,4288,4415,4308,1721990]
[20210121,4338,4406,4413,4299,1929022]
[20210120,4318,4325,4353,4296,1337369]
[20210119,4421,4304,4421,4310,1761663]
[20210118,4399,4405,4428,4364,1376153]
[20210115,4333,4404,4441,4332,1909904]
[20210114,4317,4361,4332,4279,1359753]
[20210113,4349,4301,4357,4281,1745917]
[20210112,4378,4339,4384,4290,2024638]
[20210111,4525,4372,4530,4360,2588238]
[20210108,4484,4500,4540,4464,1881231]
[20210107,4406,4507,4503,4392,1913811]
[20210106,4429,4427,4476,4344,1953552]
[20210105,4417,4452,4455,4388,1399995]
[20210104,4383,4430,4435,4336,1083638]
[20201231,4284,4368,4429,4275,2402904]
[20201230,4278,4312,4321,4208,3295644]
[20201229,4284,4268,4310,4234,2572186]
[20201228,4369,4256,4410,4256,2785794]
[20201225,4306,4390,4376,4237,2672575]
[20201224,4311,4322,4370,4286,2196270]
[20201223,4410,4341,4435,4269,3325921]
[20201222,4500,4406,4630,4374,3821667]
[20201221,4343,4455,4489,4300,2007899]
[20201218,4213,4319,4346,4202,2108146]
[20201217,4182,4236,4221,4157,1577158]
[20201216,4112,4191,4176,4095,1869283]
[20201215,4014,4146,4109,3990,1554937]
[20201214,4072,4005,4107,4000,1623259]
[20201211,4072,4072,4264,4026,3133388]
[20201210,4021,4106,4111,4015,1540198]
[20201209,3930,4030,4019,3920,1133322]
[20201208,3947,3944,3977,3925,892460]
[20201207,3858,3966,3957,3845,789841]
[20201204,3827,3869,3875,3791,733349]
[20201203,3869,3843,3875,3824,605111]
[20201202,3850,3864,3897,3847,589935]
[20201201,3859,3873,3871,3831,556562]
[20201130,3882,3866,3902,3849,906256]
[20201127,3843,3890,3912,3841,868562]
[20201126,3814,3872,3854,3814,638874]
[20201125,3859,3828,3871,3817,901821]
[20201124,3870,3846,3882,3855,524896]
[20201123,3939,3867,3963,3862,1159420]
[20201120,3888,3954,3938,3888,640836]
[20201119,3865,3896,3914,3865,714434]
[20201118,3878,3882,3886,3845,564010]
[20201117,3812,3870,3878,3807,1036113]
[20201116,3799,3815,3818,3771,845203]
[20201113,3789,3805,3807,3777,617829]
[20201112,3797,3797,3831,3774,845395]
[20201111,3785,3790,3817,3783,487732]
[20201110,3834,3796,3842,3777,720464]
[20201109,3751,3824,3833,3747,923837]
[20201106,3708,3755,3750,3707,614228]
[20201105,3720,3720,3732,3695,641282]
[20201104,3672,3730,3721,3672,859831]
[20201103,3681,3680,3690,3667,498062]
[20201102,3664,3683,3682,3653,622927]
[20201030,3625,3666,3675,3614,993931]
[20201029,3613,3620,3641,3606,790594]
[20201028,3582,3612,3631,3577,1044899]
[20201027,3575,3597,3588,3568,475632]
[20201026,3583,3580,3588,3563,761429]
[20201023,3602,3573,3639,3577,1066775]
[20201022,3615,3608,3632,3593,719925]
[20201021,3578,3629,3613,3575,728619]
[20201020,3582,3579,3591,3572,526799]
[20201019,3597,3579,3625,3555,1234250]
[20201016,3565,3590,3601,3554,804880]
[20201015,3585,3571,3588,3544,884918]
[20201014,3587,3576,3602,3568,623820]
[20201013,3598,3595,3606,3576,691536]
[20201012,3597,3593,3616,3589,639319]
[20201009,3558,3595,3604,3542,633942]
[20200930,3498,3550,3532,3490,997776]
[20200929,3508,3500,3508,3464,979986]
[20200928,3481,3498,3513,3468,1068382]
[20200925,3514,3472,3518,3483,897136]
[20200924,3507,3507,3524,3490,822849]
[20200923,3501,3511,3522,3463,1001771]
[20200922,3503,3510,3516,3466,900303]
[20200921,3558,3506,3566,3487,1117027]
[20200918,3542,3557,3579,3530,918423]
[20200917,3537,3538,3560,3526,939937]
[20200916,3555,3537,3574,3524,1122050]
[20200915,3619,3555,3647,3554,1188642]
[20200914,3639,3633,3641,3604,737681]
[20200911,3601,3617,3630,3584,779869]
[20200910,3636,3599,3645,3592,930648]
[20200909,3666,3643,3690,3612,1223438]
[20200908,3701,3665,3720,3679,728639]
[20200907,3715,3697,3731,3684,986001]
[20200904,3752,3725,3760,3690,973269]
[20200903,3737,3754,3777,3736,973896]
[20200902,3734,3745,3747,3714,712971]
[20200901,3735,3730,3744,3726,446855]
[20200831,3690,3736,3748,3682,920789]
[20200828,3675,3690,3694,3655,699886]
[20200827,3694,3678,3707,3663,743442]
[20200826,3666,3699,3695,3648,753895]
[20200825,3672,3676,3709,3662,559979]
[20200824,3667,3687,3700,3667,426644]
[20200821,3657,3676,3691,3656,473405]
[20200820,3685,3660,3685,3648,692488]
[20200819,3730,3674,3745,3683,732250]
[20200818,3722,3738,3739,3714,526965]
[20200817,3683,3728,3730,3678,647659]
[20200814,3681,3699,3692,3664,614177]
[20200813,3701,3673,3705,3658,734217]
[20200812,3686,3692,3700,3672,656923]
[20200811,3712,3687,3740,3683,739912]
[20200810,3720,3732,3731,3696,665922]
[20200807,3776,3725,3776,3703,832750]
[20200806,3726,3743,3768,3725,963486]
[20200805,3725,3737,3737,3700,688085]
[20200804,3722,3728,3746,3718,568923]
[20200803,3663,3742,3734,3655,1029973]
[20200731,3657,3658,3671,3616,1081748]
[20200730,3660,3661,3674,3642,743987]
[20200729,3613,3656,3668,3606,768893]
[20200728,3615,3622,3662,3608,912887]
[20200727,3642,3629,3676,3608,954159]
[20200724,3695,3651,3696,3621,1287452]
[20200723,3665,3686,3699,3662,739620]
[20200722,3662,3674,3706,3657,948361]
[20200721,3594,3683,3657,3591,942708]
[20200720,3614,3602,3641,3590,957765]
[20200717,3599,3616,3627,3580,831227]
[20200716,3633,3601,3636,3586,1068275]
[20200715,3637,3614,3654,3614,753177]
[20200714,3633,3651,3646,3609,879417]
[20200713,3586,3637,3660,3586,1239137]
[20200710,3617,3607,3617,3574,1079885]
[20200709,3602,3609,3635,3597,970382]
[20200708,3534,3619,3599,3532,1278717]
[20200707,3514,3536,3549,3514,826531]
[20200706,3518,3529,3525,3500,824778]
[20200703,3472,3513,3516,3471,1010344]
[20200702,3463,3492,3478,3458,718622]
[20200701,3466,3467,3471,3440,985723]
[20200630,3449,3460,3481,3449,814240]
[20200629,3505,3463,3505,3449,916835]
[20200624,3514,3478,3519,3505,640143]
[20200623,3511,3512,3520,3502,736166]
[20200622,3540,3510,3553,3511,1206480]
[20200619,3511,3536,3544,3505,1155046]
[20200618,3486,3509,3515,3480,1441873]
[20200617,3492,3500,3516,3470,1112480]
[20200616,3474,3503,3501,3474,830049]
[20200615,3526,3481,3531,3465,1361283]
[20200612,3486,3511,3523,3458,1508577]
[20200611,3482,3486,3516,3469,1267076]
[20200610,3508,3481,3519,3476,1082118]
[20200609,3511,3500,3522,3485,1086598]
[20200608,3501,3488,3558,3481,1598735]
[20200605,3503,3513,3511,3488,942342]
[20200604,3529,3503,3573,3501,1831753]
[20200603,3536,3532,3558,3518,1433467]
[20200602,3467,3543,3543,3466,1527477]
[20200601,3477,3473,3505,3455,1639534]
[20200529,3398,3466,3476,3395,1456928]
[20200528,3395,3403,3409,3372,1211349]
[20200527,3386,3399,3408,3367,1168000]
[20200526,3399,3375,3419,3388,1105866]
[20200525,3415,3404,3436,3388,1304916]
[20200522,3467,3424,3491,3405,1774061]
[20200521,3433,3485,3468,3427,1115659]
[20200520,3454,3435,3454,3425,868582]
[20200519,3426,3436,3479,3422,1445620]
[20200518,3369,3435,3442,3356,1714171]
[20200515,3343,3361,3376,3329,1274577]
[20200514,3365,3338,3373,3344,1274126]
[20200513,3370,3356,3395,3335,1402588]
[20200512,3349,3390,3367,3342,915747]
[20200511,3361,3344,3374,3334,1144839]
[20200508,3344,3346,3380,3340,1277549]
[20200507,3302,3356,3343,3297,1274052]
[20200506,3288,3301,3307,3274,809939]
[20200430,3217,3306,3271,3217,1135960]
[20200429,3197,3226,3219,3193,849035]
[20200428,3214,3200,3237,3182,1364610]
[20200427,3249,3194,3261,3214,990617]
[20200424,3229,3231,3252,3224,960427]
[20200423,3279,3232,3291,3229,1299868]
[20200422,3225,3287,3278,3209,1235752]
[20200421,3254,3226,3254,3211,1242450]
[20200420,3301,3231,3305,3263,942196]
[20200417,3300,3286,3336,3274,1378590]
[20200416,3266,3322,3310,3253,1566967]
[20200415,3281,3274,3307,3262,1283597]
[20200414,3296,3274,3327,3273,1220167]
[20200413,3281,3316,3318,3260,1394304]
[20200410,3211,3275,3278,3204,1383677]
[20200409,3163,3214,3227,3160,1464356]
[20200408,3108,3180,3162,3093,1282852]
[20200407,3126,3106,3150,3099,1044575]
[20200403,3137,3141,3156,3087,1132103]
[20200402,3059,3114,3148,3014,1941520]
[20200401,3152,3030,3152,3063,1338380]
[20200331,3160,3101,3176,3128,869624]
[20200330,3211,3166,3212,3132,1327528]
[20200327,3255,3172,3265,3226,868332]
[20200326,3263,3242,3279,3240,840157]
[20200325,3271,3248,3293,3239,812390]
[20200324,3252,3272,3280,3212,1042727]
[20200323,3271,3255,3290,3228,1040964]
[20200320,3371,3251,3391,3299,1334890]
[20200319,3379,3362,3386,3171,2676545]
[20200318,3376,3338,3421,3363,1459079]
[20200317,3379,3395,3395,3362,1021402]
[20200316,3390,3366,3412,3368,1150702]
[20200313,3327,3395,3404,3301,1941775]
[20200312,3330,3329,3361,3301,1641101]
[20200311,3329,3358,3359,3318,1352314]
[20200310,3274,3321,3327,3265,1219149]
[20200309,3190,3282,3277,3190,1392344]
[20200306,3292,3238,3304,3270,890629]
[20200305,3312,3280,3328,3296,852405]
[20200304,3248,3319,3313,3248,1216941]
[20200303,3286,3262,3300,3251,904677]
[20200302,3163,3284,3281,3163,1444395]
[20200228,3226,3213,3230,3166,1442926]
[20200227,3281,3209,3291,3246,927408]
[20200226,3305,3270,3322,3276,1094178]
[20200225,3271,3311,3327,3269,967469]
[20200224,3333,3277,3347,3294,925439]
[20200221,3300,3304,3322,3288,1075814]
[20200220,3233,3295,3312,3233,1541219]
[20200219,3224,3263,3241,3215,676091]
[20200218,3263,3217,3269,3225,959621]
[20200217,3231,3255,3273,3225,940052]
[20200214,3229,3231,3242,3206,722590]
[20200213,3238,3225,3260,3222,840406]
[20200212,3247,3257,3259,3221,868730]
[20200211,3158,3251,3318,3146,1909354]
[20200210,3150,3195,3163,3124,627997]
[20200207,3143,3135,3179,3132,723567]
[20200206,3140,3133,3158,3115,974619]
[20200205,3141,3136,3166,3126,863239]
[20200204,3056,3157,3173,3054,1136340]
[20200203,3079,3106,3137,3079,766442]
[20200123,3382,3124,3383,3325,798161]
[20200122,3395,3374,3398,3339,1009239]
[20200121,3433,3373,3433,3386,806419]
[20200120,3427,3422,3446,3417,594408]
[20200117,3395,3418,3436,3392,852460]
[20200116,3368,3397,3407,3367,830854]
[20200115,3400,3380,3407,3368,803108]
[20200114,3360,3393,3402,3350,818627]
[20200113,3395,3362,3397,3361,759903]
[20200110,3389,3385,3412,3386,562786]
[20200109,3445,3396,3448,3381,1094593]
[20200108,3404,3440,3448,3402,953429]
[20200107,3388,3408,3409,3387,593620]
[20200106,3371,3401,3396,3358,866509]
[20200103,3378,3371,3397,3373,712751]
[20200102,3413,3380,3422,3371,801511]
[20191231,3376,3414,3407,3367,2347002]
[20191230,3372,3371,3393,3363,1725842]
[20191227,3359,3369,3385,3354,1957214]
[20191226,3316,3357,3363,3305,2309644]
[20191225,3343,3307,3354,3317,1772168]
[20191224,3374,3348,3383,3335,2233136]
[20191223,3343,3373,3379,3341,2376268]
[20191220,3350,3348,3368,3331,2158210]
[20191219,3320,3337,3360,3300,2565666]
[20191218,3323,3309,3335,3304,1776838]
[20191217,3316,3315,3328,3291,2053736]
[20191216,3357,3306,3388,3307,3914524]
[20191213,3362,3349,3379,3336,2504792]
[20191212,3366,3350,3400,3341,2888682]
[20191211,3338,3372,3375,3338,2474166]
[20191210,3344,3347,3367,3329,2094828]
[20191209,3277,3348,3366,3268,3630180]
[20191206,3237,3276,3275,3226,1965270]
[20191205,3254,3243,3292,3239,1727996]
[20191204,3235,3266,3284,3229,2014546]
[20191203,3276,3239,3291,3244,1791490]
[20191202,3249,3275,3287,3218,2702302]
[20191129,3262,3234,3287,3237,3085322]
[20191128,3238,3275,3270,3215,3252438]
[20191127,3252,3229,3267,3237,2623458]
[20191126,3328,3253,3328,3250,3169244]
[20191125,3298,3304,3356,3276,3840086]
[20191122,3267,3295,3301,3265,3091190]
[20191121,3330,3271,3330,3257,3718452]
[20191120,3281,3307,3329,3269,3955352]
[20191119,3211,3281,3282,3201,4116460]
[20191118,3201,3247,3226,3189,3116186]
[20191115,3167,3197,3206,3163,3008672]
[20191114,3110,3168,3175,3099,3940152]
[20191113,3110,3101,3121,3092,2199856]
[20191112,3043,3108,3114,3033,3711018]
[20191111,3069,3046,3073,3019,3191402]
[20191108,3086,3051,3090,3068,2007196]
[20191107,3106,3078,3119,3082,2695970]
[20191106,3094,3105,3128,3092,3008952]
[20191105,3052,3097,3099,3039,3194120]
[20191104,3045,3052,3055,3031,2546224]
[20191101,3034,3045,3050,3017,2532176]
[20191031,3049,3036,3058,3029,2694156]
[20191030,3023,3046,3045,3004,3095010]
[20191029,3005,3020,3030,2991,2464458]
[20191028,3019,3011,3036,2997,2701774]
[20191025,2995,3013,3018,2978,2896876]
[20191024,2986,2999,3001,2963,3478614]
[20191023,2999,2990,3023,2976,3582512]
[20191022,2975,2994,2999,2959,3070610]
[20191021,2990,2985,2995,2955,2794094]
[20191018,2999,2983,3004,2937,3968340]
[20191017,2969,2996,3004,2958,2915140]
[20191016,3016,2964,3028,2961,3442318]
[20191015,3024,3001,3036,2990,3022958]
[20191014,3073,3019,3101,3023,3339902]
[20191011,3081,3082,3082,3042,3099512]
[20191010,3091,3076,3094,3054,3179230]
[20191009,3072,3085,3096,3058,3046258]
[20191008,3119,3085,3119,3069,2118944]
[20190930,3098,3097,3190,3098,2932290]
[20190927,3110,3107,3116,3081,2253588]
[20190926,3157,3101,3167,3097,4473818]
[20190925,3148,3164,3169,3139,2496196]
[20190924,3174,3147,3201,3128,4403486]
[20190923,3056,3184,3168,3050,4301638]
[20190920,3060,3058,3070,3041,2539842]
[20190919,3146,3052,3149,3058,3865830]
[20190918,3184,3135,3189,3147,2557168]
[20190917,3219,3172,3221,3167,2458748]
[20190916,3212,3214,3224,3186,1724604]
[20190912,3145,3202,3202,3128,2880256]
[20190911,3138,3137,3156,3119,2624656]
[20190910,3157,3126,3165,3126,2198386]
[20190909,3077,3151,3158,3065,4534760]
[20190906,3094,3088,3110,3053,2529216]
[20190905,3093,3105,3134,3084,3358590]
[20190904,3063,3098,3106,3049,2945902]
[20190903,3073,3061,3081,3052,2332036]
[20190902,3014,3069,3079,3000,3596084]
[20190830,2962,3006,3022,2959,3079488]
[20190829,2990,2994,3012,2941,3007010]
[20190828,2960,3000,2998,2926,2975306]
[20190827,3033,2947,3046,2960,2932076]
[20190826,3094,3036,3128,3037,2559526]
[20190823,3096,3111,3123,3076,1821670]
[20190822,3053,3088,3086,3035,1941734]
[20190821,3072,3051,3077,3015,2376704]
[20190820,3117,3063,3122,3067,1745826]
[20190819,3077,3112,3115,3069,2207272]
[20190816,3080,3074,3098,3065,1880852]
[20190815,3051,3078,3098,3045,3257610]
[20190814,3057,3058,3102,3036,3192024]
[20190813,3053,3045,3074,3024,2730748]
[20190812,2975,3044,3057,2943,3909804]
[20190809,3061,2965,3062,2936,4222148]
[20190808,3077,3054,3113,3039,3101838]
[20190807,3071,3086,3101,3059,3125756]
[20190806,3115,3072,3132,3077,2646268]
[20190805,3168,3122,3181,3101,3147798]
[20190802,3186,3161,3190,3093,3710634]
[20190801,3227,3175,3240,3192,2552768]
[20190731,3213,3235,3264,3211,2691526]
[20190730,3220,3224,3258,3210,2519588]
[20190729,3262,3212,3274,3217,2390152]
[20190726,3278,3269,3298,3259,2361902]
[20190725,3229,3292,3277,3225,2818080]
[20190724,3262,3228,3262,3220,2723144]
[20190723,3273,3244,3303,3257,2297308]
[20190722,3319,3264,3325,3263,3362884]
[20190719,3285,3298,3325,3272,2472656]
[20190718,3352,3284,3361,3292,2468068]
[20190717,3342,3353,3376,3327,2609372]
[20190716,3344,3348,3373,3336,2549914]
[20190715,3284,3351,3345,3254,3434326]
[20190712,3337,3283,3345,3285,2650016]
[20190711,3337,3337,3357,3298,3345320]
[20190710,3353,3311,3363,3324,2359470]
[20190709,3312,3361,3391,3312,3354912]
[20190708,3303,3332,3340,3300,3117896]
[20190705,3337,3316,3367,3293,3618596]
[20190704,3342,3340,3383,3318,3852812]
[20190703,3357,3341,3400,3322,3262720]
[20190702,3405,3370,3416,3340,3285370]
[20190701,3378,3399,3443,3371,3765088]
[20190628,3323,3375,3378,3322,2968902]
[20190627,3327,3353,3398,3311,4628646]
[20190626,3316,3314,3329,3292,2780730]
[20190625,3254,3315,3319,3249,4147046]
[20190624,3201,3268,3292,3184,4365588]
[20190621,3175,3185,3204,3150,3240136]
[20190620,3112,3158,3183,3106,3417184]
[20190619,3104,3125,3151,3090,3476550]
[20190618,3071,3096,3102,3057,2351588]
[20190617,3112,3061,3116,3071,2574728]
[20190614,3154,3112,3163,3115,2669622]
[20190613,3127,3153,3154,3107,3220894]
[20190612,3184,3137,3190,3132,3038050]
[20190611,3086,3187,3182,3081,4748706]
[20190610,3084,3083,3098,3055,1874492]
[20190606,3105,3088,3109,3046,3698436]
[20190605,3114,3098,3119,3093,1931520]
[20190604,3084,3109,3110,3063,2238966]
[20190603,3104,3084,3123,3070,2763196]
[20190531,3133,3107,3145,3107,2420202]
[20190530,3171,3129,3183,3132,2959346]
[20190529,3183,3176,3186,3151,2701392]
[20190528,3183,3166,3212,3166,2939676]
[20190527,3231,3197,3259,3184,3918748]
[20190524,3220,3256,3231,3176,3295534]
[20190523,3245,3206,3259,3220,2908110]
[20190522,3248,3231,3276,3210,4047940]
[20190521,3137,3254,3254,3137,4427088]
[20190520,3129,3147,3147,3121,2486446]
[20190517,3112,3139,3149,3109,3368478]
[20190516,3072,3128,3112,3066,3217226]
[20190515,3037,3073,3078,3029,2402468]
[20190514,3054,3039,3069,3034,3097506]
[20190513,3110,3065,3121,3063,3203994]
[20190510,3080,3107,3114,3080,2874194]
[20190509,3088,3092,3107,3075,3146104]
[20190508,3118,3093,3124,3088,2987354]
[20190507,3117,3107,3165,3115,3242202]
[20190506,3121,3119,3140,3092,2327710]
[20190430,3140,3133,3181,3140,2847518]
[20190429,3107,3152,3137,3100,2647580]
[20190426,3081,3117,3115,3081,3221092]
[20190425,3093,3096,3137,3081,3489908]
[20190424,3112,3098,3113,3086,3012686]
[20190423,3134,3102,3149,3117,2540208]
[20190422,3107,3141,3169,3103,4712240]
[20190419,3070,3107,3108,3056,2987072]
[20190418,3145,3058,3145,3076,3826268]
[20190417,3137,3133,3157,3119,3032666]
[20190416,3181,3129,3181,3132,3397896]
[20190415,3171,3172,3190,3151,3390760]
[20190412,3162,3163,3178,3099,4671856]
[20190411,3134,3170,3165,3108,3095134]
[20190410,3121,3141,3134,3101,2619610]
[20190409,3100,3111,3150,3095,3642458]
[20190408,3000,3112,3117,3000,3093534]
[20190404,2980,3012,2993,2956,2101018]
[20190403,2955,2991,2985,2943,2647790]
[20190402,2898,2948,2967,2888,2080050]
[20190401,2867,2895,2906,2854,1462536]
[20190329,2814,2858,2877,2803,2351516]
[20190328,2828,2813,2848,2805,2736674]
[20190327,2827,2820,2837,2819,1707588]
[20190326,2821,2826,2835,2808,1836016]
[20190325,2870,2823,2876,2815,2787470]
[20190322,2871,2867,2882,2854,2473102]
[20190321,2883,2872,2918,2875,2933752]
[20190320,2898,2890,2909,2863,2848212]
[20190319,2886,2902,2914,2876,2590008]
[20190318,2866,2896,2901,2863,2998210]
[20190315,2895,2870,2902,2851,3418052]
[20190314,2876,2892,2919,2869,3201308]
[20190313,2917,2881,2929,2886,2586474]
[20190312,2844,2925,2912,2843,3148988]
[20190311,2829,2851,2863,2813,2795554]
[20190308,2914,2847,2915,2864,3446396]
[20190307,2858,2910,2926,2848,3544166]
[20190306,2890,2856,2905,2850,3502682]
[20190305,2915,2898,2917,2864,3103014]
[20190304,2909,2891,2934,2888,3505564]
[20190301,2864,2920,2909,2860,2627620]
[20190228,2843,2866,2864,2825,3110096]
[20190227,2850,2848,2860,2819,2652648]
[20190226,2804,2844,2856,2800,3690818]
[20190225,2849,2809,2871,2807,3346938]
[20190222,2798,2856,2848,2793,2989320]
[20190221,2776,2808,2818,2772,3467376]
[20190220,2783,2794,2797,2729,3662286]
[20190219,2799,2793,2820,2781,2486336]
[20190218,2757,2803,2801,2755,3211556]
[20190215,2806,2764,2819,2740,3666860]
[20190214,2830,2816,2835,2798,3009206]
[20190213,2883,2821,2895,2816,3511480]
[20190212,2912,2880,2921,2876,2703824]
[20190211,2936,2905,2979,2910,2885642]
[20190201,2819,2919,2875,2819,2294306]
[20190131,2808,2835,2835,2801,2394250]
[20190130,2809,2810,2873,2796,4313980]
[20190129,2806,2799,2817,2786,2267540]
[20190128,2831,2813,2859,2806,2988406]
[20190125,2809,2820,2851,2803,2836338]
[20190124,2781,2810,2809,2775,2913994]
[20190123,2775,2789,2789,2765,2387716]
[20190122,2783,2785,2822,2768,3764512]
[20190121,2773,2786,2799,2761,3259858]
[20190118,2709,2773,2773,2700,3337728]
[20190117,2691,2704,2718,2688,1965324]
[20190116,2684,2705,2703,2677,2450868]
[20190115,2727,2687,2727,2675,2853422]
[20190114,2696,2716,2727,2688,2382130]
[20190111,2682,2693,2700,2663,3188664]
[20190110,2678,2688,2702,2671,2821572]
[20190109,2673,2684,2707,2665,3212058]
[20190108,2685,2672,2686,2656,2505250]
[20190107,2661,2679,2689,2644,2716494]
[20190104,2639,2650,2664,2616,3066142]
[20190103,2576,2635,2635,2567,3415324]
[20190102,2591,2576,2616,2571,1769852]
[20181228,2583,2600,2608,2580,2584056]
[20181227,2606,2585,2645,2590,3932110]
[20181226,2587,2601,2616,2583,3069592]
[20181225,2625,2589,2628,2560,3978678]
[20181224,2680,2619,2680,2623,3253388]
[20181221,2669,2672,2696,2648,3852044]
[20181220,2618,2676,2663,2614,4039222]
[20181219,2617,2622,2631,2601,3604034]
[20181218,2616,2616,2626,2586,3451962]
[20181217,2629,2613,2645,2604,3624552]
[20181214,2605,2622,2631,2597,3821614]
[20181213,2536,2603,2616,2533,4694520]
[20181212,2547,2561,2577,2529,3699396]
[20181211,2521,2564,2548,2505,3185594]
[20181210,2584,2511,2591,2520,4362592]
[20181207,2562,2574,2612,2542,4704366]
[20181206,2646,2562,2647,2571,4132244]
[20181205,2584,2633,2643,2564,4956618]
[20181204,2521,2581,2584,2504,4487518]
[20181203,2478,2540,2664,2447,4732520]
[20181130,2485,2459,2506,2460,2023252]
[20181129,2521,2500,2532,2464,2767512]
[20181128,2460,2514,2534,2458,3157968]
[20181127,2449,2467,2535,2446,3747840]
[20181126,2487,2459,2523,2416,4805694]
[20181123,2577,2509,2591,2501,3725944]
[20181122,2572,2564,2588,2551,2895532]
[20181121,2576,2565,2581,2478,4583150]
[20181120,2648,2558,2666,2581,3178094]
[20181119,2674,2652,2684,2635,3257628]
[20181116,2687,2659,2731,2673,3536326]
[20181115,2723,2687,2726,2667,3307708]
[20181114,2660,2717,2722,2660,3146888]
[20181113,2660,2682,2691,2650,2503320]
[20181112,2710,2655,2711,2641,4050648]
[20181109,2751,2709,2764,2717,3014264]
[20181108,2723,2745,2760,2681,4895204]
[20181107,2733,2735,2742,2704,2726512]
[20181106,2803,2726,2810,2732,4276674]
[20181105,2809,2800,2815,2765,3572848]
[20181102,2798,2808,2817,2778,3433028]
[20181101,2857,2807,2868,2785,3952590]
[20181031,2881,2854,2887,2842,3442700]
[20181030,2874,2863,2905,2870,2614732]
[20181029,2923,2880,2931,2864,3994462]
[20181026,2891,2921,2932,2890,3436568]
[20181025,2898,2905,2908,2863,4009580]
[20181024,2852,2891,2897,2841,3060962]
[20181023,2872,2856,2884,2856,2792484]
[20181022,2802,2876,2892,2802,3912456]
[20181019,2832,2816,2850,2801,3933266]
[20181018,2905,2827,2915,2827,4543564]
[20181017,2845,2903,2901,2836,3604294]
[20181016,2874,2849,2878,2836,3076870]
[20181015,2838,2877,2878,2828,3661488]
[20181012,2811,2843,2856,2793,3878830]
[20181011,2795,2804,2815,2735,4634388]
[20181010,2793,2783,2818,2764,3657000]
[20181009,2749,2809,2796,2744,3417720]
[20181008,2727,2756,2753,2698,2244968]
[20180928,2761,2717,2762,2699,3412852]
[20180927,2818,2746,2829,2762,2763116]
[20180926,2809,2818,2817,2783,2758448]
[20180925,2867,2807,2871,2800,2411324]
[20180921,2844,2851,2876,2837,3172390]
[20180920,2869,2845,2886,2840,3526654]
[20180919,2888,2872,2905,2858,3416060]
[20180918,2833,2891,2879,2828,3869992]
[20180917,2830,2847,2871,2819,3629254]
[20180914,2811,2834,2840,2792,3609730]
[20180913,2787,2809,2824,2774,3802988]
[20180912,2832,2798,2862,2760,5610536]
[20180911,2950,2828,2950,2809,5100218]
[20180910,2892,2896,2967,2892,3266140]
[20180907,2873,2906,2939,2873,4673762]
[20180906,2834,2890,2867,2828,3749886]
[20180905,2843,2841,2851,2799,4520736]
[20180904,2829,2843,2858,2813,3408760]
[20180903,2819,2820,2845,2798,3887630]
[20180831,2835,2832,2862,2803,3964918]
[20180830,2879,2843,2882,2824,4471470]
[20180829,2928,2870,2955,2872,4859238]
[20180828,2905,2934,2937,2895,2887528]
[20180827,2993,2915,2999,2899,4345886]
[20180824,2954,2986,3002,2943,3417644]
[20180823,2994,2953,3009,2948,4388612]
[20180822,2997,2990,3051,2974,4007442]
[20180821,3035,2993,3046,2989,3290894]
[20180820,2959,3033,3049,2959,4044596]
[20180817,2878,2961,2977,2871,3696210]
[20180816,2872,2875,2886,2826,2715934]
[20180815,2858,2862,2882,2857,1488880]
[20180814,2868,2867,2884,2843,1578012]
[20180813,2773,2866,2868,2766,2442172]
[20180810,2790,2774,2817,2770,2073198]
[20180809,2790,2790,2805,2758,2285684]
[20180808,2796,2788,2821,2776,2427892]
[20180807,2786,2806,2815,2780,2659282]
[20180806,2765,2792,2794,2718,3475850]
[20180803,2726,2751,2770,2725,2590412]
[20180802,2726,2742,2738,2697,3188738]
[20180801,2751,2724,2800,2727,3833038]
[20180731,2726,2755,2761,2718,2459860]
[20180730,2727,2725,2736,2708,2079162]
[20180727,2653,2713,2725,2647,3180416]
[20180726,2650,2656,2653,2632,2385736]
[20180725,2627,2647,2659,2625,2562442]
[20180724,2656,2629,2662,2623,2595248]
[20180723,2633,2657,2655,2621,2573138]
[20180720,2614,2626,2641,2607,2670686]
[20180719,2606,2622,2649,2603,3642646]
[20180718,2600,2618,2615,2590,2654870]
[20180717,2602,2592,2611,2569,3463576]
[20180716,2603,2608,2628,2600,2738522]
[20180713,2627,2610,2637,2607,3325160]
[20180712,2561,2627,2633,2561,4181926]
[20180711,2555,2568,2574,2530,3735008]
[20180710,2541,2563,2561,2533,3094872]
[20180709,2492,2542,2529,2473,3796132]
[20180706,2500,2480,2512,2464,3941148]
[20180705,2505,2502,2518,2471,4340610]
[20180704,2481,2503,2518,2479,3682904]
[20180703,2476,2493,2491,2455,3017542]
[20180702,2512,2482,2513,2466,4038478]
[20180629,2473,2504,2518,2473,3237538]
[20180628,2431,2487,2487,2429,4359774]
[20180627,2421,2444,2450,2419,3118868]
[20180626,2450,2431,2453,2417,3486160]
[20180625,2478,2446,2496,2450,3631724]
[20180622,2490,2488,2499,2468,3206598]
[20180621,2516,2483,2536,2489,3939244]
[20180620,2481,2512,2524,2472,3350148]
[20180619,2555,2474,2555,2464,3936988]
[20180615,2565,2553,2580,2545,3037574]
[20180614,2552,2573,2576,2547,3268280]
[20180613,2539,2554,2571,2530,3794114]
[20180612,2513,2551,2547,2496,4053226]
[20180611,2510,2526,2518,2478,3580916]
[20180608,2514,2506,2526,2491,3451700]
[20180607,2499,2512,2553,2495,4795270]
[20180606,2470,2497,2496,2459,3833348]
[20180605,2447,2473,2470,2427,3156842]
[20180604,2468,2439,2486,2442,3474376]
[20180601,2440,2472,2493,2437,4168130]
[20180531,2402,2453,2440,2398,2827766]
[20180530,2404,2402,2419,2385,3177680]
[20180529,2363,2410,2409,2356,3718642]
[20180528,2349,2365,2393,2336,3521306]
[20180525,2363,2345,2386,2338,3346358]
[20180524,2330,2371,2369,2324,2965270]
[20180523,2359,2336,2362,2317,3159240]
[20180522,2367,2354,2385,2348,3334472]
[20180521,2393,2371,2409,2364,3454056]
[20180518,2432,2382,2445,2388,3873122]
[20180517,2427,2437,2434,2414,2624686]
[20180516,2430,2417,2444,2403,3939396]
[20180515,2424,2425,2452,2400,4475104]
[20180514,2435,2428,2436,2413,2879846]
[20180511,2394,2428,2432,2389,3469710]
[20180510,2361,2400,2388,2359,3514958]
[20180509,2393,2367,2394,2351,4097364]
[20180508,2413,2382,2423,2398,2895434]
[20180507,2417,2413,2435,2386,4350264]
[20180504,2421,2405,2434,2404,3358880]
[20180503,2461,2413,2464,2412,3947412]
[20180502,2402,2455,2461,2398,3390880]
[20180427,2343,2401,2376,2343,4213758]
[20180426,2361,2351,2384,2334,4452874]
[20180425,2356,2360,2369,2336,3778070]
[20180424,2334,2366,2369,2324,3470956]
[20180423,2280,2347,2346,2277,4493466]
[20180420,2313,2287,2316,2272,4142268]
[20180419,2295,2308,2329,2286,5516098]
[20180418,2251,2304,2306,2251,5690900]
[20180417,2218,2258,2268,2207,5273660]
[20180416,2277,2211,2285,2213,4748872]
[20180413,2244,2275,2291,2229,5117850]
[20180412,2239,2241,2266,2225,4524764]
[20180411,2264,2228,2288,2235,4813820]
[20180410,2254,2268,2275,2240,4156102]
[20180409,2190,2247,2254,2184,3453934]
[20180404,2216,2204,2230,2181,3989534]
[20180403,2211,2205,2238,2195,4359120]
[20180402,2235,2210,2289,2202,4467892]
[20180330,2175,2239,2239,2160,3571214]
[20180329,2124,2176,2174,2109,3065574]
[20180328,2134,2117,2148,2095,3388180]
[20180327,2077,2144,2150,2076,3194516]
[20180326,2092,2089,2113,2064,3478398]
[20180323,2234,2081,2234,2086,5760560]
[20180322,2239,2222,2263,2222,3124786]
[20180321,2261,2239,2281,2234,2945284]
[20180320,2257,2258,2270,2232,2851608]
[20180319,2310,2261,2312,2252,3610818]
[20180316,2323,2307,2326,2302,2593820]
[20180315,2320,2318,2332,2307,2868722]
[20180314,2292,2323,2323,2265,3896454]
[20180313,2300,2293,2314,2280,2738030]
[20180312,2313,2296,2322,2276,3837422]
[20180309,2336,2302,2356,2268,4984396]
[20180308,2405,2349,2410,2348,3215734]
[20180307,2464,2398,2467,2407,3214708]
[20180306,2444,2460,2468,2427,2658468]
[20180305,2488,2430,2493,2444,2658378]
[20180302,2490,2487,2494,2471,1984864]
[20180301,2487,2488,2515,2484,2547442]
[20180228,2495,2486,2497,2481,1785142]
[20180227,2500,2484,2501,2465,2183816]
[20180226,2448,2486,2505,2438,2551196]
[20180223,2381,2445,2450,2380,3286672]
[20180222,2442,2388,2447,2378,1742070]
[20180214,2427,2427,2446,2424,1057106]
[20180213,2427,2426,2436,2412,1272212]
[20180212,2408,2426,2430,2403,1455458]
[20180209,2432,2412,2443,2403,2479930]
[20180208,2437,2432,2445,2424,2001318]
[20180207,2445,2434,2455,2431,1864504]
[20180206,2458,2436,2475,2434,2905980]
[20180205,2452,2455,2458,2429,2399100]
[20180202,2427,2449,2459,2424,2423552]
[20180201,2427,2434,2457,2426,2751406]
[20180131,2426,2430,2463,2409,2221140]
[20180130,2438,2435,2442,2416,2459430]
[20180129,2440,2440,2455,2429,2348430]
[20180126,2455,2438,2461,2427,2745410]
[20180125,2435,2453,2475,2425,3510596]
[20180124,2417,2430,2444,2412,2527974]
[20180123,2433,2420,2434,2399,3767430]
[20180122,2437,2422,2460,2425,3246390]
[20180119,2394,2439,2431,2387,3867446]
[20180118,2368,2398,2394,2362,3313000]
[20180117,2345,2370,2377,2343,4016680]
[20180116,2354,2348,2380,2345,3441308]
[20180115,2344,2356,2359,2321,2759130]
[20180112,2376,2343,2383,2339,3112152]
[20180111,2388,2375,2400,2368,3397552]
[20180110,2364,2384,2395,2348,3923562]
[20180109,2364,2370,2379,2359,2744572]
[20180108,2349,2366,2365,2312,4046628]
[20180105,2360,2346,2368,2328,3602476]
[20180104,2356,2366,2378,2345,3404308]
[20180103,2393,2358,2400,2354,3258204]
[20180102,2353,2390,2406,2349,2622722]
[20171229,2323,2352,2367,2321,4078602]
[20171228,2340,2323,2353,2317,3834156]
[20171227,2365,2337,2370,2343,3715788]
[20171226,2340,2365,2375,2337,3820880]
[20171225,2442,2345,2444,2343,4819904]
[20171222,2385,2441,2448,2383,4694098]
[20171221,2359,2398,2405,2349,4746394]
[20171220,2346,2375,2373,2330,3803726]
[20171219,2400,2338,2400,2340,4595938]
[20171218,2377,2386,2424,2359,5548518]
[20171215,2341,2373,2376,2335,3416852]
[20171214,2372,2343,2390,2336,4490764]
[20171213,2405,2382,2409,2362,5259108]
[20171212,2429,2406,2468,2393,4763974]
[20171211,2410,2428,2456,2397,5067352]
[20171208,2371,2411,2421,2356,4036134]
[20171207,2431,2361,2440,2328,5462520]
[20171206,2492,2426,2496,2418,4566936]
[20171205,2512,2491,2528,2479,3585138]
[20171204,2459,2518,2540,2447,4433714]
[20171201,2472,2464,2487,2432,4012502]
[20171130,2452,2470,2503,2445,4692614]
[20171129,2405,2449,2455,2377,4416998]
[20171128,2380,2398,2403,2373,2978296]
[20171127,2362,2379,2407,2349,3891396]
[20171124,2371,2366,2372,2310,2840062]
[20171123,2363,2338,2388,2358,3666470]
[20171122,2333,2365,2369,2329,3508986]
[20171121,2289,2340,2339,2276,3681456]
[20171120,2245,2293,2294,2245,3489134]
[20171117,2279,2252,2292,2242,3393654]
[20171116,2302,2282,2306,2265,3348660]
[20171115,2356,2289,2369,2276,4006376]
[20171114,2352,2362,2371,2334,3290784]
[20171113,2359,2345,2373,2317,4221450]
[20171110,2328,2363,2356,2309,3433650]
[20171109,2319,2336,2380,2312,4758224]
[20171108,2320,2325,2331,2293,2777384]
[20171107,2331,2305,2348,2309,2188028]
[20171106,2264,2336,2340,2261,3059426]
[20171103,2283,2271,2307,2250,2712086]
[20171102,2225,2275,2302,2213,3203798]
[20171101,2263,2226,2284,2218,2149972]
[20171031,2230,2256,2285,2205,2866586]
[20171030,2234,2226,2263,2222,1854244]
[20171027,2277,2237,2286,2225,2634564]
[20171026,2297,2258,2311,2265,2877230]
[20171025,2336,2301,2376,2296,3097012]
[20171024,2307,2329,2356,2291,2859372]
[20171023,2356,2303,2357,2248,4067514]
[20171020,2246,2340,2356,2240,3374856]
[20171019,2303,2250,2303,2225,3349238]
[20171018,2333,2271,2352,2299,2704788]
[20171017,2386,2333,2392,2319,3613618]
[20171016,2382,2373,2419,2353,3437964]
[20171013,2286,2382,2383,2273,3773632]
[20171012,2198,2286,2308,2185,4336706]
[20171011,2215,2190,2257,2195,3005922]
[20171010,2305,2208,2309,2216,3300108]
[20171009,2347,2267,2368,2292,1940600]
[20170929,2255,2337,2307,2199,3195662]
[20170928,2302,2258,2323,2228,4028978]
[20170927,2254,2306,2298,2251,2925906]
[20170926,2245,2266,2277,2238,2894082]
[20170925,2230,2253,2262,2203,3092198]
[20170922,2277,2223,2280,2200,3304098]
[20170921,2351,2265,2369,2277,3927508]
[20170920,2332,2365,2363,2313,3095144]
[20170919,2368,2330,2391,2330,3083418]
[20170918,2376,2382,2388,2334,3592704]
[20170915,2390,2364,2406,2356,3360230]
[20170914,2441,2378,2457,2382,4836828]
[20170913,2465,2449,2495,2433,3769320]
[20170912,2442,2467,2473,2419,4105486]
[20170911,2441,2442,2461,2393,3471688]
[20170908,2465,2425,2519,2425,4817654]
[20170907,2494,2464,2510,2455,4055838]
[20170906,2546,2489,2581,2485,3809814]
[20170905,2533,2557,2575,2529,3194228]
[20170904,2533,2535,2606,2521,4337124]
[20170901,2442,2540,2556,2436,4877932]
[20170831,2404,2444,2451,2359,4484052]
[20170830,2424,2394,2438,2376,3652258]
[20170829,2449,2421,2464,2395,3997874]
[20170828,2446,2454,2471,2374,4117908]
[20170825,2405,2462,2482,2399,3577156]
[20170824,2358,2424,2421,2338,4070704]
[20170823,2444,2342,2444,2315,4756038]
[20170822,2477,2407,2494,2425,3156376]
[20170821,2413,2482,2491,2376,3837150]
[20170818,2371,2417,2433,2356,3327280]
[20170817,2324,2377,2407,2322,5068202]
[20170816,2334,2328,2351,2306,2967848]
[20170815,2371,2324,2376,2305,3948202]
[20170814,2409,2366,2429,2363,6791738]
[20170811,2461,2406,2491,2379,8359816]
[20170810,2488,2462,2505,2442,6594892]
[20170809,2427,2472,2500,2413,6576114]
[20170808,2446,2446,2492,2396,5665652]
[20170807,2358,2466,2504,2343,6319324]
[20170804,2319,2354,2368,2306,4121700]
[20170803,2274,2316,2321,2267,3725410]
[20170802,2262,2286,2294,2242,3526426]
[20170801,2271,2253,2301,2261,3758918]
[20170731,2182,2283,2289,2179,6201530]
[20170728,2183,2201,2201,2161,5158728]
[20170727,2176,2175,2203,2145,5631714]
[20170726,2191,2177,2228,2171,5755360]
[20170725,2156,2195,2198,2134,5714536]
[20170724,2160,2159,2179,2115,5356392]
[20170721,2149,2163,2171,2123,6092874]
[20170720,2245,2149,2250,2135,7704794]
[20170719,2202,2225,2258,2193,5779424]
[20170718,2220,2207,2235,2188,6125610]
[20170717,2164,2231,2244,2164,6399452]
[20170714,2239,2180,2239,2160,7712234]
[20170713,2191,2220,2240,2179,5849562]
[20170712,2182,2194,2213,2175,5287154]
[20170711,2104,2188,2202,2100,6700376]
[20170710,2103,2103,2128,2084,6081616]
[20170707,2094,2104,2100,2053,7211414]
[20170706,2081,2084,2095,2048,7287448]
[20170705,2063,2090,2126,2063,8051912]
[20170704,2084,2075,2111,2045,7270062]
[20170703,2045,2087,2090,2041,6896096]
[20170630,2014,2043,2053,2005,7019206]
[20170629,2013,2010,2038,1991,7766350]
[20170628,1975,2007,2014,1974,5517470]
[20170627,1929,1984,1973,1918,6075510]
[20170626,1901,1934,1928,1890,5867152]
[20170623,1859,1894,1903,1857,6281180]
[20170622,1885,1866,1911,1855,7401764]
[20170621,1897,1894,1897,1857,6141606]
[20170620,1924,1875,1928,1889,6005776]
[20170619,1898,1925,1950,1893,6554036]
[20170616,1901,1910,1932,1883,7242802]
[20170615,1885,1901,1912,1850,8309072]
[20170614,1796,1879,1889,1794,7875322]
[20170613,1858,1800,1863,1796,5553110]
[20170612,1855,1861,1867,1836,5794860]
[20170609,1817,1850,1849,1808,5661344]
[20170608,1817,1822,1851,1790,8582754]
[20170607,1811,1812,1834,1796,5832430]
[20170606,1792,1820,1820,1779,6152326]
[20170605,1842,1786,1869,1798,7402896]
[20170602,1896,1856,1902,1849,8337976]
[20170601,1899,1888,1913,1872,6772598]
[20170531,1988,1897,2003,1891,5743284]
[20170526,1972,1990,1989,1942,6791196]
[20170525,1988,1980,2019,1965,8614996]
[20170524,2013,1981,2030,1954,9267122]
[20170523,2050,2013,2054,2011,6096372]
[20170522,1992,2053,2072,1987,8542098]
[20170519,1909,1999,1989,1895,8296698]
[20170518,1904,1910,1934,1885,7283584]
[20170517,1839,1905,1909,1832,7906122]
[20170516,1834,1834,1839,1811,5103808]
[20170515,1806,1820,1855,1790,6410396]
[20170512,1878,1806,1883,1800,8432634]
[20170511,1888,1856,1902,1814,9561904]
[20170510,1842,1893,1888,1839,6976318]
[20170509,1835,1847,1856,1825,5728510]
[20170508,1804,1834,1853,1796,8963330]
[20170505,1805,1824,1809,1771,6404014]
[20170504,1910,1795,1913,1777,9453312]
[20170503,1924,1901,1929,1894,4623218]
[20170502,1929,1912,1934,1901,2622062]
[20170428,1858,1926,1907,1852,5907672]
[20170427,1818,1861,1847,1811,4470200]
[20170426,1809,1819,1855,1797,5361510]
[20170425,1790,1801,1811,1773,4856632]
[20170424,1789,1796,1801,1745,5162712]
[20170421,1774,1787,1816,1755,6261052]
[20170420,1746,1773,1787,1699,5545804]
[20170419,1725,1763,1752,1722,3304676]
[20170418,1785,1729,1793,1723,4555000]
[20170417,1801,1782,1831,1766,4651516]
[20170414,1790,1822,1836,1779,5354878]
[20170413,1768,1798,1812,1762,4003834]
[20170412,1821,1771,1831,1768,4343200]
[20170411,1830,1827,1853,1813,4093930]
[20170410,1855,1824,1871,1828,3925120]
[20170407,1920,1858,1924,1828,5409906]
[20170406,1981,1904,1988,1933,4622816]
[20170405,1959,1980,2011,1943,3582544]
[20170331,1922,1976,1973,1905,5296236]
[20170330,1940,1924,1951,1910,3399630]
[20170329,1874,1936,1945,1874,4323294]
[20170328,1872,1879,1902,1858,3559210]
[20170327,1921,1882,1924,1838,3835286]
[20170324,1916,1913,1958,1896,3917116]
[20170323,1909,1907,1947,1909,2698010]
[20170322,1970,1918,1985,1902,3255782]
[20170321,2045,1973,2049,1973,2802374]
[20170320,2063,2043,2098,2032,2523232]
[20170317,2085,2053,2092,2049,1806940]
[20170316,2094,2077,2121,2062,2194504]
[20170315,2072,2107,2130,2057,3075584]
[20170314,2078,2071,2085,2051,2424586]
[20170313,1967,2078,2080,1935,4277058]
[20170310,1953,1955,1976,1950,2509482]
[20170309,1971,1958,1987,1931,3186756]
[20170308,2014,1981,2023,1967,3500604]
[20170307,1987,2014,2024,1987,2767056]
[20170306,2059,1999,2064,1990,3773762]
[20170303,2051,2053,2057,1985,3639162]
[20170302,2045,2024,2075,2035,2731258]
[20170301,2012,2048,2063,2002,3248296]
[20170228,2082,2010,2089,2000,3551004]
[20170227,2018,2075,2104,2010,3587306]
[20170224,2026,2022,2027,1947,3527608]
[20170223,2022,2017,2057,1987,3401594]
[20170222,2060,2031,2070,2024,3021576]
[20170221,2057,2070,2094,2049,2906076]
[20170220,2008,2059,2051,1997,3546214]
[20170217,1958,2022,2013,1955,3250934]
[20170216,1944,1975,2024,1938,4135240]
[20170215,1985,1952,1993,1936,2961792]
[20170214,1989,1964,1990,1951,2148278]
[20170213,1933,1983,1991,1922,2800676]
[20170210,1845,1928,1960,1835,4114828]
[20170209,1874,1845,1889,1847,2197180]
[20170208,1823,1872,1874,1805,2812246]
[20170207,1782,1821,1832,1769,2455456]
[20170206,1794,1785,1807,1767,2238028]
[20170203,1932,1802,1937,1771,1919310]
[20170126,1899,1865,1950,1898,1774978]
[20170125,1904,1909,1915,1878,1685866]
[20170124,1833,1902,1928,1831,2638594]
[20170123,1841,1841,1848,1814,2111796]
[20170120,1876,1838,1901,1842,2987020]
[20170119,1892,1884,1907,1857,2957608]
[20170118,1899,1894,1932,1871,3157068]
[20170117,1944,1890,1962,1869,3378386]
[20170116,1840,1947,1972,1830,3822170]
[20170113,1853,1841,1873,1827,2743008]
[20170112,1834,1865,1880,1822,3353264]
[20170111,1833,1829,1846,1809,2827000]
[20170110,1758,1834,1827,1747,3631484]
[20170109,1681,1749,1759,1669,3408574]
[20170106,1696,1683,1724,1673,3365176]
[20170105,1690,1694,1729,1680,3392876]
[20170104,1650,1688,1705,1631,3754894]
[20170103,1666,1650,1724,1638,1996500]
[20161230,1700,1692,1713,1653,2799712]
[20161229,1726,1700,1728,1679,3506158]
[20161228,1736,1692,1771,1711,3789998]
[20161227,1691,1720,1734,1657,3285538]
[20161226,1714,1694,1741,1642,4300004]
[20161223,1737,1732,1769,1711,3494828]
[20161222,1830,1742,1833,1745,3130936]
[20161221,1827,1823,1848,1784,3271882]
[20161220,1823,1839,1842,1799,3061064]
[20161219,1892,1826,1908,1827,3289610]
[20161216,1950,1893,1966,1899,3038616]
[20161215,1943,1951,1984,1906,3642886]
[20161214,2013,1919,2017,1921,3984962]
[20161213,1994,1998,2022,1969,2997532]
[20161212,1943,1979,2052,1905,3543410]
[20161209,1962,1929,1968,1857,5040888]
[20161208,1956,1955,1972,1899,3764818]
[20161207,1859,1958,1977,1856,4336588]
[20161206,1846,1864,1881,1833,3321976]
[20161205,1802,1859,1865,1767,4218172]
[20161202,1844,1777,1861,1737,4890372]
[20161201,1730,1853,1856,1710,4593298]
[20161130,1766,1745,1779,1730,1780328]
[20161129,1907,1764,1931,1765,3732670]
[20161128,1876,1910,1948,1835,2495678]
[20161125,1718,1863,1868,1718,2600900]
[20161124,1747,1749,1784,1707,3123472]
[20161123,1716,1729,1756,1694,3685872]
[20161122,1614,1724,1717,1604,3462344]
[20161121,1648,1628,1652,1580,2842600]
[20161118,1672,1643,1684,1628,2549934]
[20161117,1669,1669,1680,1621,2863478]
[20161116,1659,1655,1681,1607,3452302]
[20161115,1747,1673,1774,1692,2630392]
[20161114,1864,1745,1907,1717,5462952]
[20161111,1777,1891,1864,1753,4290540]
[20161110,1782,1774,1847,1740,6497460]
[20161109,1674,1794,1794,1667,5596410]
[20161108,1710,1680,1736,1650,6239460]
[20161107,1620,1726,1711,1606,6009818]
[20161104,1596,1621,1639,1595,5862222]
[20161103,1548,1598,1595,1544,4157626]
[20161102,1551,1554,1578,1537,4843108]
[20161101,1540,1555,1563,1518,4530910]
[20161031,1537,1532,1547,1511,4344958]
[20161028,1492,1532,1534,1487,3926402]
[20161027,1501,1500,1522,1471,5107644]
[20161026,1523,1506,1538,1488,5255514]
[20161025,1476,1532,1532,1476,5618894]
[20161024,1469,1483,1480,1439,4369452]
[20161021,1476,1465,1482,1441,4120928]
[20161020,1444,1477,1477,1442,4737686]
[20161019,1451,1448,1496,1436,6550274]
[20161018,1439,1455,1447,1422,3605072]
[20161017,1416,1438,1451,1415,4532940]
[20161014,1393,1421,1434,1388,4705094]
[20161013,1399,1391,1402,1380,4123904]
[20161012,1386,1397,1397,1368,4629698]
[20161011,1346,1387,1385,1346,5183878]
[20161010,1326,1351,1346,1309,2608538]
[20160930,1344,1316,1355,1331,3265698]
[20160929,1355,1353,1381,1344,5216370]
[20160928,1343,1360,1354,1335,3947076]
[20160927,1373,1339,1374,1333,5394648]
[20160926,1368,1370,1393,1367,4561692]
[20160923,1353,1371,1370,1350,4580568]
[20160922,1335,1358,1380,1334,7003834]
[20160921,1341,1342,1347,1328,4270268]
[20160920,1325,1341,1353,1325,4938284]
[20160919,1303,1330,1332,1301,2398338]
[20160914,1332,1322,1348,1330,4020854]
[20160913,1348,1337,1361,1331,4673500]
[20160912,1387,1345,1396,1344,5361182]
[20160909,1383,1390,1389,1364,5367084]
[20160908,1382,1380,1396,1374,4446914]
[20160907,1435,1384,1437,1380,6963090]
[20160906,1442,1426,1455,1428,4665684]
[20160905,1430,1441,1458,1428,5510590]
[20160902,1421,1438,1459,1414,6604570]
[20160901,1412,1418,1428,1399,4817666]
[20160831,1439,1417,1450,1415,4899150]
[20160830,1471,1441,1475,1432,5735382]
[20160829,1476,1470,1481,1451,5166488]
[20160826,1519,1464,1524,1480,5106546]
[20160825,1540,1519,1551,1475,7003352]
[20160824,1539,1541,1551,1525,3645334]
[20160823,1509,1541,1548,1502,4925548]
[20160822,1518,1508,1540,1511,4883282]
[20160819,1502,1516,1524,1479,5084856]
[20160818,1499,1501,1522,1490,4216026]
[20160817,1522,1505,1540,1498,3652354]
[20160816,1478,1521,1545,1474,4084364]
[20160815,1472,1485,1484,1442,3669064]
[20160812,1483,1476,1489,1470,3267498]
[20160811,1487,1478,1496,1458,3923962]
[20160810,1483,1481,1516,1474,4319956]
[20160809,1499,1490,1511,1465,4288152]
[20160808,1459,1498,1505,1447,4602712]
[20160805,1415,1453,1464,1409,4673610]
[20160804,1434,1411,1439,1390,5170354]
[20160803,1447,1418,1449,1421,3619780]
[20160802,1437,1433,1453,1425,4195994]
[20160801,1391,1440,1449,1370,6150544]
[20160729,1423,1384,1428,1378,4940780]
[20160728,1392,1412,1439,1387,6854358]
[20160727,1367,1402,1408,1361,7303310]
[20160726,1351,1365,1368,1328,5154878]
[20160725,1329,1348,1361,1310,6598856]
[20160722,1374,1337,1379,1321,6159834]
[20160721,1327,1368,1398,1310,6876940]
[20160720,1325,1312,1343,1312,4882304]
[20160719,1353,1327,1356,1302,6766598]
[20160718,1453,1346,1457,1358,6672600]
[20160715,1446,1445,1470,1426,5444426]
[20160714,1451,1464,1461,1425,5230034]
[20160713,1460,1457,1488,1444,6378114]
[20160712,1400,1459,1474,1390,7290640]
[20160711,1417,1396,1428,1360,6477612]
[20160708,1372,1414,1407,1360,7833414]
[20160707,1363,1384,1411,1350,7800716]
[20160706,1376,1368,1396,1338,7548718]
[20160705,1397,1394,1410,1329,6741504]
[20160704,1350,1405,1419,1350,8241986]
[20160701,1346,1379,1365,1327,6456628]
[20160630,1286,1352,1348,1284,7404856]
[20160629,1302,1290,1310,1280,5324210]
[20160628,1304,1297,1315,1285,5214954]
[20160627,1222,1310,1304,1222,7190084]
[20160624,1238,1231,1246,1207,5477212]
[20160623,1235,1234,1242,1225,5030872]
[20160622,1196,1233,1232,1193,6453464]
[20160621,1180,1203,1215,1177,5214284]
[20160620,1191,1185,1207,1182,4496562]
[20160617,1189,1193,1196,1166,5369008]
[20160616,1197,1192,1218,1189,5443172]
[20160615,1185,1199,1208,1180,5061270]
[20160614,1248,1192,1255,1191,7974226]
[20160613,1203,1252,1258,1202,5100400]
[20160608,1193,1225,1215,1172,7076480]
[20160607,1187,1189,1208,1181,5931546]
[20160606,1155,1189,1196,1139,6829618]
[20160603,1122,1146,1151,1122,4743104]
[20160602,1115,1127,1138,1115,4476060]
[20160601,1135,1120,1141,1115,4872246]
[20160531,1141,1137,1166,1134,6671144]
[20160530,1169,1147,1181,1090,9342196]
[20160527,1130,1176,1177,1107,10462472]
[20160526,1104,1132,1126,1096,6657830]
[20160525,1128,1113,1134,1100,6392070]
[20160524,1118,1128,1130,1102,5932234]
[20160523,1187,1108,1189,1109,7291762]
[20160520,1167,1180,1195,1160,6905446]
[20160519,1178,1169,1192,1164,7921680]
[20160518,1212,1169,1226,1170,10059262]
[20160517,1183,1214,1218,1174,7916456]
[20160516,1162,1186,1199,1158,7653896]
[20160513,1187,1173,1195,1150,9449424]
[20160512,1238,1193,1241,1192,7919310]
[20160511,1239,1230,1250,1218,8967766]
[20160510,1210,1239,1244,1199,8849402]
[20160509,1347,1224,1352,1250,7912280]
[20160506,1334,1347,1345,1311,9094476]
[20160505,1364,1336,1382,1322,8039974]
[20160504,1402,1375,1407,1360,7419714]
[20160503,1463,1400,1463,1399,4912090]
[20160429,1465,1436,1489,1456,10136284]
[20160428,1439,1478,1465,1412,11759696]
[20160427,1466,1439,1487,1409,13167336]
[20160426,1499,1474,1524,1448,12564092]
[20160425,1499,1502,1598,1487,18593444]
[20160422,1572,1530,1574,1490,20090636]
[20160421,1502,1541,1602,1501,20888420]
[20160420,1438,1517,1490,1438,14561502]
[20160419,1378,1449,1434,1378,13725124]
[20160418,1315,1388,1390,1315,11058042]
[20160415,1334,1321,1345,1320,10150050]
[20160414,1354,1339,1367,1331,10671704]
[20160413,1352,1354,1399,1341,17876282]
[20160412,1323,1344,1348,1315,12013396]
[20160411,1265,1325,1330,1264,12710528]
[20160408,1258,1279,1264,1253,6820064]
[20160407,1253,1254,1272,1249,7574596]
[20160406,1261,1254,1269,1243,9009596]
[20160405,1269,1260,1269,1237,6582884]
[20160401,1230,1251,1262,1228,10507304]
[20160331,1212,1231,1230,1210,10000778]
[20160330,1243,1218,1245,1203,14540416]
[20160329,1230,1236,1249,1220,11920288]
[20160328,1259,1234,1275,1223,14164812]
[20160325,1217,1263,1256,1216,12658188]
[20160324,1264,1231,1268,1211,16669660]
[20160323,1239,1257,1288,1229,14508102]
[20160322,1238,1230,1253,1233,9595446]
[20160321,1217,1237,1271,1200,14728432]
[20160318,1197,1219,1235,1192,11486536]
[20160317,1155,1197,1199,1153,7915384]
[20160316,1132,1161,1156,1131,4753238]
[20160315,1138,1142,1153,1131,5780854]
[20160314,1151,1146,1195,1138,4729668]
[20160311,1191,1162,1193,1157,4183346]
[20160310,1181,1181,1231,1179,10399450]
[20160309,1202,1228,1210,1138,7759772]
[20160308,1227,1190,1227,1162,5570064]
[20160307,1111,1227,1160,1109,3001534]
[20160304,1103,1113,1117,1092,4485046]
[20160303,1113,1099,1118,1100,4060680]
[20160302,1117,1117,1124,1110,5230194]
[20160301,1105,1120,1124,1097,5590114]
[20160229,1075,1105,1103,1069,5856216]
[20160226,1081,1073,1085,1062,3844870]
[20160225,1079,1079,1097,1076,3921008]
[20160224,1075,1082,1083,1072,3262808]
[20160223,1095,1078,1099,1075,4759176]
[20160222,1061,1091,1101,1058,6212182]
[20160219,1047,1061,1062,1043,4023556]
[20160218,1043,1045,1047,1038,2707548]
[20160217,1044,1043,1049,1038,2952600]
[20160216,1047,1041,1052,1041,2487398]
[20160215,1026,1051,1052,1026,2267356]
[20160205,1036,1030,1042,1021,2419066]
[20160204,1021,1037,1038,1021,3220402]
[20160203,1018,1028,1024,1011,2699698]
[20160202,1018,1017,1020,1007,3833714]
[20160201,1016,1015,1032,1015,5308322]
[20160129,1014,1022,1022,1010,5588384]
[20160128,1041,1017,1042,1013,6814258]
[20160127,1035,1040,1047,1029,6523540]
[20160126,1029,1030,1034,1025,3953506]
[20160125,1022,1026,1038,1020,7303680]
[20160122,1012,1021,1038,1011,7256082]
[20160121,1015,1015,1020,1010,4960674]
[20160120,1028,1014,1030,1014,5746390]
[20160119,1021,1026,1030,1016,6454388]
[20160118,994,1022,1025,990,8721514]
[20160115,983,991,1000,981,6254692]
[20160114,974,984,984,969,3870892]
[20160113,974,975,980,970,3190978]
[20160112,984,974,987,973,4968978]
[20160111,983,987,991,978,4842896]
[20160108,989,987,993,977,6293626]
[20160107,990,989,999,988,4351896]
[20160106,1000,992,1001,989,4225422]
[20160105,995,998,1001,985,6072288]
[20160104,1019,994,1031,992,5392884]
[20151231,997,1013,1009,993,5542258]
[20151230,995,995,1010,991,7533106]
[20151229,973,998,1001,973,7343704]
[20151228,972,980,977,962,4280312]
[20151225,963,970,972,962,2618518]
[20151224,960,965,974,959,5810764]
[20151223,967,964,968,955,5051366]
[20151222,978,965,987,961,7338650]
[20151221,961,981,983,958,9163118]
[20151218,937,963,959,937,4259664]
[20151217,936,940,948,936,5470500]
[20151216,926,939,936,926,1930224]
[20151215,929,928,943,926,5076664]
[20151214,928,932,934,922,3363470]
[20151211,921,925,930,917,2672486]
[20151210,926,922,930,919,2745934]
[20151209,923,930,932,922,3191016]
[20151208,933,927,934,920,3778416]
[20151207,924,931,937,919,4791158]
[20151204,914,924,927,912,5292136]
[20151203,927,916,932,913,3938468]
[20151202,912,930,936,910,7119062]
[20151201,911,916,918,905,4017094]
[20151130,924,909,928,907,4291058]
[20151127,940,925,942,925,3876660]
[20151126,936,940,963,932,7759162]
[20151125,932,936,967,928,5836344]
[20151124,928,935,936,924,3127204]
[20151123,948,930,948,922,4104240]
[20151120,953,943,958,948,2578136]
[20151119,971,954,972,946,4418198]
[20151118,980,970,981,968,1917014]
[20151117,981,978,983,978,1494682]
[20151116,984,981,989,980,1798138]
[20151113,987,983,988,983,1841822]
[20151112,996,986,996,984,2096750]
[20151111,1004,992,1005,993,1645228]
[20151110,1010,1003,1013,1001,1623042]
[20151109,1002,1009,1011,1000,1842994]
[20151106,994,1002,1011,993,2393688]
[20151105,996,994,1000,989,1394366]
[20151104,994,996,998,992,1151164]
[20151103,997,995,999,990,973310]
[20151102,995,997,1003,993,931146]
[20151030,1003,996,1003,993,1214572]
[20151029,1000,1001,1006,996,1164208]
[20151028,1006,998,1007,996,1650358]
[20151027,1005,1006,1015,1004,1977996]
[20151026,1007,1006,1010,1001,1855248]
[20151023,1008,1003,1010,995,2045520]
[20151022,1007,1009,1015,1006,2235448]
[20151021,1005,1009,1011,998,3848244]
[20151020,1008,1007,1014,1002,2079266]
[20151019,1021,1008,1028,1005,3146380]
[20151016,1024,1022,1025,1016,2287636]
[20151015,1022,1024,1030,1020,2006340]
[20151014,1025,1021,1029,1020,2372840]
[20151013,1032,1023,1034,1016,2919064]
[20151012,1037,1030,1043,1025,3760920]
[20151009,1020,1031,1041,1017,3303878]
[20151008,1026,1021,1033,1015,2139880]
[20150930,1026,1020,1026,1014,2342812]
[20150929,1034,1025,1038,1021,3079494]
[20150928,1053,1035,1053,1036,1853216]
[20150925,1057,1048,1067,1053,2643056]
[20150924,1064,1055,1064,1054,1559216]
[20150923,1054,1062,1064,1048,3370268]
[20150922,1065,1053,1068,1052,3032390]
[20150921,1072,1063,1075,1058,3599876]
[20150918,1077,1074,1081,1071,3010560]
[20150917,1079,1079,1089,1075,4099354]
[20150916,1067,1078,1083,1067,3707938]
[20150915,1075,1068,1080,1065,2991980]
[20150914,1086,1075,1088,1076,3778176]
[20150911,1093,1087,1099,1087,4776060]
[20150910,1089,1095,1098,1083,4511148]
[20150909,1090,1091,1105,1087,7404706]
[20150908,1072,1090,1088,1070,3361902]
[20150907,1091,1074,1091,1031,3371040]
[20150902,1095,1081,1098,1088,2321192]
[20150901,1092,1096,1100,1087,4062362]
[20150831,1101,1088,1103,1086,5284334]
[20150828,1100,1091,1119,1097,6363150]
[20150827,1081,1098,1107,1079,3915676]
[20150826,1095,1082,1102,1081,3760994]
[20150825,1081,1093,1097,1071,6293290]
[20150824,1129,1083,1131,1078,5947888]
[20150821,1136,1129,1139,1130,2519276]
[20150820,1140,1133,1144,1128,3092968]
[20150819,1144,1142,1146,1130,3778308]
[20150818,1148,1144,1155,1143,2357282]
[20150817,1167,1153,1170,1149,3069462]
[20150814,1167,1168,1169,1162,2190906]
[20150813,1157,1165,1174,1157,4864236]
[20150812,1144,1165,1158,1141,3472810]
[20150811,1141,1146,1158,1141,4625692]
[20150810,1149,1145,1154,1138,3314208]
[20150807,1157,1149,1161,1141,4116086]
[20150806,1172,1157,1174,1154,3577918]
[20150805,1170,1169,1177,1163,3622188]
[20150804,1163,1173,1174,1155,3452822]
[20150803,1170,1159,1190,1158,5987850]
[20150430,1161,1173,1176,1158,4978130]
[20150429,1186,1162,1193,1154,6955292]
[20150428,1196,1186,1202,1179,5409346]
[20150427,1179,1194,1194,1170,8169754]
[20150424,1150,1179,1181,1150,8565402]
[20150423,1152,1157,1154,1141,5009922]
[20150422,1129,1150,1155,1129,6692170]
[20150421,1126,1130,1133,1123,3930092]
[20150420,1140,1126,1145,1127,5755060]
[20150417,1146,1140,1155,1142,4351586]
[20150416,1136,1150,1152,1133,4673404]
[20150415,1151,1135,1153,1135,4170768]
[20150414,1155,1150,1158,1139,6626500]
[20150413,1119,1148,1155,1119,7994770]
[20150410,1133,1125,1136,1121,4384986]
[20150409,1149,1132,1150,1131,4409388]
[20150408,1141,1146,1155,1130,6798900]
[20150407,1153,1146,1159,1143,3786614]
[20150403,1159,1157,1174,1156,5615180]
[20150402,1176,1162,1187,1158,7280730]
[20150401,1199,1172,1201,1178,5795500]
