[20210830,5842,5876,5909,5826,330101]
[20210827,5857,5845,5860,5816,237025]
[20210826,5862,5833,5903,5830,341047]
[20210825,5916,5897,5927,5861,244112]
[20210824,5878,5914,5918,5860,295380]
[20210823,5892,5886,5907,5853,247671]
[20210820,5958,5895,5958,5868,358962]
[20210819,5988,5930,6012,5923,320767]
[20210818,6034,6009,6044,5952,349066]
[20210817,6039,6028,6048,6012,238712]
[20210816,6007,6029,6078,6001,371518]
[20210813,5920,6003,6015,5920,335114]
[20210812,5953,5942,5981,5912,181995]
[20210811,5927,5932,6016,5927,307462]
[20210810,5993,5983,5993,5908,255286]
[20210809,5982,5956,5999,5969,239672]
[20210806,5875,5988,5988,5875,380996]
[20210805,5872,5891,5881,5831,243054]
[20210804,5851,5849,5885,5819,211488]
[20210803,5879,5864,5899,5845,235166]
[20210802,5920,5888,5920,5845,305028]
[20210730,5977,5901,5977,5898,310287]
[20210729,5941,5956,5984,5929,239516]
[20210728,5955,5969,5979,5919,256943]
[20210727,5839,5962,5968,5839,403922]
[20210726,5897,5865,5949,5835,445977]
[20210723,5924,5931,5935,5867,316620]
[20210722,5891,5915,5940,5885,305629]
[20210721,5866,5896,5914,5859,274186]
[20210720,5907,5879,5907,5811,346507]
[20210719,5820,5890,5920,5820,393729]
[20210716,5813,5863,5843,5764,372920]
[20210715,5803,5783,5836,5773,321596]
[20210714,5772,5820,5817,5757,264388]
[20210713,5849,5774,5851,5757,336341]
[20210712,5810,5837,5878,5793,296119]
[20210709,5889,5821,5889,5800,358700]
[20210708,5902,5868,5909,5848,281393]
[20210707,5974,5879,5974,5861,391543]
[20210706,5948,5943,5989,5941,241576]
[20210705,5969,5959,5998,5929,288771]
[20210702,5915,5987,6015,5915,368886]
[20210701,5903,5996,5944,5896,340661]
[20210630,5885,5910,5905,5858,295138]
[20210629,5840,5876,5892,5829,295331]
[20210628,5833,5843,5881,5815,299375]
[20210625,5790,5826,5849,5764,274959]
[20210624,5766,5783,5837,5766,300811]
[20210623,5736,5809,5772,5711,233717]
[20210622,5675,5726,5743,5659,258975]
[20210621,5693,5677,5706,5658,266127]
[20210618,5701,5681,5703,5614,385589]
[20210617,5694,5655,5720,5666,284505]
[20210616,5770,5712,5776,5689,393267]
[20210615,5813,5769,5817,5748,178899]
[20210611,5823,5777,5859,5809,222688]
[20210610,5760,5822,5840,5732,387266]
[20210609,5731,5760,5773,5731,191950]
[20210608,5784,5743,5785,5728,321088]
[20210607,5826,5767,5870,5784,267842]
[20210604,5936,5843,5936,5815,332729]
[20210603,5884,5889,5942,5884,223407]
[20210602,5907,5895,5948,5879,255167]
[20210601,5843,5945,5908,5843,264804]
[20210531,5823,5863,5880,5823,267556]
[20210528,5809,5870,5850,5799,273918]
[20210527,5869,5835,5869,5787,342853]
[20210526,5922,5837,5954,5863,334619]
[20210525,5895,5935,5932,5882,271586]
[20210524,5939,5910,5939,5847,311198]
[20210521,5911,5889,5956,5880,426930]
[20210520,5896,5922,5915,5820,366413]
[20210519,5974,5842,6019,5882,575207]
[20210518,5936,5966,5990,5903,346786]
[20210517,5966,5928,5986,5912,322057]
[20210514,6024,5985,6024,5908,533155]
[20210513,6094,5985,6105,5990,527748]
[20210512,5926,6059,6131,5926,712209]
[20210511,5925,5976,5968,5872,429408]
[20210510,5908,5917,5935,5876,463204]
[20210507,5867,5892,5909,5850,405994]
[20210506,5813,5870,5869,5799,218646]
[20210430,5845,5830,5857,5750,322536]
[20210429,5837,5847,5850,5798,250739]
[20210428,5828,5810,5891,5804,355101]
[20210427,5782,5820,5832,5756,312869]
[20210426,5773,5779,5822,5762,318770]
[20210423,5786,5783,5803,5762,236592]
[20210422,5746,5793,5786,5724,292786]
[20210421,5761,5766,5787,5736,241557]
[20210420,5739,5773,5741,5700,187188]
[20210419,5698,5719,5743,5673,298330]
[20210416,5602,5701,5708,5594,448167]
[20210415,5580,5611,5599,5569,199775]
[20210414,5622,5584,5622,5551,285271]
[20210413,5640,5610,5650,5584,296465]
[20210412,5661,5634,5701,5629,360279]
[20210409,5646,5674,5652,5598,246356]
[20210408,5663,5642,5670,5615,227126]
[20210407,5665,5654,5670,5638,158509]
[20210406,5642,5654,5675,5642,128473]
[20210402,5608,5650,5645,5591,194538]
[20210401,5553,5602,5622,5552,204180]
[20210331,5604,5555,5630,5540,263998]
[20210330,5595,5599,5631,5594,144671]
[20210329,5645,5604,5657,5576,252006]
[20210326,5664,5643,5679,5622,157538]
[20210325,5678,5649,5717,5670,118353]
[20210324,5632,5690,5690,5607,178166]
[20210323,5665,5610,5674,5639,135488]
[20210322,5654,5653,5686,5654,128323]
[20210319,5756,5669,5759,5649,319510]
[20210318,5718,5738,5778,5710,213866]
[20210317,5728,5724,5761,5714,209385]
[20210316,5712,5748,5730,5688,211220]
[20210315,5790,5724,5790,5703,290420]
[20210312,5761,5765,5829,5739,336063]
[20210311,5712,5761,5757,5709,250197]
[20210310,5730,5734,5745,5675,321709]
[20210309,5805,5726,5809,5733,292730]
[20210308,5773,5783,5833,5754,395370]
[20210305,5878,5781,5941,5778,691543]
[20210304,5878,5868,5899,5829,458302]
[20210303,5793,5876,5897,5790,456256]
[20210302,5830,5806,5863,5742,489953]
[20210301,5720,5816,5829,5718,340841]
[20210226,5881,5749,5896,5708,523796]
[20210225,5835,5895,5939,5821,510689]
[20210224,5849,5855,5861,5785,363664]
[20210223,5814,5836,5906,5764,503689]
[20210222,5814,5794,5830,5786,316791]
[20210219,5759,5792,5814,5751,319110]
[20210218,5676,5781,5757,5669,220126]
[20210210,5612,5711,5690,5584,292979]
[20210209,5683,5626,5683,5596,359348]
[20210208,5712,5675,5746,5656,388154]
[20210205,5684,5697,5723,5655,357970]
[20210204,5691,5687,5691,5645,324229]
[20210203,5646,5676,5701,5626,422063]
[20210202,5632,5647,5670,5609,352896]
[20210201,5593,5614,5637,5590,266589]
[20210129,5590,5592,5617,5561,322685]
[20210128,5664,5595,5675,5570,363677]
[20210127,5630,5661,5663,5613,298659]
[20210126,5621,5640,5658,5591,389200]
[20210125,5606,5618,5635,5582,315601]
[20210122,5684,5619,5695,5596,499812]
[20210121,5703,5658,5723,5688,311101]
[20210120,5819,5700,5823,5679,568785]
[20210119,5809,5808,5839,5776,396159]
[20210118,5809,5821,5866,5785,420825]
[20210115,5655,5803,5843,5625,803201]
[20210114,5590,5641,5652,5588,366220]
[20210113,5579,5610,5596,5528,434102]
[20210112,5536,5576,5584,5536,331489]
[20210111,5630,5564,5644,5516,508077]
[20210108,5686,5628,5696,5583,544908]
[20210107,5719,5677,5732,5645,464138]
[20210106,5707,5714,5743,5680,442843]
[20210105,5702,5714,5733,5676,422747]
[20210104,5604,5704,5697,5595,412684]
[20201231,5659,5606,5665,5561,574537]
[20201230,5600,5648,5659,5551,499925]
[20201229,5586,5594,5660,5569,604158]
[20201228,5577,5597,5624,5535,449415]
[20201225,5581,5600,5595,5535,366740]
[20201224,5643,5555,5656,5566,530609]
[20201223,5570,5627,5624,5526,653553]
[20201222,5536,5592,5630,5510,634521]
[20201221,5559,5515,5566,5508,351252]
[20201218,5541,5542,5580,5519,332391]
[20201217,5404,5531,5549,5404,526646]
[20201216,5394,5439,5410,5377,192900]
[20201215,5384,5402,5424,5375,276507]
[20201214,5354,5391,5408,5353,283396]
[20201211,5348,5366,5392,5333,304841]
[20201210,5290,5342,5373,5276,383472]
[20201209,5349,5295,5350,5268,339565]
[20201208,5357,5326,5379,5346,182577]
[20201207,5340,5367,5365,5317,258797]
[20201204,5348,5359,5364,5317,232486]
[20201203,5397,5351,5416,5326,278454]
[20201202,5423,5408,5441,5398,149994]
[20201201,5463,5433,5466,5402,218475]
[20201130,5484,5457,5526,5457,315201]
[20201127,5495,5492,5517,5448,285698]
[20201126,5528,5499,5532,5486,202570]
[20201125,5499,5504,5530,5491,232250]
[20201124,5491,5498,5518,5477,286663]
[20201123,5397,5500,5495,5390,471093]
[20201120,5409,5402,5425,5385,245056]
[20201119,5397,5419,5423,5375,253186]
[20201118,5453,5396,5454,5372,367574]
[20201117,5436,5429,5467,5432,296600]
[20201116,5497,5445,5499,5408,448439]
[20201113,5513,5495,5543,5470,430813]
[20201112,5493,5516,5537,5489,360240]
[20201111,5487,5504,5513,5467,321727]
[20201110,5495,5484,5507,5462,331296]
[20201109,5491,5502,5532,5451,423757]
[20201106,5477,5481,5501,5443,343825]
[20201105,5507,5473,5528,5466,343956]
[20201104,5588,5519,5588,5493,421179]
[20201103,5519,5559,5611,5514,381079]
[20201102,5573,5527,5594,5497,457195]
[20201030,5609,5577,5629,5541,519798]
[20201029,5593,5567,5650,5561,430281]
[20201028,5614,5578,5627,5554,407800]
[20201027,5612,5607,5644,5587,348526]
[20201026,5622,5628,5641,5580,368726]
[20201023,5705,5630,5743,5604,606291]
[20201022,5716,5711,5729,5653,386810]
[20201021,5756,5715,5756,5703,367175]
[20201020,5687,5731,5770,5683,482526]
[20201019,5681,5700,5777,5632,753479]
[20201016,5637,5670,5682,5599,394636]
[20201015,5652,5626,5703,5628,433062]
[20201014,5641,5643,5660,5615,290984]
[20201013,5647,5652,5663,5572,404323]
[20201012,5529,5617,5643,5529,375644]
[20201009,5543,5581,5553,5503,160114]
[20200930,5478,5536,5547,5438,333751]
[20200929,5536,5485,5546,5455,378135]
[20200928,5603,5528,5603,5523,390359]
[20200925,5602,5593,5620,5581,278970]
[20200924,5630,5597,5651,5553,485124]
[20200923,5628,5641,5686,5599,454957]
[20200922,5693,5649,5697,5591,445325]
[20200921,5714,5672,5717,5663,376671]
[20200918,5685,5704,5734,5662,424015]
[20200917,5627,5670,5711,5624,495925]
[20200916,5604,5641,5691,5584,773580]
[20200915,5582,5593,5607,5559,331525]
[20200914,5538,5581,5605,5529,369059]
[20200911,5521,5543,5551,5499,363817]
[20200910,5530,5531,5551,5503,240442]
[20200909,5618,5549,5618,5506,597727]
[20200908,5537,5589,5650,5537,572890]
[20200907,5546,5560,5562,5524,327520]
[20200904,5500,5546,5548,5443,519429]
[20200903,5550,5505,5593,5507,471370]
[20200902,5534,5588,5562,5505,354780]
[20200901,5560,5523,5562,5500,359066]
[20200831,5553,5557,5577,5537,366665]
[20200828,5520,5544,5561,5482,499063]
[20200827,5513,5512,5528,5489,349417]
[20200826,5443,5519,5533,5430,592108]
[20200825,5437,5453,5463,5416,298286]
[20200824,5408,5440,5445,5386,399352]
[20200821,5407,5407,5424,5363,476130]
[20200820,5402,5401,5447,5394,462987]
[20200819,5406,5404,5438,5390,422375]
[20200818,5441,5422,5441,5398,272457]
[20200817,5470,5427,5471,5382,418707]
[20200814,5416,5451,5490,5406,602887]
[20200813,5437,5412,5446,5390,330655]
[20200812,5407,5435,5452,5363,435398]
[20200811,5453,5401,5545,5380,650216]
[20200810,5458,5485,5470,5399,452846]
[20200807,5299,5448,5481,5298,553050]
[20200806,5328,5309,5362,5268,321423]
[20200805,5327,5335,5339,5288,235151]
[20200804,5284,5332,5340,5282,248113]
[20200803,5299,5296,5366,5282,371827]
[20200731,5254,5289,5301,5191,527123]
[20200730,5274,5257,5289,5242,257552]
[20200729,5268,5284,5290,5236,347451]
[20200728,5295,5282,5299,5233,437842]
[20200727,5321,5286,5339,5248,426622]
[20200724,5350,5335,5402,5297,479641]
[20200723,5379,5355,5403,5348,333464]
[20200722,5435,5394,5442,5354,424463]
[20200721,5399,5438,5425,5383,276559]
[20200720,5370,5408,5417,5345,342254]
[20200717,5440,5382,5445,5344,470158]
[20200716,5484,5441,5489,5414,509191]
[20200715,5479,5468,5509,5448,399135]
[20200714,5443,5499,5501,5443,348622]
[20200713,5472,5478,5537,5440,446356]
[20200710,5499,5488,5510,5434,448381]
[20200709,5505,5502,5532,5468,447140]
[20200708,5394,5497,5524,5380,637178]
[20200707,5393,5398,5423,5369,342368]
[20200706,5377,5415,5422,5368,427229]
[20200703,5288,5373,5374,5278,494290]
[20200702,5272,5284,5300,5266,348229]
[20200701,5249,5281,5274,5241,293957]
[20200630,5243,5260,5291,5232,542844]
[20200629,5322,5253,5324,5209,392757]
[20200624,5369,5287,5434,5308,690445]
[20200623,5355,5372,5382,5339,341747]
[20200622,5342,5357,5398,5329,445911]
[20200619,5337,5342,5373,5322,390403]
[20200618,5334,5342,5357,5317,340802]
[20200617,5360,5325,5364,5295,401615]
[20200616,5264,5353,5348,5263,371577]
[20200615,5327,5291,5357,5269,486389]
[20200612,5260,5322,5332,5226,509780]
[20200611,5348,5278,5380,5254,643133]
[20200610,5390,5360,5411,5307,522455]
[20200609,5418,5396,5420,5306,474016]
[20200608,5369,5405,5436,5334,617443]
[20200605,5285,5352,5371,5285,507065]
[20200604,5315,5319,5382,5276,677240]
[20200603,5204,5299,5326,5201,561374]
[20200602,5194,5221,5209,5168,398070]
[20200601,5187,5173,5216,5160,428690]
[20200529,5269,5182,5301,5150,692441]
[20200528,5247,5272,5287,5206,486749]
[20200527,5294,5258,5295,5248,394279]
[20200526,5278,5280,5304,5226,513477]
[20200525,5182,5259,5290,5178,529430]
[20200522,5332,5217,5342,5203,636610]
[20200521,5280,5323,5364,5271,544130]
[20200520,5235,5316,5273,5217,424446]
[20200519,5159,5232,5238,5133,494833]
[20200518,5166,5142,5170,5102,421382]
[20200515,5185,5150,5191,5134,478893]
[20200514,5271,5159,5283,5097,884459]
[20200513,5314,5263,5335,5259,334629]
[20200512,5360,5312,5380,5280,312540]
[20200511,5349,5369,5392,5342,282919]
[20200508,5375,5350,5387,5331,317602]
[20200507,5246,5379,5377,5230,384269]
[20200506,5336,5251,5339,5265,118024]
[20200430,5250,5295,5270,5224,195973]
[20200429,5110,5242,5266,5090,421647]
[20200428,5049,5103,5085,4993,572922]
[20200427,5281,5051,5281,5049,490273]
[20200424,5383,5244,5399,5335,258939]
[20200423,5400,5372,5426,5381,184490]
[20200422,5410,5423,5412,5342,169946]
[20200421,5481,5344,5497,5383,289238]
[20200420,5515,5467,5562,5508,234164]
[20200417,5538,5546,5560,5512,208920]
[20200416,5560,5549,5575,5508,157360]
[20200415,5542,5544,5566,5523,174349]
[20200414,5549,5555,5561,5484,215822]
[20200413,5603,5522,5637,5539,242246]
[20200410,5610,5624,5635,5594,169150]
[20200409,5642,5613,5649,5587,210466]
[20200408,5575,5629,5642,5571,176513]
[20200407,5568,5583,5611,5548,190099]
[20200403,5562,5588,5575,5512,276151]
[20200402,5568,5529,5619,5503,363660]
[20200401,5754,5547,5754,5610,302613]
[20200331,5746,5741,5778,5727,176577]
[20200330,5761,5733,5784,5747,138909]
[20200327,5716,5770,5759,5695,159737]
[20200326,5720,5725,5741,5701,90356]
[20200325,5813,5719,5826,5716,125983]
[20200324,5781,5816,5813,5746,110052]
[20200323,5698,5799,5787,5693,190708]
[20200320,5775,5718,5785,5714,120354]
[20200319,5716,5778,5824,5636,358151]
[20200318,5759,5711,5786,5698,203659]
[20200317,5678,5767,5777,5663,241803]
[20200316,5733,5709,5782,5729,137121]
[20200313,5715,5754,5807,5641,391131]
[20200312,5819,5705,5835,5776,275975]
[20200311,5894,5805,5933,5800,268010]
[20200310,5868,5902,5915,5854,232966]
[20200309,5869,5872,5921,5751,741754]
[20200306,5961,5916,5991,5951,248359]
[20200305,5907,5957,5978,5895,293536]
[20200304,5943,5919,5943,5914,144324]
[20200303,5986,5928,5995,5918,342072]
[20200302,5952,5980,6007,5945,223240]
[20200228,5939,5964,5975,5880,461920]
[20200227,5988,5930,6016,5964,241434]
[20200226,6049,5986,6085,5954,433697]
[20200225,6031,6056,6076,6023,241058]
[20200224,6035,6045,6088,6002,415873]
[20200221,6093,6056,6111,6002,380394]
[20200220,6011,6100,6101,5988,410472]
[20200219,6011,6022,6036,5997,230731]
[20200218,6006,6032,6047,5975,323636]
[20200217,5960,5985,6058,5959,470692]
[20200214,5957,6004,5980,5898,437199]
[20200213,6027,5968,6040,5987,250501]
[20200212,6017,6031,6064,5967,473039]
[20200211,6004,6033,6016,5954,261769]
[20200210,6029,6010,6073,5991,472048]
[20200207,5988,6016,6034,5974,186258]
[20200206,5927,5982,6023,5914,309968]
[20200205,5902,5983,5931,5876,154589]
[20200204,5751,5902,5928,5751,335685]
[20200203,5720,5841,5763,5681,184613]
[20200123,5940,5707,5961,5531,292119]
[20200122,5929,5942,5966,5843,309294]
[20200121,5962,5939,5977,5923,252416]
[20200120,6107,5957,6115,5954,525219]
[20200117,6115,6094,6123,6082,299780]
[20200116,6091,6096,6166,6080,417833]
[20200115,6146,6102,6155,6048,359804]
[20200114,6114,6136,6143,6092,308073]
[20200113,6049,6130,6174,6049,484054]
[20200110,5960,6078,6050,5958,375059]
[20200109,5979,5964,5999,5932,295211]
[20200108,5972,5967,5986,5945,239263]
[20200107,5824,5962,5978,5816,533057]
[20200106,5829,5830,5850,5808,167816]
[20200103,5830,5835,5843,5786,174285]
[20200102,5880,5827,5882,5797,113005]
[20191231,5844,5817,5888,5808,381433]
[20191230,5741,5827,5853,5738,617286]
[20191227,5667,5747,5744,5664,570624]
[20191226,5666,5675,5673,5651,161680]
[20191225,5662,5669,5685,5649,329082]
[20191224,5642,5660,5667,5642,217908]
[20191223,5690,5658,5695,5644,395988]
[20191220,5652,5673,5706,5652,413996]
[20191219,5660,5668,5666,5644,280320]
[20191218,5645,5649,5671,5644,342466]
[20191217,5646,5649,5662,5632,350034]
[20191216,5711,5642,5719,5626,534268]
[20191213,5708,5706,5735,5690,337472]
[20191212,5729,5731,5739,5704,254862]
[20191211,5704,5724,5738,5704,302750]
[20191210,5711,5712,5758,5694,545304]
[20191209,5641,5708,5718,5634,449454]
[20191206,5669,5644,5675,5629,241156]
[20191205,5675,5674,5692,5635,241972]
[20191204,5669,5653,5669,5635,236234]
[20191203,5650,5666,5674,5623,390826]
[20191202,5658,5632,5688,5648,384224]
[20191129,5667,5660,5682,5638,343382]
[20191128,5634,5660,5669,5623,408442]
[20191127,5684,5633,5687,5614,738772]
[20191126,5684,5679,5711,5654,593106]
[20191125,5684,5683,5718,5674,501372]
[20191122,5679,5694,5706,5667,516660]
[20191121,5746,5694,5766,5669,633268]
[20191120,5714,5736,5782,5701,751152]
[20191119,5688,5712,5721,5647,659430]
[20191118,5698,5684,5721,5677,367436]
[20191115,5747,5706,5751,5690,567330]
[20191114,5720,5739,5753,5708,717888]
[20191113,5728,5722,5742,5675,711862]
[20191112,5684,5710,5722,5627,746988]
[20191111,5700,5657,5727,5664,659524]
[20191108,5703,5714,5718,5669,824746]
[20191107,5857,5709,5904,5684,1749032]
[20191106,5865,5886,5891,5844,791764]
[20191105,5837,5882,5903,5825,1288784]
[20191104,5824,5856,5852,5775,864802]
[20191101,5817,5796,5828,5761,1175584]
[20191031,5712,5819,5848,5708,1886380]
[20191030,5728,5780,5745,5664,865608]
[20191029,5646,5717,5735,5641,1320172]
[20191028,5623,5666,5646,5597,595134]
[20191025,5613,5618,5674,5613,598776]
[20191024,5608,5640,5624,5583,590696]
[20191023,5603,5613,5634,5591,744136]
[20191022,5696,5614,5728,5608,1144572]
[20191021,5638,5682,5703,5612,797072]
[20191018,5625,5630,5647,5600,586926]
[20191017,5598,5619,5625,5575,606266]
[20191016,5649,5606,5661,5594,777586]
[20191015,5638,5641,5684,5620,668378]
[20191014,5635,5663,5663,5610,471908]
[20191011,5705,5634,5719,5619,736604]
[20191010,5684,5678,5699,5671,468914]
[20191009,5660,5676,5739,5660,1217620]
[20191008,5607,5671,5689,5605,344300]
[20190930,5639,5626,5645,5557,410646]
[20190927,5622,5619,5652,5582,601646]
[20190926,5574,5609,5636,5574,803344]
[20190925,5519,5607,5577,5513,556460]
[20190924,5511,5519,5567,5507,728328]
[20190923,5514,5529,5517,5470,631362]
[20190920,5541,5509,5542,5492,593974]
[20190919,5529,5526,5551,5508,434112]
[20190918,5578,5543,5585,5514,611474]
[20190917,5668,5545,5684,5571,674416]
[20190916,5616,5652,5663,5588,448924]
[20190912,5619,5600,5645,5578,536732]
[20190911,5585,5594,5635,5564,593560]
[20190910,5652,5588,5655,5569,706504]
[20190909,5597,5639,5660,5586,829876]
[20190906,5591,5601,5628,5568,748908]
[20190905,5582,5590,5666,5558,1013534]
[20190904,5541,5586,5606,5529,880996]
[20190903,5480,5562,5552,5424,873926]
[20190902,5481,5469,5510,5466,518580]
[20190830,5466,5478,5484,5442,507446]
[20190829,5491,5468,5491,5454,447620]
[20190828,5456,5472,5494,5439,653586]
[20190827,5569,5471,5576,5419,1051420]
[20190826,5592,5552,5601,5511,610332]
[20190823,5621,5575,5630,5583,637936]
[20190822,5549,5606,5625,5532,970106]
[20190821,5571,5544,5578,5510,753128]
[20190820,5549,5562,5580,5528,713140]
[20190819,5544,5571,5565,5524,557282]
[20190816,5592,5558,5644,5528,938856]
[20190815,5642,5595,5656,5565,905370]
[20190814,5702,5640,5734,5614,918394]
[20190813,5669,5675,5701,5631,989910]
[20190812,5598,5673,5710,5578,1594374]
[20190809,5491,5595,5596,5479,1402144]
[20190808,5488,5519,5500,5441,796278]
[20190807,5462,5482,5509,5437,789092]
[20190806,5474,5459,5548,5428,1259492]
[20190805,5424,5474,5521,5412,904230]
[20190802,5444,5432,5467,5378,733598]
[20190801,5464,5432,5498,5441,660818]
[20190731,5410,5476,5480,5410,462106]
[20190730,5477,5433,5477,5392,633234]
[20190729,5394,5452,5481,5371,714058]
[20190726,5374,5407,5424,5334,650182]
[20190725,5430,5364,5433,5365,694038]
[20190724,5310,5398,5440,5303,1200100]
[20190723,5257,5327,5342,5246,852560]
[20190722,5253,5257,5265,5231,339130]
[20190719,5288,5248,5294,5230,544572]
[20190718,5308,5285,5315,5264,439500]
[20190717,5325,5297,5330,5268,461996]
[20190716,5316,5295,5325,5286,563932]
[20190715,5302,5301,5359,5277,776696]
[20190712,5314,5304,5343,5274,755154]
[20190711,5303,5328,5332,5270,690100]
[20190710,5233,5285,5329,5224,909176]
[20190709,5350,5252,5363,5220,1017984]
[20190708,5400,5357,5427,5340,1319320]
[20190705,5215,5391,5424,5215,2100690]
[20190704,5170,5227,5255,5170,859444]
[20190703,5163,5190,5179,5085,557144]
[20190702,5135,5173,5235,5121,853836]
[20190701,5101,5139,5149,5098,383362]
[20190628,5086,5115,5154,5079,594362]
[20190627,5104,5105,5113,5063,352168]
[20190626,5129,5101,5147,5084,442632]
[20190625,5120,5142,5138,5107,315638]
[20190624,5172,5120,5180,5111,405150]
[20190621,5232,5166,5257,5140,668310]
[20190620,5216,5234,5235,5198,425378]
[20190619,5193,5210,5244,5186,681292]
[20190618,5200,5197,5223,5189,470434]
[20190617,5238,5199,5260,5179,612400]
[20190614,5266,5236,5267,5226,519202]
[20190613,5176,5248,5267,5149,1025812]
[20190612,5141,5163,5174,5126,702492]
[20190611,5125,5153,5169,5114,596348]
[20190610,5128,5136,5156,5120,271716]
[20190606,5142,5135,5168,5056,1013538]
[20190605,5123,5136,5188,5113,873966]
[20190604,5070,5127,5160,5006,1229788]
[20190603,5036,5035,5089,5029,671858]
[20190531,5052,5036,5076,5018,603498]
[20190530,5071,5053,5091,5039,576560]
[20190529,5060,5072,5096,5035,666718]
[20190528,5047,5051,5072,5037,514680]
[20190527,5070,5061,5139,5016,1196686]
[20190524,5030,5058,5086,5029,599014]
[20190523,5041,5053,5100,4976,1280766]
[20190522,5246,5076,5257,5022,2212702]
[20190521,5193,5245,5271,5188,758042]
[20190520,5213,5190,5240,5168,770002]
[20190517,5265,5223,5291,5209,874828]
[20190516,5221,5270,5283,5214,743780]
[20190515,5208,5231,5233,5195,439954]
[20190514,5277,5218,5295,5131,1114488]
[20190513,5281,5280,5300,5248,757858]
[20190510,5248,5269,5279,5237,747320]
[20190509,5212,5249,5262,5207,828222]
[20190508,5236,5252,5248,5210,602652]
[20190507,5197,5235,5246,5197,607226]
[20190506,5203,5226,5215,5177,286870]
[20190430,5311,5202,5319,5165,1249142]
[20190429,5310,5297,5338,5297,864354]
[20190426,5398,5326,5407,5304,1372194]
[20190425,5443,5404,5444,5386,1139332]
[20190424,5466,5431,5481,5398,1277356]
[20190423,5481,5464,5499,5435,1094370]
[20190422,5461,5466,5507,5435,1318202]
[20190419,5410,5444,5537,5410,2355708]
[20190418,5478,5437,5498,5373,1371028]
[20190417,5486,5481,5516,5449,1188416]
[20190416,5531,5500,5537,5466,1473534]
[20190415,5361,5536,5551,5356,1830268]
[20190412,5329,5432,5378,5314,968262]
[20190411,5316,5338,5393,5296,1498146]
[20190410,5195,5302,5353,5190,1420480]
[20190409,5203,5198,5212,5170,311578]
[20190408,5204,5207,5226,5193,225512]
[20190404,5183,5206,5214,5161,455910]
[20190403,5191,5175,5196,5158,313510]
[20190402,5146,5185,5197,5143,358228]
[20190401,5142,5164,5180,5132,258094]
[20190329,5104,5137,5156,5082,295930]
[20190328,5124,5094,5131,5095,189174]
[20190327,5124,5127,5135,5109,168500]
[20190326,5098,5129,5129,5085,253646]
[20190325,5154,5114,5154,5094,288722]
[20190322,5176,5146,5176,5069,444344]
[20190321,5199,5152,5208,5180,225868]
[20190320,5232,5204,5237,5171,427820]
[20190319,5238,5205,5250,5218,265306]
[20190318,5180,5228,5247,5176,421160]
[20190315,5214,5186,5225,5161,351856]
[20190314,5173,5214,5231,5168,550584]
[20190313,5145,5192,5186,5145,321496]
[20190312,5191,5154,5210,5140,471616]
[20190311,5134,5191,5200,5129,506898]
[20190308,5153,5161,5164,5114,355598]
[20190307,5178,5139,5194,5134,375252]
[20190306,5201,5183,5219,5176,439474]
[20190305,5205,5211,5250,5163,527682]
[20190304,5259,5215,5287,5184,585826]
[20190301,5245,5273,5264,5213,380946]
[20190228,5227,5243,5259,5202,506316]
[20190227,5284,5231,5312,5213,672080]
[20190226,5244,5288,5351,5221,1037122]
[20190225,5284,5259,5292,5229,436290]
[20190222,5208,5271,5277,5204,627790]
[20190221,5170,5235,5245,5162,465838]
[20190220,5145,5180,5195,5137,504228]
[20190219,5139,5147,5151,5111,287622]
[20190218,5063,5119,5186,5056,537466]
[20190215,5085,5095,5121,5041,482450]
[20190214,5196,5100,5196,5080,570090]
[20190213,5267,5179,5273,5153,462152]
[20190212,5241,5250,5261,5227,354136]
[20190211,5142,5254,5317,5122,473926]
[20190201,5149,5131,5157,5108,265808]
[20190131,5094,5140,5162,5061,497950]
[20190130,5105,5095,5122,5081,450182]
[20190129,5076,5090,5137,5076,699870]
[20190128,5083,5093,5109,5059,472384]
[20190125,5101,5097,5163,5081,602982]
[20190124,5111,5127,5137,5078,509776]
[20190123,5078,5112,5138,5053,716676]
[20190122,5177,5084,5203,5082,756936]
[20190121,5030,5171,5178,5024,990224]
[20190118,4954,5035,5035,4939,617840]
[20190117,4984,4948,4987,4955,390622]
[20190116,4871,4976,5001,4862,938652]
[20190115,4829,4878,4868,4827,355664]
[20190114,4834,4836,4862,4823,333800]
[20190111,4816,4830,4835,4809,240008]
[20190110,4848,4828,4873,4817,446034]
[20190109,4842,4859,4864,4834,335614]
[20190108,4815,4840,4850,4801,421210]
[20190107,4789,4805,4824,4772,457670]
[20190104,4755,4779,4779,4740,454668]
[20190103,4751,4766,4763,4733,366384]
[20190102,4765,4745,4785,4744,187930]
[20181228,4794,4757,4810,4729,698562]
[20181227,4893,4801,4927,4793,711842]
[20181226,4874,4901,4907,4874,208436]
[20181225,4902,4897,4921,4861,345008]
[20181224,4953,4909,4959,4895,376788]
[20181221,5040,4955,5040,4927,377582]
[20181220,5048,4999,5074,5040,288420]
[20181219,5079,5055,5081,5033,362400]
[20181218,5083,5071,5093,5052,410722]
[20181217,5040,5084,5089,5017,361206]
[20181214,4988,5020,5058,4988,407926]
[20181213,4990,5044,5004,4967,258772]
[20181212,4983,4998,4989,4970,193164]
[20181211,5008,4978,5008,4963,272044]
[20181210,5026,5004,5034,5003,253994]
[20181207,4964,5011,5028,4956,324436]
[20181206,4958,4985,4982,4945,301682]
[20181205,4956,4963,4966,4929,310348]
[20181204,5007,4950,5007,4914,519470]
[20181203,4974,4988,5017,4965,254786]
[20181130,5018,4974,5032,4970,226860]
[20181129,5029,5023,5051,4987,307064]
[20181128,5018,5020,5031,4991,156790]
[20181127,4983,5008,5041,4982,272486]
[20181126,4976,4999,5010,4952,304948]
[20181123,5001,5000,5038,4972,254796]
[20181122,5015,4994,5015,4973,252492]
[20181121,4982,4976,5022,4914,435202]
[20181120,5002,4968,5005,4946,271370]
[20181119,5088,4991,5089,4990,407044]
[20181116,5065,5073,5088,5057,249642]
[20181115,5061,5070,5074,5039,276454]
[20181114,5057,5046,5080,5044,342198]
[20181113,5147,5073,5147,5037,494672]
[20181112,5135,5125,5143,5081,402630]
[20181109,5158,5134,5168,5133,394102]
[20181108,5110,5156,5160,5084,403794]
[20181107,5124,5127,5142,5093,416858]
[20181106,5123,5113,5155,5101,433328]
[20181105,5087,5124,5132,5065,434174]
[20181102,5104,5084,5145,5055,604024]
[20181101,5144,5130,5191,5105,596324]
[20181031,5135,5162,5182,5121,497704]
[20181030,5151,5137,5171,5122,481684]
[20181029,5190,5151,5211,5125,533086]
[20181026,5246,5175,5268,5174,578294]
[20181025,5200,5263,5239,5196,595718]
[20181024,5231,5215,5243,5180,544800]
[20181023,5257,5239,5264,5209,653018]
[20181022,5266,5256,5309,5236,749792]
[20181019,5212,5285,5307,5205,920992]
[20181018,5213,5241,5259,5196,765616]
[20181017,5195,5204,5214,5150,527250]
[20181016,5211,5193,5249,5179,638796]
[20181015,5193,5213,5220,5165,542854]
[20181012,5140,5185,5178,5128,464642]
[20181011,5192,5153,5220,5110,767792]
[20181010,5247,5203,5283,5188,759930]
[20181009,5230,5243,5311,5223,941722]
[20181008,5184,5251,5221,5173,246162]
[20180928,5053,5186,5228,5024,565474]
[20180927,5093,5054,5094,5039,479682]
[20180926,5031,5084,5100,5019,655472]
[20180925,4979,5028,5038,4970,360564]
[20180921,4993,4976,5012,4948,436648]
[20180920,4993,5006,5017,4976,415056]
[20180919,4993,4979,4994,4938,642524]
[20180918,5028,4983,5042,4971,609180]
[20180917,5014,5033,5146,5007,1247714]
[20180914,5042,5037,5064,5010,564898]
[20180913,4977,5043,5056,4972,594454]
[20180912,4963,4987,4985,4941,512462]
[20180911,4927,4956,4971,4900,503244]
[20180910,4997,4925,5012,4918,628450]
[20180907,5028,4992,5050,4981,495216]
[20180906,5023,5038,5074,5015,520552]
[20180905,5023,5016,5029,5003,303990]
[20180904,5012,5014,5033,4973,612960]
[20180903,5071,5025,5071,4989,492292]
[20180831,5059,5068,5082,5042,490960]
[20180830,5057,5058,5072,5021,467332]
[20180829,5107,5056,5115,5040,713424]
[20180828,5165,5096,5177,5101,496224]
[20180827,5155,5157,5183,5127,536064]
[20180824,5059,5147,5166,5052,1174834]
[20180823,5055,5072,5092,5038,634948]
[20180822,5058,5054,5084,5027,655098]
[20180821,5031,5075,5065,5005,521434]
[20180820,4979,5041,5093,4978,693558]
[20180817,5040,4996,5066,4971,612962]
[20180816,5017,5050,5054,4909,1022178]
[20180815,5133,4988,5147,5012,737982]
[20180814,5205,5133,5211,5114,557928]
[20180813,5174,5205,5228,5161,466586]
[20180810,5213,5212,5236,5181,495156]
[20180809,5216,5216,5252,5192,498182]
[20180808,5202,5243,5233,5177,521508]
[20180807,5228,5204,5238,5177,540828]
[20180806,5179,5218,5258,5144,726210]
[20180803,5079,5169,5182,5071,757870]
[20180802,5097,5077,5145,5024,671732]
[20180801,5212,5126,5218,5098,598794]
[20180731,5226,5211,5227,5167,353940]
[20180730,5155,5205,5225,5153,336980]
[20180727,5123,5173,5176,5101,378428]
[20180726,5133,5109,5150,5114,244388]
[20180725,5102,5138,5146,5097,462198]
[20180724,5084,5101,5103,5052,379268]
[20180723,5122,5097,5125,5080,407102]
[20180720,5175,5105,5195,5084,519028]
[20180719,5206,5186,5206,5165,410912]
[20180718,5184,5196,5202,5167,330346]
[20180717,5133,5174,5205,5125,629742]
[20180716,5095,5180,5113,5074,353398]
[20180713,5038,5108,5123,5006,731344]
[20180712,5042,5082,5074,5020,602224]
[20180711,5118,5052,5132,5039,610334]
[20180710,5167,5126,5175,5107,403588]
[20180709,5207,5166,5212,5156,344070]
[20180706,5199,5191,5233,5122,779674]
[20180705,5265,5215,5301,5195,602588]
[20180704,5312,5276,5327,5276,261478]
[20180703,5312,5318,5322,5267,372404]
[20180702,5338,5314,5349,5314,354024]
[20180629,5394,5337,5404,5331,300806]
[20180628,5412,5396,5417,5363,365390]
[20180627,5429,5395,5449,5419,173816]
[20180626,5421,5436,5435,5393,219952]
[20180625,5417,5423,5445,5409,221508]
[20180622,5397,5434,5412,5360,335772]
[20180621,5400,5381,5411,5377,206780]
[20180620,5375,5394,5416,5373,250926]
[20180619,5477,5404,5481,5354,293790]
[20180615,5491,5429,5520,5470,260756]
[20180614,5507,5489,5530,5482,300524]
[20180613,5557,5507,5562,5465,434612]
[20180612,5564,5547,5585,5548,234946]
[20180611,5530,5557,5572,5527,310862]
[20180608,5668,5540,5668,5510,785930]
[20180607,5686,5638,5702,5672,264718]
[20180606,5744,5690,5750,5685,348804]
[20180605,5786,5742,5797,5717,317458]
[20180604,5778,5776,5793,5760,261706]
[20180601,5747,5787,5820,5698,522964]
[20180531,5749,5724,5767,5733,286114]
[20180530,5741,5753,5761,5728,259410]
[20180529,5735,5754,5764,5722,272192]
[20180528,5808,5736,5829,5729,494354]
[20180525,5836,5812,5843,5792,245598]
[20180524,5808,5831,5842,5807,369310]
[20180523,5810,5820,5828,5778,343150]
[20180522,5829,5811,5858,5797,394600]
[20180521,5792,5853,5822,5775,281838]
[20180518,5812,5798,5831,5772,365884]
[20180517,5780,5802,5820,5775,351130]
[20180516,5760,5795,5795,5757,371220]
[20180515,5775,5777,5779,5745,248226]
[20180514,5717,5766,5819,5709,444458]
[20180511,5692,5713,5730,5664,240314]
[20180510,5695,5705,5707,5691,178428]
[20180509,5700,5704,5721,5693,234002]
[20180508,5707,5706,5716,5688,168332]
[20180507,5686,5711,5715,5681,252742]
[20180504,5687,5696,5700,5678,186878]
[20180503,5672,5686,5709,5672,211956]
[20180502,5731,5691,5734,5659,206418]
[20180427,5777,5730,5789,5713,340086]
[20180426,5765,5778,5794,5747,270120]
[20180425,5732,5773,5803,5724,470816]
[20180424,5755,5737,5759,5706,264216]
[20180423,5774,5756,5781,5751,174954]
[20180420,5767,5772,5790,5756,247100]
[20180419,5717,5762,5779,5710,258392]
[20180418,5707,5730,5748,5690,269184]
[20180417,5767,5720,5778,5709,265940]
[20180416,5826,5766,5837,5750,320518]
[20180413,5811,5821,5828,5791,228144]
[20180412,5852,5821,5854,5807,224508]
[20180411,5842,5831,5874,5832,190024]
[20180410,5840,5851,5873,5840,183210]
[20180409,5808,5856,5848,5807,92830]
[20180404,5838,5834,5853,5753,169176]
[20180403,5861,5820,5866,5820,136242]
[20180402,5859,5852,5874,5839,119528]
[20180330,5788,5857,5900,5775,241312]
[20180329,5824,5791,5843,5754,245088]
[20180328,5847,5825,5867,5826,154398]
[20180327,5835,5854,5869,5830,176040]
[20180326,5850,5854,5860,5814,209308]
[20180323,5859,5844,5878,5821,257818]
[20180322,5865,5867,5874,5844,138420]
[20180321,5891,5860,5905,5830,287746]
[20180320,5912,5893,5919,5880,176962]
[20180319,5881,5900,5938,5877,229322]
[20180316,5893,5889,5910,5871,164580]
[20180315,5876,5891,5907,5869,193420]
[20180314,5866,5881,5922,5856,155348]
[20180313,5862,5886,5874,5851,157436]
[20180312,5816,5862,5878,5812,255550]
[20180309,5860,5823,5863,5793,231050]
[20180308,5853,5855,5868,5832,212092]
[20180307,5864,5857,5872,5824,390988]
[20180306,5914,5865,5932,5858,370944]
[20180305,5950,5923,5973,5914,255334]
[20180302,5961,5967,5976,5945,207690]
[20180301,5961,5971,5990,5952,189312]
[20180228,5983,5962,5990,5929,264640]
[20180227,6005,5983,6020,5979,156908]
[20180226,6001,5997,6009,5978,182210]
[20180223,5937,5990,5998,5937,172174]
[20180222,5937,5954,5948,5918,75830]
[20180214,5985,5935,5985,5901,156066]
[20180213,5992,5981,6011,5977,138310]
[20180212,5930,5984,5992,5926,186828]
[20180209,5979,5944,5997,5930,252598]
[20180208,5951,5984,5991,5948,218494]
[20180207,5975,5969,5978,5948,211274]
[20180206,5973,5973,5993,5958,223812]
[20180205,5969,5990,5990,5964,161908]
[20180202,5982,5989,6002,5963,201868]
[20180201,5997,6001,5997,5948,261226]
[20180131,5955,5987,6048,5953,503452]
[20180130,5961,5963,5975,5948,158198]
[20180129,5985,5962,5999,5938,242888]
[20180126,6000,5987,6019,5974,205770]
[20180125,5987,6011,6015,5978,188710]
[20180124,5972,5985,6023,5970,336796]
[20180123,5955,5988,5971,5944,201706]
[20180122,5943,5951,5964,5928,288672]
[20180119,5966,5942,5967,5913,383640]
[20180118,5979,5964,5994,5958,243824]
[20180117,6005,5986,6025,5973,325810]
[20180116,6007,6023,6020,6003,146106]
[20180115,6067,6016,6073,6000,355258]
[20180112,6047,6055,6066,6042,160040]
[20180111,6079,6062,6085,6050,188026]
[20180110,6061,6082,6082,6055,192736]
[20180109,6065,6068,6084,6044,290006]
[20180108,6061,6068,6082,6046,200532]
[20180105,6039,6062,6070,6031,274186]
[20180104,6096,6047,6096,6024,448078]
[20180103,6091,6083,6115,6089,199126]
[20180102,6156,6102,6159,6082,264870]
[20171229,6135,6151,6165,6121,187728]
[20171228,6120,6136,6157,6109,211794]
[20171227,6175,6134,6181,6118,292894]
[20171226,6177,6166,6198,6154,181860]
[20171225,6155,6188,6201,6115,272708]
[20171222,6188,6171,6189,6145,226504]
[20171221,6175,6178,6189,6131,329960]
[20171220,6174,6167,6227,6164,258196]
[20171219,6201,6181,6206,6149,236958]
[20171218,6174,6195,6225,6166,247108]
[20171215,6167,6179,6191,6160,157012]
[20171214,6233,6173,6239,6152,293340]
[20171213,6305,6199,6307,6230,305538]
[20171212,6294,6293,6344,6292,178066]
[20171211,6388,6310,6399,6253,307770]
[20171208,6374,6384,6387,6338,267206]
[20171207,6371,6375,6380,6339,226728]
[20171206,6392,6375,6446,6367,294004]
[20171205,6380,6393,6431,6367,300022]
[20171204,6332,6373,6394,6308,261680]
[20171201,6338,6354,6356,6323,119866]
[20171130,6403,6342,6434,6316,282750]
[20171129,6448,6419,6566,6400,336796]
[20171128,6438,6531,6463,6422,226296]
[20171127,6352,6431,6460,6342,355230]
[20171124,6341,6355,6369,6327,156680]
[20171123,6316,6332,6344,6298,238852]
[20171122,6346,6311,6355,6286,287980]
[20171121,6337,6331,6390,6304,289466]
[20171120,6340,6375,6349,6292,252284]
[20171117,6366,6325,6391,6305,361752]
[20171116,6424,6384,6443,6347,392394]
[20171115,6445,6433,6456,6404,264016]
[20171114,6410,6425,6469,6410,227908]
[20171113,6385,6437,6469,6385,378616]
[20171110,6451,6419,6466,6366,398222]
[20171109,6404,6439,6486,6395,492026]
[20171108,6386,6403,6419,6382,332420]
[20171107,6368,6395,6402,6351,278974]
[20171106,6334,6362,6415,6328,425176]
[20171103,6301,6371,6337,6273,224768]
[20171102,6281,6295,6351,6275,265902]
[20171101,6314,6313,6330,6266,293494]
[20171031,6326,6316,6345,6293,264154]
[20171030,6344,6325,6387,6313,339380]
[20171027,6325,6326,6370,6315,351418]
[20171026,6322,6324,6347,6306,295000]
[20171025,6212,6341,6335,6206,625050]
[20171024,6186,6217,6208,6167,208616]
[20171023,6147,6191,6192,6117,323972]
[20171020,6185,6162,6202,6143,293698]
[20171019,6220,6190,6221,6154,337392]
[20171018,6207,6209,6240,6195,304414]
[20171017,6206,6215,6232,6173,307316]
[20171016,6214,6210,6223,6162,256676]
[20171013,6162,6217,6233,6152,443932]
[20171012,6146,6165,6177,6104,375642]
[20171011,6078,6124,6147,6074,423632]
[20171010,5991,6084,6079,5983,319680]
[20171009,6088,6000,6090,5982,237076]
[20170929,6038,6075,6099,6026,245234]
[20170928,6063,6058,6109,6023,357986]
[20170927,6068,6061,6085,6015,488344]
[20170926,6090,6077,6103,6054,327248]
[20170925,6107,6088,6157,6090,323558]
[20170922,6095,6111,6127,6084,235670]
[20170921,6125,6099,6130,6038,447282]
[20170920,6104,6120,6140,6097,271430]
[20170919,6131,6112,6140,6069,483744]
[20170918,6148,6115,6204,6133,452450]
[20170915,6154,6154,6168,6108,346188]
[20170914,6114,6149,6179,6106,460358]
[20170913,6120,6129,6138,6061,511258]
[20170912,6100,6121,6144,6099,280108]
[20170911,6106,6121,6137,6077,399394]
[20170908,6152,6117,6168,6092,556876]
[20170907,6240,6164,6258,6169,476228]
[20170906,6326,6233,6337,6232,580566]
[20170905,6317,6330,6341,6300,269266]
[20170904,6365,6324,6366,6287,381712]
[20170901,6365,6324,6390,6352,215258]
[20170831,6331,6364,6380,6331,342640]
[20170830,6390,6346,6392,6322,381878]
[20170829,6435,6383,6444,6394,332154]
[20170828,6379,6434,6439,6354,471716]
[20170825,6293,6366,6396,6289,572646]
[20170824,6277,6308,6294,6261,213116]
[20170823,6311,6282,6319,6236,439918]
[20170822,6312,6313,6329,6279,308340]
[20170821,6310,6315,6315,6264,403450]
[20170818,6281,6305,6313,6262,462846]
[20170817,6253,6290,6285,6222,562332]
[20170816,6236,6246,6255,6214,345082]
[20170815,6183,6239,6274,6160,756424]
[20170814,6188,6203,6221,6179,462116]
[20170811,6177,6199,6208,6147,493030]
[20170810,6157,6197,6217,6150,445910]
[20170809,6187,6173,6202,6108,538944]
[20170808,6184,6195,6199,6160,266118]
[20170807,6139,6196,6243,6132,516556]
[20170804,6112,6186,6150,6092,328486]
[20170803,6109,6124,6151,6088,372628]
[20170802,6088,6116,6112,6033,440014]
[20170801,6058,6094,6095,6040,360714]
[20170731,5998,6044,6064,5947,503728]
[20170728,6102,6003,6111,5993,357768]
[20170727,6055,6091,6093,6043,240278]
[20170726,6152,6073,6166,6053,448332]
[20170725,6168,6149,6187,6150,195786]
[20170724,6212,6177,6212,6124,248750]
[20170721,6206,6168,6223,6193,155742]
[20170720,6188,6201,6261,6184,300228]
[20170719,6214,6191,6216,6156,278776]
[20170718,6128,6201,6227,6128,292600]
[20170717,6197,6153,6211,6134,292320]
[20170714,6174,6201,6221,6159,380226]
[20170713,6134,6172,6151,6114,213272]
[20170712,6120,6144,6173,6106,346778]
[20170711,6120,6154,6156,6087,346298]
[20170710,6079,6131,6160,6062,420368]
[20170707,6114,6077,6156,6057,338066]
[20170706,6096,6124,6115,6052,453084]
[20170705,6184,6106,6186,6080,544166]
[20170704,6285,6149,6307,6174,461214]
[20170703,6304,6296,6327,6232,366546]
[20170630,6296,6309,6371,6289,444928]
[20170629,6314,6299,6321,6285,268404]
[20170628,6398,6297,6402,6288,612718]
[20170627,6445,6395,6445,6381,355652]
[20170626,6452,6427,6473,6447,169780]
[20170623,6392,6451,6457,6379,332878]
[20170622,6462,6398,6479,6375,461816]
[20170621,6455,6465,6484,6453,181700]
[20170620,6456,6470,6488,6443,257558]
[20170619,6495,6448,6509,6425,448936]
[20170616,6524,6506,6529,6473,314254]
[20170615,6522,6475,6558,6517,270684]
[20170614,6530,6521,6540,6505,185150]
[20170613,6574,6520,6579,6509,262600]
[20170612,6584,6554,6595,6565,176412]
[20170609,6543,6590,6606,6543,338490]
[20170608,6534,6550,6562,6516,268756]
[20170607,6492,6537,6539,6481,261340]
[20170606,6497,6487,6511,6460,324808]
[20170605,6512,6489,6553,6471,327242]
[20170602,6502,6505,6513,6477,252072]
[20170601,6479,6500,6523,6446,247644]
[20170531,6535,6468,6546,6475,261818]
[20170526,6583,6508,6587,6526,223064]
[20170525,6572,6566,6606,6564,220202]
[20170524,6623,6589,6626,6578,301872]
[20170523,6613,6613,6638,6596,231452]
[20170522,6672,6615,6701,6576,807928]
[20170519,6604,6680,6665,6600,271820]
[20170518,6677,6629,6685,6625,448404]
[20170517,6630,6675,6672,6616,421454]
[20170516,6644,6623,6651,6593,251064]
[20170515,6571,6630,6628,6571,305764]
[20170512,6577,6599,6589,6548,248770]
[20170511,6564,6585,6621,6551,470202]
[20170510,6586,6556,6592,6534,401520]
[20170509,6551,6580,6592,6538,258664]
[20170508,6608,6559,6630,6546,373012]
[20170505,6639,6612,6639,6576,428928]
[20170504,6578,6612,6674,6568,528976]
[20170503,6605,6583,6616,6576,241698]
[20170502,6570,6604,6628,6567,243378]
[20170428,6542,6574,6585,6514,345082]
[20170427,6589,6535,6597,6519,493502]
[20170426,6573,6572,6607,6560,298214]
[20170425,6599,6582,6609,6558,414824]
[20170424,6689,6591,6690,6575,747942]
[20170421,6713,6656,6725,6682,342156]
[20170420,6725,6688,6738,6673,389238]
[20170419,6687,6711,6723,6649,283746]
[20170418,6699,6659,6730,6673,516686]
[20170417,6651,6710,6712,6643,364024]
[20170414,6667,6654,6694,6628,402722]
[20170413,6661,6685,6670,6593,450968]
[20170412,6609,6641,6666,6568,499018]
[20170411,6606,6605,6643,6593,301628]
[20170410,6537,6602,6658,6530,534270]
[20170407,6524,6550,6580,6500,428628]
[20170406,6512,6562,6541,6489,315918]
[20170405,6447,6532,6562,6405,291716]
[20170331,6484,6453,6523,6397,414346]
[20170330,6563,6507,6576,6467,427930]
[20170329,6619,6559,6629,6574,281548]
[20170328,6633,6598,6648,6584,229168]
[20170327,6653,6612,6666,6574,361056]
[20170324,6633,6646,6687,6625,252698]
[20170323,6646,6646,6676,6631,225856]
[20170322,6632,6638,6677,6589,456322]
[20170321,6710,6605,6710,6654,309690]
[20170320,6710,6687,6755,6643,611550]
[20170317,6741,6710,6753,6720,207296]
[20170316,6786,6752,6817,6709,402390]
[20170315,6761,6812,6828,6745,399024]
[20170314,6745,6755,6792,6737,345122]
[20170313,6763,6749,6805,6731,429002]
[20170310,6768,6750,6770,6678,629506]
[20170309,6727,6740,6777,6697,379606]
[20170308,6771,6716,6776,6692,444294]
[20170307,6878,6763,6885,6785,362766]
[20170306,6894,6854,6898,6856,274772]
[20170303,6817,6883,6907,6792,613802]
[20170302,6817,6807,6844,6807,250202]
[20170301,6769,6816,6830,6765,389916]
[20170228,6764,6768,6802,6735,445478]
[20170227,6784,6755,6788,6739,522196]
[20170224,6843,6759,6852,6756,635996]
[20170223,6843,6831,6868,6808,394826]
[20170222,6839,6865,6875,6812,307378]
[20170221,6824,6832,6890,6806,422404]
[20170220,6824,6828,6859,6803,277056]
[20170217,6825,6823,6853,6799,326048]
[20170216,6839,6820,6873,6808,397712]
[20170215,6919,6831,6945,6826,614096]
[20170214,6939,6927,6960,6880,339886]
[20170213,6896,6955,6977,6882,412274]
[20170210,6889,6887,6914,6867,250972]
[20170209,6939,6879,6953,6874,319210]
[20170208,6948,6950,6954,6898,293986]
[20170207,6959,6940,6977,6936,195684]
[20170206,6922,6960,6999,6907,322084]
[20170203,6898,6916,6934,6839,155758]
[20170126,6954,6896,7008,6888,200950]
[20170125,6960,6956,6964,6913,135092]
[20170124,6916,6952,6977,6897,252276]
[20170123,6872,6906,6929,6858,211938]
[20170120,6998,6872,7014,6788,554604]
[20170119,6860,7008,6992,6839,684824]
[20170118,6824,6845,6892,6811,334022]
[20170117,6828,6830,6844,6769,338140]
[20170116,6811,6842,6880,6804,337622]
[20170113,6857,6821,6879,6782,413296]
[20170112,6884,6872,6901,6838,314686]
[20170111,6789,6884,6906,6775,548094]
[20170110,6815,6803,6821,6776,300564]
[20170109,6769,6799,6853,6762,313994]
[20170106,6839,6775,6843,6762,345630]
[20170105,6801,6829,6869,6793,434718]
[20170104,6738,6804,6831,6732,405220]
[20170103,6777,6742,6788,6717,193640]
[20161230,6799,6783,6837,6741,412738]
[20161229,6727,6811,6822,6709,495048]
[20161228,6730,6718,6766,6701,334116]
[20161227,6680,6725,6754,6663,325298]
[20161226,6769,6684,6848,6633,511192]
[20161223,6765,6799,6783,6730,426398]
[20161222,6736,6746,6787,6699,414300]
[20161221,6738,6730,6771,6730,263904]
[20161220,6854,6748,6876,6722,546508]
[20161219,6869,6856,6880,6829,352882]
[20161216,6897,6866,6949,6865,371692]
[20161215,6924,6884,6928,6858,476566]
[20161214,7104,6889,7115,6893,731108]
[20161213,7098,7097,7136,7072,318354]
[20161212,7054,7091,7160,7032,466618]
[20161209,7099,7073,7099,7046,358360]
[20161208,7135,7076,7171,7091,515688]
[20161207,7069,7121,7169,7062,575226]
[20161206,7061,7080,7113,7037,383982]
[20161205,7089,7083,7125,7023,497466]
[20161202,7175,7066,7218,7035,585218]
[20161201,7230,7183,7230,7149,330172]
[20161130,7330,7212,7330,7182,611066]
[20161129,7336,7280,7381,7280,559518]
[20161128,7012,7323,7274,7004,714160]
[20161125,6996,7049,7051,6916,470084]
[20161124,6862,7038,7021,6854,710166]
[20161123,6924,6866,6936,6835,365096]
[20161122,6915,6918,6956,6883,492418]
[20161121,6874,6916,6939,6830,510010]
[20161118,6847,6861,6867,6814,388738]
[20161117,6863,6842,6863,6811,490098]
[20161116,6919,6849,6938,6849,473876]
[20161115,6887,6925,6970,6877,824336]
[20161114,6883,6932,6922,6791,812632]
[20161111,6861,6907,7004,6847,956262]
[20161110,6847,6852,6911,6839,611518]
[20161109,6851,6870,6891,6824,528458]
[20161108,6853,6850,6952,6846,700464]
[20161107,6831,6882,6859,6806,409464]
[20161104,6881,6829,6916,6803,448536]
[20161103,6814,6901,6918,6796,648774]
[20161102,6806,6832,6839,6764,524256]
[20161101,6816,6828,6820,6754,514468]
[20161031,6863,6804,6886,6797,605792]
[20161028,6929,6867,6950,6852,725378]
[20161027,6950,6910,6974,6915,466398]
[20161026,6960,6974,6994,6892,688584]
[20161025,6954,6952,6968,6923,540266]
[20161024,6778,6939,6969,6772,976170]
[20161021,6747,6800,6786,6740,486124]
[20161020,6794,6754,6810,6764,389978]
[20161019,6845,6787,6860,6764,705884]
[20161018,6849,6849,6867,6811,442058]
[20161017,6797,6846,6877,6759,669972]
[20161014,6800,6773,6812,6771,446554]
[20161013,6743,6796,6830,6728,753826]
[20161012,6719,6736,6773,6701,554406]
[20161011,6782,6719,6792,6684,739122]
[20161010,6774,6772,6794,6730,282592]
[20160930,6767,6742,6785,6720,531688]
[20160929,6762,6742,6828,6738,797926]
[20160928,6727,6756,6783,6700,631756]
[20160927,6676,6706,6755,6671,897220]
[20160926,6575,6703,6687,6551,707344]
[20160923,6571,6571,6584,6523,465334]
[20160922,6481,6579,6588,6453,904698]
[20160921,6497,6480,6546,6466,696832]
[20160920,6512,6501,6523,6479,386050]
[20160919,6501,6504,6508,6487,202474]
[20160914,6386,6505,6539,6351,533120]
[20160913,6283,6376,6395,6272,878040]
[20160912,6278,6280,6307,6261,554460]
[20160909,6274,6281,6298,6271,262792]
[20160908,6333,6280,6337,6273,312526]
[20160907,6268,6315,6323,6261,332376]
[20160906,6308,6277,6319,6290,216652]
[20160905,6297,6307,6326,6283,402700]
[20160902,6257,6287,6268,6199,740542]
[20160901,6282,6246,6304,6252,603222]
[20160831,6318,6292,6321,6252,443156]
[20160830,6294,6295,6345,6292,507160]
[20160829,6287,6316,6312,6247,438626]
[20160826,6315,6279,6315,6260,331416]
[20160825,6336,6296,6336,6243,620912]
[20160824,6346,6321,6349,6312,406060]
[20160823,6314,6341,6356,6304,513974]
[20160822,6278,6320,6329,6268,508346]
[20160819,6212,6279,6306,6210,659500]
[20160818,6199,6224,6214,6164,346396]
[20160817,6187,6191,6240,6181,446810]
[20160816,6167,6193,6202,6152,337108]
[20160815,6128,6164,6184,6126,373634]
[20160812,6123,6152,6137,6112,238092]
[20160811,6177,6131,6188,6102,490920]
[20160810,6216,6182,6233,6146,528536]
[20160809,6233,6226,6244,6197,323218]
[20160808,6171,6223,6233,6157,503384]
[20160805,6126,6187,6187,6117,483430]
[20160804,6187,6132,6220,6105,778320]
[20160803,6216,6190,6233,6187,396966]
[20160802,6208,6221,6250,6184,411292]
[20160801,6191,6215,6244,6187,436494]
[20160729,6191,6193,6213,6147,597092]
[20160728,6219,6192,6260,6179,518064]
[20160727,6242,6235,6276,6220,364160]
[20160726,6302,6252,6334,6255,316442]
[20160725,6265,6307,6304,6236,265408]
[20160722,6346,6247,6372,6253,479048]
[20160721,6290,6349,6331,6267,288966]
[20160720,6347,6281,6364,6286,434864]
[20160719,6290,6342,6370,6286,591716]
[20160718,6332,6302,6340,6259,435132]
[20160715,6395,6316,6402,6311,480596]
[20160714,6387,6389,6426,6275,532474]
[20160713,6354,6409,6398,6297,666888]
[20160712,6301,6334,6414,6282,705130]
[20160711,6231,6294,6298,6198,540492]
[20160708,6358,6206,6372,6201,880230]
[20160707,6354,6357,6420,6334,602892]
[20160706,6463,6386,6531,6358,1050374]
[20160705,6535,6519,6557,6343,842190]
[20160704,6473,6546,6645,6470,1433190]
[20160701,6506,6492,6512,6413,1037700]
[20160630,6336,6507,6559,6336,1590346]
[20160629,6301,6382,6333,6267,566796]
[20160628,6222,6315,6319,6220,658042]
[20160627,6139,6238,6263,6139,523716]
[20160624,6223,6158,6233,6140,728716]
[20160623,6236,6218,6261,6206,542436]
[20160622,6226,6252,6246,6200,500850]
[20160621,6277,6233,6310,6248,624576]
[20160620,6241,6298,6316,6210,1318640]
[20160617,6187,6223,6229,6131,810578]
[20160616,6163,6198,6247,6139,1056990]
[20160615,6171,6154,6183,6100,541278]
[20160614,6207,6117,6228,6172,523080]
[20160613,6190,6200,6255,6178,566134]
[20160608,6120,6185,6211,6095,568786]
[20160607,6156,6125,6159,6087,672046]
[20160606,6112,6133,6173,6060,1019954]
[20160603,5965,6091,6121,5959,1181176]
[20160602,5938,5963,5957,5931,274698]
[20160601,6000,5940,6000,5924,420796]
[20160531,5986,5983,6013,5960,588944]
[20160530,5941,5972,5988,5927,523942]
[20160527,5954,5947,5976,5926,408294]
[20160526,5886,5968,5947,5881,527188]
[20160525,5918,5893,5932,5851,949550]
[20160524,5940,5906,5951,5914,453802]
[20160523,5912,5949,5962,5885,1012252]
[20160520,5940,5931,5946,5897,643954]
[20160519,5920,5933,5965,5906,516032]
[20160518,5991,5928,6005,5924,1276218]
[20160517,6005,5976,6028,5989,531362]
[20160516,6011,5994,6035,5997,621968]
[20160513,6055,6030,6065,5987,811166]
[20160512,6037,6060,6100,6009,1110108]
[20160511,6021,6016,6024,5976,825916]
[20160510,5983,6008,6024,5961,855316]
[20160509,6026,5997,6039,5969,661624]
[20160506,6093,6025,6103,5984,845410]
[20160505,6075,6089,6091,6055,686610]
[20160504,5998,6061,6082,5983,1098722]
[20160503,5974,5988,6011,5958,374836]
[20160429,5956,5969,5980,5914,820036]
[20160428,6045,5962,6051,5947,798670]
[20160427,6058,6049,6066,6036,501542]
[20160426,6036,6063,6065,6019,648198]
[20160425,6029,6035,6081,6002,832050]
[20160422,6164,6041,6185,5921,1884026]
[20160421,6140,6182,6220,6122,2195382]
[20160420,6116,6166,6150,6092,1525520]
[20160419,6134,6113,6161,6096,1141268]
[20160418,6058,6147,6165,6041,1672894]
[20160415,6058,6058,6111,6005,1055640]
[20160414,6003,6108,6057,5991,803218]
[20160413,5990,6001,6060,5990,1188788]
[20160412,5983,6007,6014,5974,486784]
[20160411,5997,5991,6032,5989,666340]
[20160408,6053,6012,6056,5984,727114]
[20160407,6037,6045,6063,6033,477204]
[20160406,6064,6051,6072,6027,532456]
[20160405,6015,6061,6080,6008,559148]
[20160401,5995,6024,6055,5990,821978]
[20160331,6021,5997,6021,5981,535618]
[20160330,5983,6010,6016,5975,463474]
[20160329,6025,5995,6054,5979,790506]
[20160328,6042,6029,6058,6013,654340]
[20160325,5981,6036,6040,5968,668764]
[20160324,6018,5995,6040,5985,782294]
[20160323,6049,6002,6080,6013,791744]
[20160322,6023,6040,6061,6008,844886]
[20160321,5990,6030,6038,5963,876002]
[20160318,5971,5980,6021,5961,1123176]
[20160317,5910,5976,5969,5903,1084196]
[20160316,5891,5907,5916,5883,642848]
[20160315,5902,5892,5929,5872,983712]
[20160314,5902,5911,5935,5859,1185800]
[20160311,5845,5907,5903,5835,760108]
[20160310,5903,5837,5916,5827,908024]
[20160309,5833,5896,5905,5801,774386]
[20160308,5864,5820,5898,5829,1267080]
[20160307,5910,5888,6004,5859,1315768]
[20160304,5874,5923,5931,5868,961354]
[20160303,5880,5879,5924,5865,827966]
[20160302,5876,5884,5924,5842,1013986]
[20160301,5854,5848,5884,5832,935928]
[20160229,5956,5848,5970,5841,1392404]
[20160226,5941,5949,5975,5938,756582]
[20160225,5959,5956,5975,5937,631590]
[20160224,5929,5948,5986,5927,1234932]
[20160223,5871,5944,5921,5863,930082]
[20160222,5871,5873,5890,5838,876472]
[20160219,5838,5874,5884,5815,1004558]
[20160218,5829,5848,5865,5826,671086]
[20160217,5879,5840,5886,5825,1041674]
[20160216,5929,5865,5946,5869,1075584]
[20160215,5956,5922,5972,5921,277578]
[20160205,5938,5961,5994,5920,504696]
[20160204,5919,5937,5961,5888,836042]
[20160203,5912,5913,5937,5897,860574]
[20160202,5894,5904,5913,5880,817388]
[20160201,5923,5886,5938,5881,1027780]
[20160129,5961,5918,5980,5909,1339882]
[20160128,5986,5963,5994,5954,1078726]
[20160127,5989,5983,6009,5911,1922456]
[20160126,5964,5969,5988,5947,1063340]
[20160125,6025,5961,6045,5963,1130122]
[20160122,5987,6022,6047,5978,1079796]
[20160121,6006,6001,6024,5964,1210508]
[20160120,6057,6017,6077,6000,1039044]
[20160119,6022,6069,6077,5998,1172442]
[20160118,5947,6011,6034,5938,1351106]
[20160115,5982,5948,6012,5950,1211772]
[20160114,6014,5976,6016,5960,1127422]
[20160113,5989,6008,6024,5946,1434892]
[20160112,6001,6005,6016,5977,999200]
[20160111,6113,6009,6122,6000,1444204]
[20160108,6076,6112,6124,6068,1014306]
[20160107,6081,6081,6118,6031,1350442]
[20160106,6137,6095,6148,6071,1261442]
[20160105,6151,6140,6171,6126,958752]
[20160104,6223,6161,6223,6132,623372]
[20151231,6198,6185,6252,6188,1032750]
[20151230,6209,6207,6246,6177,1236926]
[20151229,6121,6202,6210,6115,1072794]
[20151228,6176,6127,6191,6124,879112]
[20151225,6151,6174,6198,6145,1057472]
[20151224,6160,6162,6187,6145,929392]
[20151223,6195,6163,6195,6109,1518180]
[20151222,6212,6183,6227,6187,973278]
[20151221,6102,6215,6241,6087,1939904]
[20151218,6084,6095,6110,6069,993370]
[20151217,6060,6093,6140,6056,1457954]
[20151216,6097,6081,6106,6067,1090054]
[20151215,6068,6092,6125,6046,1478036]
[20151214,6066,6076,6106,6055,1178922]
[20151211,5948,6066,6089,5944,1794508]
[20151210,6002,5955,6013,5963,952218]
[20151209,6039,5991,6055,5975,1444466]
[20151208,6090,6047,6109,6016,1270396]
[20151207,6044,6098,6102,6028,1072856]
[20151204,6121,6059,6135,6037,1450744]
[20151203,6121,6113,6134,6086,1168600]
[20151202,6064,6118,6163,6059,1456520]
[20151201,6046,6067,6114,6012,1666756]
[20151130,6099,6057,6118,6025,1277144]
[20151127,6115,6079,6150,6075,1150140]
[20151126,6099,6099,6178,6062,1457826]
[20151125,6104,6073,6135,6052,1237916]
[20151124,6019,6115,6109,6004,1355432]
[20151123,5882,6038,6057,5858,2091256]
[20151120,5844,5863,5894,5819,1114044]
[20151119,5853,5830,5886,5815,1376668]
[20151118,5938,5835,5949,5863,1318146]
[20151117,5936,5938,5947,5888,1174812]
[20151116,5947,5910,5999,5924,1439014]
[20151113,5915,5954,5970,5907,1565414]
[20151112,5904,5917,5944,5876,1612618]
[20151111,5886,5921,5932,5854,1821054]
[20151110,5950,5859,5952,5830,1754012]
[20151109,5961,5934,5989,5946,1083442]
[20151106,6010,5968,6011,5940,1529248]
[20151105,6055,5996,6065,5980,1524034]
[20151104,5997,6054,6069,5982,1770316]
[20151103,5992,6000,6033,5987,1397676]
[20151102,6036,5997,6052,5978,1691482]
[20151030,6057,6037,6075,6024,1441716]
[20151029,6111,6060,6135,6059,1773700]
[20151028,6088,6110,6134,6073,1810594]
[20151027,6078,6077,6100,6023,1887214]
[20151026,6123,6072,6123,6060,1845564]
[20151023,6126,6098,6126,6084,1951094]
[20151022,6128,6109,6159,6102,2359936]
[20151021,6116,6113,6133,6065,2321056]
[20151020,6065,6106,6121,6036,2321134]
[20151019,6118,6071,6128,6064,2115228]
[20151016,6215,6112,6217,6106,2133188]
[20151015,6209,6204,6244,6186,1625942]
[20151014,6201,6214,6220,6156,1754316]
[20151013,6195,6184,6224,6169,1923392]
[20151012,6262,6191,6275,6179,1980060]
[20151009,6220,6273,6261,6196,1786698]
[20151008,6269,6229,6280,6216,719698]
[20150930,6096,6254,6355,6061,2084940]
[20150929,6149,6100,6157,6056,1770698]
[20150928,6111,6135,6158,6099,1037566]
[20150925,6127,6113,6162,6087,2429914]
[20150924,6093,6122,6138,6077,2494514]
[20150923,6011,6101,6079,5991,2302668]
[20150922,6010,6013,6082,5998,3035562]
[20150921,5933,6007,6015,5885,2382660]
[20150918,6007,5952,6015,5932,1863728]
[20150917,6024,6000,6039,5991,2110958]
[20150916,5978,6006,6036,5947,2386918]
[20150915,6031,5966,6057,5956,2221348]
[20150914,6063,6037,6095,6004,2334560]
[20150911,6008,6075,6063,5988,2370000]
[20150910,5811,6002,6070,5807,3252676]
[20150909,5831,5825,5874,5806,1525920]
[20150908,5765,5826,5840,5744,1368606]
[20150907,5795,5753,5814,5760,506132]
[20150902,5688,5792,5814,5633,1357774]
[20150901,5690,5701,5745,5645,1014356]
[20150831,5798,5714,5798,5687,1213472]
[20150828,5730,5760,5882,5708,1559968]
[20150827,5628,5719,5717,5592,1104448]
[20150826,5648,5601,5727,5630,1188304]
[20150825,5566,5672,5665,5528,1591050]
[20150824,5817,5596,5817,5585,1760970]
[20150821,5830,5796,5847,5791,1058410]
[20150820,5864,5808,5904,5801,1317190]
[20150819,5865,5896,5895,5772,1602002]
[20150818,5919,5845,5924,5862,1038358]
[20150817,5828,5907,5928,5821,1706158]
[20150814,5838,5829,5855,5793,1135352]
[20150813,5667,5810,5862,5628,1492818]
[20150812,5632,5751,5671,5601,778796]
[20150811,5507,5634,5700,5505,1303208]
[20150810,5542,5541,5568,5474,1188852]
[20150807,5617,5523,5642,5467,1632426]
[20150806,5767,5626,5773,5623,737356]
[20150805,5742,5763,5782,5718,615784]
[20150804,5692,5747,5760,5668,647402]
[20150803,5848,5674,5851,5708,669024]
[20150430,5857,5843,5886,5818,959756]
[20150429,5861,5844,5905,5850,957866]
[20150428,5893,5867,5905,5826,1115010]
[20150427,5909,5885,5920,5851,920654]
[20150424,5862,5896,5906,5843,1122554]
[20150423,5942,5888,5983,5731,2482650]
[20150422,5906,5951,5974,5875,1206224]
[20150421,5897,5916,5922,5869,839598]
[20150420,5886,5908,5945,5882,1088892]
[20150417,5824,5903,5931,5796,1640842]
[20150416,5820,5821,5843,5776,1242312]
[20150415,5824,5818,5863,5808,1046192]
[20150414,5811,5824,5856,5802,1042606]
[20150413,5738,5821,5852,5699,1585860]
[20150410,5673,5729,5754,5646,1108560]
[20150409,5702,5652,5742,5651,1156804]
[20150408,5638,5727,5718,5595,1309642]
[20150407,5651,5659,5685,5625,341120]
[20150403,5674,5634,5682,5604,1103632]
[20150402,5717,5625,5734,5673,1037162]
[20150401,5645,5700,5722,5622,1403176]
