[20210830,22365,22555,22660,22320,182558]
[20210827,22505,22365,22520,22240,180163]
[20210826,22700,22470,22735,22440,134334]
[20210825,22450,22680,22610,22430,138508]
[20210824,22300,22465,22400,22115,156346]
[20210823,22280,22260,22435,22205,119691]
[20210820,22200,22315,22494,22175,118830]
[20210819,22609,22325,22639,22390,106077]
[20210818,22509,22619,22794,22509,117262]
[20210817,22549,22699,22834,22499,139911]
[20210816,22519,22634,22664,22320,128132]
[20210813,22599,22524,22624,22290,148261]
[20210812,22649,22514,22809,22584,137883]
[20210811,22390,22614,22534,22350,112915]
[20210810,22210,22375,22439,22190,120592]
[20210809,22420,22315,22489,22240,132160]
[20210806,22210,22400,22589,22190,180803]
[20210805,22040,22240,22165,21980,134933]
[20210804,22010,22080,22120,21955,133552]
[20210803,22649,22075,22649,22095,197931]
[20210802,22604,22509,22689,22434,182924]
[20210730,22295,22619,22529,22285,160097]
[20210729,22245,22385,22370,22195,150070]
[20210728,22385,22275,22400,22205,139082]
[20210727,22385,22385,22669,22320,166602]
[20210726,22290,22534,22534,22215,121922]
[20210723,22140,22250,22315,22050,110926]
[20210722,22165,22175,22210,22095,88792]
[20210721,22430,22140,22589,22085,139414]
[20210720,22285,22390,22604,22280,114800]
[20210719,22479,22405,22624,22405,126272]
[20210716,22070,22519,22489,22060,155633]
[20210715,21900,22105,22135,21775,142029]
[20210714,21915,21875,22010,21760,157131]
[20210713,22150,21895,22225,21980,152654]
[20210712,22434,22165,22684,22155,184672]
[20210709,22220,22360,22410,22145,155558]
[20210708,22250,22220,22355,22090,155318]
[20210707,22375,22270,22395,21955,196341]
[20210706,22140,22240,22320,22080,142381]
[20210705,22100,22210,22330,21815,249587]
[20210702,22150,22080,22190,21920,154264]
[20210701,22045,22140,22245,21990,166745]
[20210630,21895,22170,22070,21800,170687]
[20210629,21735,21815,21945,21660,166718]
[20210628,21835,21770,21985,21705,209738]
[20210625,21795,21905,22005,21750,163889]
[20210624,21870,21925,21990,21690,115285]
[20210623,21535,21880,21825,21520,129608]
[20210622,21490,21680,21705,21470,116235]
[20210621,21745,21555,21755,21370,186255]
[20210618,22424,21725,22459,21820,258559]
[20210617,22324,22204,22799,22294,202001]
[20210616,22454,22409,22769,22274,191268]
[20210615,22724,22539,22819,22284,108197]
[20210611,22414,22644,22864,22319,153996]
[20210610,22579,22379,22679,22204,158491]
[20210609,22479,22659,22704,22394,151534]
[20210608,22499,22439,22764,22444,173814]
[20210607,22564,22624,22679,22379,110602]
[20210604,22474,22604,22564,22324,162209]
[20210603,23128,22494,23168,22754,173711]
[20210602,22904,23063,23178,22824,221308]
[20210601,22789,22928,23058,22574,143421]
[20210531,22914,22629,23098,22764,169623]
[20210528,22479,22884,23073,22479,237105]
[20210527,22254,22574,22669,22139,196950]
[20210526,22194,22264,22464,22104,150926]
[20210525,22219,22189,22369,22114,136999]
[20210524,22704,22219,22779,21905,217474]
[20210521,22344,22564,22579,22189,158340]
[20210520,22584,22434,22609,22060,170467]
[20210519,23192,22484,23332,22713,158156]
[20210518,22394,23177,23472,22364,238130]
[20210517,21925,22459,22364,21910,158475]
[20210514,21746,22025,22065,21726,161886]
[20210513,22309,21985,22334,21831,198973]
[20210512,22504,22125,22504,22270,128371]
[20210511,22853,22384,22853,22155,203143]
[20210510,22544,22743,23008,22464,259655]
[20210507,22055,22703,22409,21846,205671]
[20210506,21776,21880,22050,21706,107278]
[20210430,22220,21866,22294,21666,228507]
[20210429,22245,22195,22549,22000,239037]
[20210428,22045,22075,22260,21890,170138]
[20210427,21945,22045,22369,21880,222172]
[20210426,21337,21990,21875,21337,189662]
[20210423,21362,21541,21471,21172,190951]
[20210422,21347,21357,21471,21302,128620]
[20210421,21726,21352,21726,21297,145577]
[20210420,21890,21626,21890,21671,82239]
[20210419,21905,21786,21945,21666,75401]
[20210416,21492,21910,21861,21492,111199]
[20210415,21576,21651,21671,21442,109362]
[20210414,21482,21457,21482,21257,94011]
[20210413,21477,21432,21487,21217,133867]
[20210412,21900,21392,21975,21442,150930]
[20210409,21945,21885,22150,21796,147132]
[20210408,21696,22000,21965,21671,153736]
[20210407,21781,21706,21900,21731,120747]
[20210406,21277,21751,21826,21277,95537]
[20210402,21382,21781,21492,21247,163356]
[20210401,21531,21357,21686,21347,149135]
[20210331,21756,21511,21836,21367,151555]
[20210330,21766,21776,21920,21691,143044]
[20210329,21531,21861,21816,21531,155824]
[20210326,21372,21601,21711,21282,180690]
[20210325,21576,21462,21646,21337,177870]
[20210324,21826,21596,21870,21516,157950]
[20210323,22060,21736,22404,21462,297249]
[20210322,21452,22130,22269,21442,267334]
[20210319,21422,21571,21516,21182,119317]
[20210318,21616,21342,21801,21307,99106]
[20210317,21496,21571,21701,21392,72893]
[20210316,21751,21541,21910,21492,89717]
[20210315,21701,21821,21835,21418,127429]
[20210312,21487,21676,21800,21433,126511]
[20210311,21090,21592,21756,21005,157425]
[20210310,21169,21114,21358,21085,118922]
[20210309,21308,21209,21587,21154,158151]
[20210308,21025,21353,21358,21000,140496]
[20210305,20935,21085,21224,20687,200863]
[20210304,21333,20930,21333,20846,160592]
[20210303,21477,21219,21711,21413,139410]
[20210302,21204,21457,21527,20970,177522]
[20210301,21398,21184,21398,20916,193025]
[20210226,21666,21308,21870,21199,233173]
[20210225,21328,21731,21835,21129,238547]
[20210224,21492,21259,21572,21070,178285]
[20210223,21781,21418,21830,21477,152506]
[20210222,21522,21716,22084,21368,133528]
[20210219,21279,21413,21532,21204,94559]
[20210218,20693,21294,21184,20693,52668]
[20210210,20101,20886,20385,20027,102659]
[20210209,19898,20121,20101,19764,106966]
[20210208,20027,19888,20181,19808,98435]
[20210205,19764,19858,20037,19674,115609]
[20210204,19649,19734,19853,19570,120764]
[20210203,19426,19649,19624,19341,133040]
[20210202,19306,19495,19475,19232,114333]
[20210201,19381,19356,19739,19371,146268]
[20210129,19421,19605,19585,19237,146168]
[20210128,19436,19396,19570,19202,191940]
[20210127,19878,19535,19942,19580,159059]
[20210126,20186,19749,20280,19873,135729]
[20210125,19932,20216,20370,19932,132859]
[20210122,20484,19992,20484,19853,153008]
[20210121,20240,20404,20529,20240,118407]
[20210120,20211,20325,20330,20057,155327]
[20210119,20206,20166,20285,20116,97271]
[20210118,20171,20196,20315,20007,146905]
[20210115,20260,20161,20663,20161,126091]
[20210114,20578,20315,20747,20255,104751]
[20210113,20732,20603,20817,20474,103737]
[20210112,20886,20737,20906,20504,123535]
[20210111,21343,20831,21343,20777,148664]
[20210108,21387,21179,21621,21348,91780]
[20210107,21308,21387,21541,21095,124430]
[20210106,20931,21229,21283,20926,103737]
[20210105,20936,20941,21025,20747,115659]
[20210104,20722,20901,20822,20583,62409]
[20201231,20702,20613,20836,20459,165712]
[20201230,20841,20762,20916,20603,163297]
[20201229,21432,20762,21526,20787,193058]
[20201228,21497,21417,21765,21298,126437]
[20201225,21387,21521,21650,21323,97917]
[20201224,21243,21447,21377,21238,114317]
[20201223,21437,21253,21492,21045,171172]
[20201222,21740,21422,21859,21303,178164]
[20201221,21671,21780,22122,21611,137187]
[20201218,21681,21720,21904,21586,128926]
[20201217,21403,21705,21775,21289,129016]
[20201216,21388,21428,21492,21150,136864]
[20201215,21185,21447,21358,21145,111593]
[20201214,21348,21229,21447,21135,156924]
[20201211,21229,21418,21795,21229,243236]
[20201210,21323,21294,21457,21130,172040]
[20201209,21110,21328,21418,20991,193934]
[20201208,20872,21011,21175,20842,162111]
[20201207,20753,20887,20887,20570,204546]
[20201204,20857,20709,20986,20654,155844]
[20201203,20862,20872,20957,20609,155211]
[20201202,21170,20723,21299,20942,213310]
[20201201,21373,21180,21428,21061,195025]
[20201130,20961,21363,21507,20912,266792]
[20201127,20788,21021,21026,20565,210550]
[20201126,20614,20704,20961,20525,166239]
[20201125,20788,20595,20857,20525,161965]
[20201124,20828,20748,20937,20495,129807]
[20201123,21006,20818,21085,20818,104301]
[20201120,20551,20966,21070,20531,164729]
[20201119,20580,20655,20635,20353,106750]
[20201118,20165,20486,20660,20160,151864]
[20201117,20145,20229,20259,20001,156269]
[20201116,19818,20081,20120,19784,139718]
[20201113,19759,19917,19888,19635,115555]
[20201112,19982,19784,19982,19670,129406]
[20201111,19962,19858,20086,19917,108202]
[20201110,20288,20021,20348,19863,164646]
[20201109,19818,20184,20264,19774,223559]
[20201106,19764,19947,19833,19610,137515]
[20201105,19670,19694,19962,19635,192857]
[20201104,19784,19694,19873,19422,196430]
[20201103,19556,19764,19784,19482,166510]
[20201102,19442,19571,19610,19313,151324]
[20201030,19343,19432,19630,19269,196448]
[20201029,19600,19308,19600,19353,158488]
[20201028,19482,19496,19932,19368,212050]
[20201027,19294,19417,19566,19289,108374]
[20201026,19675,19452,19749,19318,117547]
[20201023,19541,19655,19664,19477,124647]
[20201022,19566,19595,19640,19438,130213]
[20201021,19152,19586,19536,19142,147178]
[20201020,19211,19379,19231,18979,110820]
[20201019,18836,19073,19073,18718,167585]
[20201016,18856,18792,19058,18659,183361]
[20201015,18915,18743,19019,18708,149563]
[20201014,19053,18836,19053,18807,140235]
[20201013,19172,18974,19270,18940,113356]
[20201012,19053,19191,19221,18772,185588]
[20201009,18896,19019,19122,18817,84436]
[20200930,19004,18856,19112,18925,147116]
[20200929,18896,18994,19137,18856,178433]
[20200928,18644,19004,18807,18496,208686]
[20200925,18669,18565,18832,18413,235818]
[20200924,18896,18541,19014,18664,217737]
[20200923,19305,18974,19344,18861,170662]
[20200922,19377,19300,19421,19012,142831]
[20200921,19611,19358,19728,19455,123925]
[20200918,19270,19577,19723,19114,160449]
[20200917,19484,19187,19508,19134,168358]
[20200916,19572,19445,19572,19299,143736]
[20200915,19250,19455,19538,19192,151176]
[20200914,19036,19226,19323,18924,180499]
[20200911,18671,18997,18983,18632,205114]
[20200910,18817,18666,18895,18549,158852]
[20200909,19056,18832,19065,18700,212223]
[20200908,19358,18963,19426,19260,127891]
[20200907,19314,19328,19528,19192,193024]
[20200904,19650,19372,19762,19158,224612]
[20200903,19796,19659,19830,19601,150278]
[20200902,19893,19752,19903,19640,166574]
[20200901,19460,19849,19917,19382,181266]
[20200831,19684,19460,19708,19328,161754]
[20200828,19294,19562,19577,19173,247035]
[20200827,19358,19309,19406,19226,136004]
[20200826,19426,19319,19504,19236,169684]
[20200825,19319,19411,19367,19095,170837]
[20200824,19397,19280,19416,19168,141734]
[20200821,19591,19197,19640,19426,113958]
[20200820,19635,19523,19844,19382,142987]
[20200819,19504,19683,19601,19319,138797]
[20200818,19305,19523,19484,19237,132179]
[20200817,18892,19290,19280,18717,175638]
[20200814,18853,18892,18965,18693,162892]
[20200813,18833,18770,18931,18736,149740]
[20200812,18824,18921,19052,18523,248047]
[20200811,18746,18838,18897,18683,137594]
[20200810,18931,18829,19091,18595,216016]
[20200807,18877,18897,19008,18702,205525]
[20200806,18600,18809,18989,18464,290681]
[20200805,18289,18717,18523,18231,202151]
[20200804,18396,18289,18464,18197,221980]
[20200803,18445,18391,18547,18134,261146]
[20200731,18124,18489,18576,17969,350147]
[20200730,18183,18226,18382,17954,261889]
[20200729,17512,18246,18183,17503,279291]
[20200728,17542,17542,17993,17376,263579]
[20200727,17430,17440,17697,17401,180401]
[20200724,17454,17493,17775,17231,204012]
[20200723,17415,17668,17551,17070,154722]
[20200722,17396,17231,17799,17396,191599]
[20200721,17153,17566,17444,17153,108904]
[20200720,17338,17270,17338,17012,98242]
[20200717,17216,17197,17454,17197,101550]
[20200716,17361,17323,17405,16969,185684]
[20200715,17356,17323,17448,17206,140829]
[20200714,17458,17323,17870,17260,244533]
[20200713,17066,17507,17618,17066,231785]
[20200710,16988,17197,17187,16824,215480]
[20200709,16616,16959,17080,16572,223718]
[20200708,16214,16805,16567,16161,150191]
[20200707,16286,16238,16320,16107,122269]
[20200706,16165,16282,16286,16088,136822]
[20200703,16233,16199,16248,16141,98791]
[20200702,16117,16180,16282,16059,121157]
[20200701,16301,16156,16349,16132,117524]
[20200630,16170,16267,16364,16127,120387]
[20200629,16156,16219,16228,16054,58500]
[20200624,16248,16117,16291,16127,104959]
[20200623,16345,16262,16514,16199,155163]
[20200622,16461,16432,16470,16228,134268]
[20200619,16210,16388,16461,16190,105754]
[20200618,16152,16272,16248,16045,97915]
[20200617,15987,16185,16185,15876,112515]
[20200616,15722,15968,16007,15703,112860]
[20200615,15901,15751,15939,15669,133844]
[20200612,15780,15862,15934,15654,131758]
[20200611,15872,15804,16287,15770,213843]
[20200610,15915,15973,15987,15785,123186]
[20200609,15963,15838,16147,15891,127219]
[20200608,16152,15954,16224,15688,153512]
[20200605,15959,16185,16132,15915,128479]
[20200604,16103,16045,16132,15944,135028]
[20200603,16074,16118,16210,15901,136628]
[20200602,15944,16147,16103,15905,100499]
[20200601,15963,15954,16089,15833,133899]
[20200529,15611,15910,15901,15568,134580]
[20200528,15543,15654,15698,15428,146297]
[20200527,15756,15490,15881,15510,154365]
[20200526,15804,15756,15901,15659,117036]
[20200525,15823,15838,15939,15611,134184]
[20200522,15910,15770,15973,15625,208835]
[20200521,16190,15896,16195,15838,176180]
[20200520,16195,15963,16296,16147,98834]
[20200519,16147,16219,16374,16108,120530]
[20200518,15848,16195,16156,15804,116478]
[20200515,15799,15867,15944,15688,110394]
[20200514,16055,15727,16060,15761,108251]
[20200513,16239,15983,16301,15876,131298]
[20200512,16248,16253,16393,16219,84038]
[20200511,16340,16272,16364,16234,82776]
[20200508,16195,16282,16417,16094,107929]
[20200507,15911,16162,16157,15907,98195]
[20200506,15676,16056,15993,15676,70806]
[20200430,15820,15724,15825,15676,48165]
[20200429,15642,15757,15806,15598,78875]
[20200428,15449,15700,15560,15382,68223]
[20200427,15310,15449,15632,15310,92450]
[20200424,15088,15526,15310,15050,76078]
[20200423,15218,15165,15324,15160,74750]
[20200422,15045,15290,15295,15011,104391]
[20200421,15420,15122,15440,14958,131465]
[20200420,15541,15290,15637,15382,64023]
[20200417,15478,15425,15594,15435,77392]
[20200416,15247,15565,15435,15189,75383]
[20200415,15290,15343,15406,15189,77077]
[20200414,15093,15257,15387,15093,82888]
[20200413,15079,15252,15218,15030,56951]
[20200410,14973,15122,15151,14876,72184]
[20200409,15117,14915,15199,14963,67611]
[20200408,15127,15069,15170,15050,52771]
[20200407,15006,15131,15286,15006,43060]
[20200403,14799,15228,14929,14717,57742]
[20200402,14578,14775,14895,14343,103873]
[20200401,14622,14425,14737,14478,54162]
[20200331,14622,14689,14631,14535,37946]
[20200330,14617,14583,14617,14358,76017]
[20200327,14449,14410,14775,14386,118554]
[20200326,14324,14463,14535,14233,89957]
[20200325,14391,14281,14396,14132,88366]
[20200324,14305,14310,14386,14026,113245]
[20200323,13902,14271,14156,13681,92786]
[20200320,14180,14065,14516,14012,129625]
[20200319,14487,14094,14487,13676,153281]
[20200318,14689,13878,14905,14122,193943]
[20200317,14996,14881,15121,14934,108615]
[20200316,15059,14958,15231,14905,88048]
[20200313,15011,15135,15303,14886,131576]
[20200312,15246,14967,15375,15164,90422]
[20200311,15366,15313,15515,15342,72981]
[20200310,15126,15390,15467,15126,75098]
[20200309,15078,15183,15092,14626,77058]
[20200306,15423,14890,15486,15351,45860]
[20200305,15356,15409,15515,15337,47684]
[20200304,15284,15371,15385,15217,63312]
[20200303,15491,15289,15591,15491,45479]
[20200302,15356,15548,15577,15308,82493]
[20200228,15716,15419,15716,15049,128498]
[20200227,15793,15447,15875,15793,39728]
[20200226,15788,15831,15860,15721,66452]
[20200225,15889,15807,15980,15783,76257]
[20200224,16302,15860,16316,15908,92951]
[20200221,16422,16196,16460,16340,55533]
[20200220,16479,16427,16523,16417,42675]
[20200219,16499,16484,16508,16451,31941]
[20200218,16575,16489,16575,16470,42766]
[20200217,16460,16527,16575,16451,39256]
[20200214,16470,16494,16547,16455,41545]
[20200213,16379,16518,16494,16359,47583]
[20200212,16446,16427,16489,16297,52494]
[20200211,16455,16465,16484,16417,36974]
[20200210,16431,16455,16523,16431,32180]
[20200207,16657,16484,16700,16609,21539]
[20200206,16681,16647,16715,16638,24358]
[20200205,16556,16691,16671,16556,28284]
[20200204,16253,16638,16700,16253,57503]
[20200203,16527,16647,16792,16489,54057]
[20200123,17589,16753,17604,17378,87303]
[20200122,17570,17560,17656,17464,95483]
[20200121,17704,17560,17762,17431,119377]
[20200120,17680,17743,17757,17608,95822]
[20200117,17685,17642,17743,17556,105109]
[20200116,17522,17719,17632,17397,120961]
[20200115,17426,17531,17531,17387,83116]
[20200114,17517,17464,17628,17315,138192]
[20200113,17647,17536,17647,17474,99351]
[20200110,17700,17608,17700,17498,125005]
[20200109,17748,17661,17829,17580,139724]
[20200108,17488,17724,17748,17483,162642]
[20200107,17373,17724,17474,17306,80774]
[20200106,16927,17349,17435,16903,122213]
[20200103,17200,16985,17239,16994,89644]
[20200102,17157,17148,17253,17114,55716]
[20191231,17335,17244,17344,17196,139756]
[20191230,17239,17292,17363,17224,222812]
[20191227,17095,17277,17215,17085,196876]
[20191226,17215,17109,17234,17066,166264]
[20191225,17109,17224,17215,17109,161672]
[20191224,17196,17143,17239,17095,238260]
[20191223,17426,17210,17478,17234,267848]
[20191220,17311,17411,17440,17301,257108]
[20191219,17287,17335,17320,17181,217942]
[20191218,17316,17258,17354,17177,275418]
[20191217,17301,17330,17397,17258,237166]
[20191216,17330,17330,17464,17191,400112]
[20191213,17253,17359,17397,17224,323544]
[20191212,17090,17234,17344,17090,316832]
[20191211,17129,17124,17196,17061,235624]
[20191210,17105,17129,17200,16994,185994]
[20191209,17100,17133,17238,17091,195178]
[20191206,17077,17157,17167,17029,149096]
[20191205,16982,17081,17153,16972,178800]
[20191204,16849,17010,16953,16787,208636]
[20191203,16882,16853,16972,16792,189472]
[20191202,17039,16858,17110,16787,303830]
[20191129,17091,17043,17162,16996,214934]
[20191128,17153,17077,17195,17058,217592]
[20191127,17043,17138,17181,16934,280740]
[20191126,17105,17020,17172,17001,253148]
[20191125,17048,17138,17210,16991,267324]
[20191122,17105,17067,17248,17062,244428]
[20191121,17385,17148,17442,17015,396834]
[20191120,17333,17390,17476,17314,218794]
[20191119,17395,17409,17423,17214,262770]
[20191118,17409,17404,17490,17286,279148]
[20191115,17419,17428,17504,17366,243744]
[20191114,17542,17442,17585,17309,333844]
[20191113,17760,17485,17794,17537,258732]
[20191112,17703,17770,17860,17661,147274]
[20191111,17618,17718,17718,17547,183668]
[20191108,17793,17637,17812,17618,145494]
[20191107,17784,17760,17789,17609,216432]
[20191106,17950,17774,18163,17751,317272]
[20191105,18045,17974,18102,17926,194042]
[20191104,17969,18045,18102,17921,192232]
[20191101,17988,17931,18021,17860,176258]
[20191031,18059,17997,18068,17917,215992]
[20191030,18135,18011,18173,18054,203792]
[20191029,18154,18068,18225,18068,270390]
[20191028,17732,18135,18163,17718,467254]
[20191025,17926,17751,18002,17684,323874]
[20191024,17855,17978,17917,17827,184874]
[20191023,17978,17860,18073,17784,271700]
[20191022,18002,18035,18002,17883,128784]
[20191021,18016,17959,18087,17902,204348]
[20191018,17822,18068,17907,17784,165888]
[20191017,17898,17855,17969,17732,186262]
[20191016,18106,17907,18116,17893,198594]
[20191015,17969,18092,18097,17907,144628]
[20191014,18054,17936,18177,17936,170490]
[20191011,18026,18078,18035,17921,153480]
[20191010,17718,17940,17902,17651,190626]
[20191009,17642,17708,17775,17642,131810]
[20191008,17680,17694,17803,17647,86370]
[20190930,17732,17651,17827,17666,178672]
[20190927,17727,17732,17803,17557,253820]
[20190926,17642,17727,17732,17604,174718]
[20190925,17751,17689,17794,17590,256818]
[20190924,17893,17770,18040,17765,274844]
[20190923,17902,17940,17931,17812,213296]
[20190920,17950,17898,18040,17836,248464]
[20190919,18007,17926,18082,17931,189500]
[20190918,18092,18035,18196,18049,187834]
[20190917,18243,18101,18277,18054,216224]
[20190916,18362,18248,18371,18215,109860]
[20190912,18296,18305,18352,18144,231094]
[20190911,17978,18272,18281,17926,298156]
[20190910,18030,17959,18111,17964,181898]
[20190909,17959,18059,18097,17898,169708]
[20190906,18158,18002,18210,18002,181708]
[20190905,17903,18116,18144,17879,264166]
[20190904,17538,17950,17784,17500,165046]
[20190903,17619,17562,17798,17600,193060]
[20190902,17718,17642,17888,17567,236592]
[20190830,17798,17851,17832,17699,193134]
[20190829,17794,17803,17846,17666,210206]
[20190828,17808,17803,17903,17694,264786]
[20190827,17396,17770,17746,17396,307850]
[20190826,17562,17467,17647,17297,296330]
[20190823,17619,17590,17666,17444,287712]
[20190822,17538,17600,17723,17538,270564]
[20190821,17604,17586,17609,17406,251776]
[20190820,17529,17557,17727,17519,204546]
[20190819,17661,17548,17756,17515,230392]
[20190816,17661,17690,17756,17567,224580]
[20190815,17586,17699,17690,17562,209544]
[20190814,17718,17628,17926,17642,281340]
[20190813,17623,17666,17756,17604,229680]
[20190812,17533,17666,17723,17349,439402]
[20190809,17709,17567,17827,17396,426912]
[20190808,17699,17709,17841,17604,308536]
[20190807,18138,17699,18138,17761,243588]
[20190806,18147,18067,18194,18043,181348]
[20190805,17968,18156,18255,17963,234998]
[20190802,18105,18024,18175,18029,260078]
[20190801,18218,18114,18335,18123,266372]
[20190731,18477,18218,18524,18251,265364]
[20190730,18397,18448,18642,18335,342908]
[20190729,18095,18359,18415,18095,308060]
[20190726,18142,18156,18227,18034,278942]
[20190725,18279,18185,18288,18133,242308]
[20190724,18119,18236,18274,18029,317900]
[20190723,18114,18152,18232,18105,211744]
[20190722,18321,18147,18364,18072,401534]
[20190719,18463,18354,18524,18236,432864]
[20190718,18307,18448,18505,18227,445312]
[20190717,18236,18265,18420,18199,374318]
[20190716,18123,18288,18260,18057,367466]
[20190715,18001,18114,18203,17987,367968]
[20190712,17963,17996,18086,17864,287556]
[20190711,18090,17996,18170,17907,328566]
[20190710,17949,18081,18090,17831,347394]
[20190709,18029,17897,18090,17902,215034]
[20190708,18095,18024,18296,17987,287004]
[20190705,18334,18179,18353,18151,288438]
[20190704,18442,18296,18507,18357,262426]
[20190703,18362,18493,18535,18315,268796]
[20190702,18559,18451,18559,18301,309030]
[20190701,18610,18413,18835,18559,364058]
[20190628,18577,18587,18723,18507,380154]
[20190627,18779,18624,18859,18620,416334]
[20190626,18746,18746,18910,18727,412074]
[20190625,18432,18751,18699,18423,414652]
[20190624,18203,18470,18404,18095,521586]
[20190621,18606,18207,18662,18193,495046]
[20190620,18671,18629,18732,18432,581686]
[20190619,18713,18695,18976,18624,564462]
[20190618,18592,18676,18873,18507,528260]
[20190617,18788,18526,18845,18634,338422]
[20190614,18981,18793,19051,18737,410040]
[20190613,19018,18971,19135,18896,242096]
[20190612,19234,19079,19247,18916,249320]
[20190611,18962,19229,19211,18898,318620]
[20190610,19036,18967,19169,18875,191846]
[20190606,18644,18907,19091,18612,458350]
[20190605,18741,18723,18769,18603,280626]
[20190604,18787,18644,18879,18483,391632]
[20190603,18861,18856,19036,18833,350476]
[20190531,19049,18888,19201,18893,487778]
[20190530,18944,19054,19151,18930,438862]
[20190529,19045,19045,19137,18888,396422]
[20190528,18815,19049,19142,18787,504006]
[20190527,18769,18985,18792,18580,432794]
[20190524,18617,18746,18948,18410,614184]
[20190523,18870,18529,18957,18649,413322]
[20190522,18999,18842,19119,18796,549338]
[20190521,18944,19036,19105,18884,439466]
[20190520,19247,19003,19395,18916,473070]
[20190517,19413,19335,19478,19178,370340]
[20190516,19247,19404,19482,19234,409836]
[20190515,19036,19293,19326,19036,301094]
[20190514,19100,19068,19123,18861,317242]
[20190513,19160,19008,19257,19100,250852]
[20190510,19119,19206,19365,19065,330744]
[20190509,19169,19192,19233,19083,327128]
[20190508,19487,19183,19574,19246,382856]
[20190507,19551,19506,19742,19492,306234]
[20190506,19565,19515,19796,19487,169602]
[20190430,19692,19687,19915,19646,409038]
[20190429,19769,19656,19778,19574,425786]
[20190426,19496,19710,19810,19456,443066]
[20190425,19433,19537,19596,19387,480298]
[20190424,19651,19456,19656,19324,460732]
[20190423,19687,19565,19787,19619,344664]
[20190422,19678,19742,19828,19574,432072]
[20190419,19528,19665,19696,19469,386886]
[20190418,19883,19524,19919,19533,506642]
[20190417,19942,19851,19987,19737,461828]
[20190416,20378,19846,20392,20069,465494]
[20190415,20419,20251,20574,20342,423376]
[20190412,20414,20505,20474,20165,464308]
[20190411,20287,20446,20501,20224,388398]
[20190410,20419,20364,20428,20196,290000]
[20190409,20545,20410,20716,20253,415726]
[20190408,20805,20648,20904,20513,229098]
[20190404,20567,20693,20909,20513,479242]
[20190403,20464,20581,20630,20275,437342]
[20190402,20756,20320,20756,20356,409138]
[20190401,20513,20657,20805,20419,493738]
[20190329,20275,20545,20428,20132,520528]
[20190328,19974,20253,20338,19930,752028]
[20190327,19970,19997,20168,19912,504412]
[20190326,19521,20064,19988,19507,537920]
[20190325,19696,19530,19750,19471,472508]
[20190322,19642,19669,19763,19512,376438]
[20190321,19678,19615,19790,19629,398594]
[20190320,19503,19647,19638,19444,360282]
[20190319,19435,19485,19494,19260,420564]
[20190318,19453,19435,19498,19283,397556]
[20190315,19647,19305,19916,19350,800216]
[20190314,19624,19597,19786,19521,492444]
[20190313,19498,19673,19745,19494,435204]
[20190312,19337,19579,19422,19143,384772]
[20190311,19018,19301,19373,18896,357236]
[20190308,19382,19040,19395,19022,258714]
[20190307,19519,19391,19621,19337,314924]
[20190306,19470,19496,19625,19425,247008]
[20190305,19541,19523,19589,19346,358204]
[20190304,19776,19536,19816,19545,400758]
[20190301,19355,19740,19771,19346,412770]
[20190228,19399,19434,19425,19226,378324]
[20190227,19284,19346,19434,19239,394494]
[20190226,19363,19332,19439,19204,451614]
[20190225,19301,19310,19558,19208,534120]
[20190222,19031,19279,19261,18987,407802]
[20190221,19204,19009,19292,18995,416238]
[20190220,19031,19177,19190,18942,385418]
[20190219,18938,19013,19106,18911,352418]
[20190218,18973,19053,19220,18899,282932]
[20190215,18903,19044,18969,18648,304078]
[20190214,18894,18929,18991,18802,245426]
[20190213,19057,18837,19092,18767,285632]
[20190212,19039,19061,19105,18965,272834]
[20190211,19634,19061,19638,19000,246478]
[20190201,19528,19449,19770,19471,429680]
[20190131,19132,19625,19599,19061,588454]
[20190130,19136,19101,19260,19017,545184]
[20190129,19255,19123,19260,18951,507244]
[20190128,19004,19207,19290,18938,612580]
[20190125,18947,19009,19167,18907,536774]
[20190124,19017,18956,19150,18850,607078]
[20190123,18855,19026,19083,18775,657960]
[20190122,18806,18938,19004,18692,440274]
[20190121,18947,18881,19145,18806,664538]
[20190118,18366,18877,18925,18295,720208]
[20190117,18384,18384,18454,18265,468406]
[20190116,18045,18366,18392,17979,632792]
[20190115,17855,18014,18084,17719,530954]
[20190114,17921,17780,18049,17824,486390]
[20190111,17882,17904,18014,17714,508908]
[20190110,18119,17899,18133,17939,280596]
[20190109,17941,18119,18198,17880,343732]
[20190108,17828,17963,18006,17815,304608]
[20190107,17824,17841,17915,17676,459538]
[20190104,17706,17719,17850,17376,670912]
[20190103,17632,17780,17876,17598,537086]
[20190102,18080,17719,18107,17758,269152]
[20181228,18011,18054,18215,17885,550100]
[20181227,18098,17976,18376,17972,593092]
[20181226,17959,18024,18054,17880,405008]
[20181225,17915,17941,18041,17715,671766]
[20181224,18307,17911,18355,17924,667304]
[20181221,18272,18272,18455,18241,640078]
[20181220,18272,18315,18407,18141,640172]
[20181219,18263,18254,18311,18072,606242]
[20181218,18254,18215,18463,18250,552782]
[20181217,17872,18281,18407,17854,654446]
[20181214,18220,17928,18333,17954,704864]
[20181213,18272,18259,18381,18159,530172]
[20181212,18333,18289,18550,18237,503590]
[20181211,18250,18381,18324,18133,506400]
[20181210,18620,18289,18646,18146,509180]
[20181207,18098,18559,18672,18046,458196]
[20181206,18224,18124,18376,18111,307302]
[20181205,18306,18202,18357,18031,376262]
[20181204,18177,18259,18332,18049,385406]
[20181203,17749,18284,18559,17641,653768]
[20181130,17431,17706,17744,17397,564490]
[20181129,17320,17436,17491,17174,655328]
[20181128,17221,17281,17388,17020,623686]
[20181127,17598,17024,17616,17088,915862]
[20181126,17860,17358,17877,17436,796616]
[20181123,18053,17804,18233,17847,622128]
[20181122,18169,17984,18190,17989,552038]
[20181121,18383,18109,18404,17856,805630]
[20181120,18477,18357,18563,18297,600358]
[20181119,18392,18529,18610,18387,584726]
[20181116,18366,18452,18554,18246,686922]
[20181115,17821,18272,18310,17688,730936]
[20181114,18027,17834,18207,17731,751728]
[20181113,17920,18134,18100,17809,569972]
[20181112,17963,17851,18160,17761,612218]
[20181109,17821,17941,18079,17680,490136]
[20181108,17770,17727,17894,17577,398430]
[20181107,18092,17787,18092,17620,455770]
[20181106,17787,18046,18167,17754,433548]
[20181105,18276,17833,18280,17833,433250]
[20181102,18009,18213,18314,17875,591426]
[20181101,18067,18050,18130,17792,555362]
[20181031,18167,18080,18188,17934,602464]
[20181030,18464,18080,18585,18105,624342]
[20181029,18372,18489,18727,18368,625672]
[20181026,18514,18456,18597,18288,543046]
[20181025,18790,18531,18806,18451,532272]
[20181024,18280,18744,18852,18213,681808]
[20181023,18435,18314,18485,18230,470822]
[20181022,18430,18351,18456,18117,395004]
[20181019,18534,18309,18575,18267,409102]
[20181018,18411,18526,18740,18382,461472]
[20181017,18304,18403,18427,18230,357622]
[20181016,18616,18328,18637,18168,497766]
[20181015,18765,18625,18871,18497,468878]
[20181012,18678,18797,18867,18485,543832]
[20181011,18839,18690,18896,18472,593960]
[20181010,18641,18834,19007,18534,593676]
[20181009,18131,18616,18752,18073,615938]
[20181008,18143,18148,18291,17946,257848]
[20180928,17757,18106,18106,17440,676610]
[20180927,17786,17711,17868,17674,484570]
[20180926,17930,17716,18082,17584,720376]
[20180925,17884,17892,17950,17666,316860]
[20180921,17851,17818,17901,17707,611134]
[20180920,17777,17827,17942,17617,737976]
[20180919,17341,17674,17810,17255,760082]
[20180918,16860,17350,17321,16839,636688]
[20180917,17037,16889,17119,16724,547208]
[20180914,17160,17062,17206,16938,524080]
[20180913,16881,17169,17185,16774,524418]
[20180912,16700,16897,16889,16560,415318]
[20180911,17089,16716,17201,16744,319926]
[20180910,16920,17065,17141,16864,388534]
[20180907,16977,16965,17153,16820,461866]
[20180906,16652,17021,17009,16644,438078]
[20180905,16884,16688,16957,16507,589690]
[20180904,17017,16784,17065,16864,470682]
[20180903,17317,17001,17486,16720,801500]
[20180831,17001,17301,17354,16824,774718]
[20180830,16937,17097,17141,16908,589426]
[20180829,17173,16973,17193,16848,539958]
[20180828,17057,17125,17241,16908,488264]
[20180827,16977,17077,17157,16945,597910]
[20180824,16588,17025,17097,16455,762418]
[20180823,16439,16560,16664,16367,701822]
[20180822,16479,16399,16532,16175,559104]
[20180821,16078,16471,16520,16014,682316]
[20180820,15878,16058,16251,15846,719088]
[20180817,15946,15894,16143,15677,766898]
[20180816,16227,15922,16375,15686,1074474]
[20180815,16672,16295,16728,16303,720314]
[20180814,16997,16680,17017,16648,616008]
[20180813,17081,16945,17145,16884,431616]
[20180810,17402,17065,17486,17033,473480]
[20180809,17285,17426,17390,17205,438712]
[20180808,17193,17301,17342,17081,470054]
[20180807,17037,17193,17261,16965,419552]
[20180806,17189,17129,17414,17025,567144]
[20180803,17097,17277,17137,16985,424504]
[20180802,17001,17049,17101,16744,601474]
[20180801,17049,16977,17277,16925,688268]
[20180731,16680,16965,17105,16664,438718]
[20180730,16850,16728,17087,16588,377102]
[20180727,16873,16905,17024,16846,280186]
[20180726,17008,16909,17076,16806,347582]
[20180725,17036,17060,17242,16957,438500]
[20180724,17000,17000,17052,16758,411330]
[20180723,16842,16953,17107,16746,817382]
[20180720,16596,16830,16897,16501,985336]
[20180719,16493,16616,17163,16469,1311638]
[20180718,16096,16604,16465,16013,843546]
[20180717,16104,16025,16203,15902,762422]
[20180716,16398,16140,16671,16084,741734]
[20180713,16620,16445,16683,16294,549394]
[20180712,16378,16596,16727,16322,630528]
[20180711,17028,16441,17123,16215,498336]
[20180710,17344,17079,17446,17115,364090]
[20180709,17395,17403,17687,17367,339642]
[20180706,17226,17387,17486,17167,487622]
[20180705,17604,17304,17631,17076,559246]
[20180704,18199,17501,18226,17576,472940]
[20180703,18222,18203,18317,18092,274568]
[20180702,18321,18206,18333,18033,299542]
[20180629,18222,18266,18384,18159,326066]
[20180628,18041,18254,18514,18041,477388]
[20180627,17856,18218,18112,17813,406438]
[20180626,17805,17860,17927,17631,465620]
[20180625,18143,17813,18238,17761,465222]
[20180622,18309,18143,18451,17789,590688]
[20180621,18494,18427,18569,18277,336660]
[20180620,18427,18419,18577,18388,267512]
[20180619,18750,18490,18762,18474,267644]
[20180615,19089,18730,19116,18872,314386]
[20180614,19176,19038,19266,19101,227418]
[20180613,19309,19207,19365,19034,312352]
[20180612,19231,19290,19341,19176,233108]
[20180611,19144,19290,19309,19109,234900]
[20180608,19159,19144,19245,18956,204826]
[20180607,19300,19179,19304,19097,215480]
[20180606,19144,19249,19378,19085,313130]
[20180605,18886,19183,19011,18784,257104]
[20180604,18999,18854,19054,18792,262336]
[20180601,18968,19019,19073,18890,236450]
[20180531,18827,18921,19132,18815,414260]
[20180530,18815,18921,18952,18678,309546]
[20180529,18694,18886,18905,18632,347232]
[20180528,18522,18663,18702,18409,325772]
[20180525,18287,18557,18534,18276,288674]
[20180524,18405,18366,18436,18209,330130]
[20180523,18479,18284,18557,18385,279200]
[20180522,18772,18467,18796,18440,303648]
[20180521,18538,18690,18827,18495,380834]
[20180518,18448,18495,18628,18424,291876]
[20180517,18569,18487,18714,18401,323924]
[20180516,18530,18608,18753,18479,397020]
[20180515,18362,18538,18608,18346,386722]
[20180514,18569,18416,18628,18389,361106]
[20180511,18635,18608,18675,18444,319582]
[20180510,18596,18616,18682,18510,307718]
[20180509,18514,18624,18663,18377,354464]
[20180508,18643,18577,18729,18549,252478]
[20180507,18082,18612,18647,18047,337764]
[20180504,18445,18113,18448,18070,353864]
[20180503,18526,18293,18577,18394,328056]
[20180502,18542,18522,18733,18398,171152]
[20180427,18441,18480,18694,18433,401346]
[20180426,18803,18511,18858,18417,519330]
[20180425,19099,18834,19142,18823,367114]
[20180424,18823,19099,19165,18815,317674]
[20180423,19080,18928,19181,18924,324582]
[20180420,18978,19056,19084,18858,384258]
[20180419,18865,18916,19423,18865,520784]
[20180418,18433,19154,18725,18398,460812]
[20180417,18487,18429,18558,18328,432032]
[20180416,18328,18429,18511,18059,643508]
[20180413,18300,18265,18429,18125,653476]
[20180412,19115,18320,19146,18265,867448]
[20180411,19173,19037,19228,18975,427718]
[20180410,18986,19072,19154,18900,377014]
[20180409,19185,19002,19317,18846,239792]
[20180404,19364,19150,19384,19162,259014]
[20180403,19497,19310,19512,19243,364878]
[20180402,19411,19427,19691,19411,310794]
[20180330,19446,19528,19489,19224,460100]
[20180329,19384,19403,19450,19208,419354]
[20180328,19489,19294,19512,19298,447998]
[20180327,19220,19485,19551,19220,469150]
[20180326,19255,19399,19329,18951,582464]
[20180323,19216,19177,19356,18893,762928]
[20180322,19107,19259,19497,19072,529810]
[20180321,19325,19107,19325,18928,594866]
[20180320,19419,19119,19465,19173,441992]
[20180319,19536,19395,19555,19294,418424]
[20180316,19364,19489,19473,19224,398508]
[20180315,19621,19419,19621,19220,482026]
[20180314,19676,19598,19723,19532,338554]
[20180313,19442,19617,19649,19376,398340]
[20180312,19263,19473,19695,19247,528610]
[20180309,19536,19325,19614,19095,517908]
[20180308,19715,19598,19820,19559,364484]
[20180307,19871,19727,19937,19711,305256]
[20180306,19839,19832,19871,19602,261658]
[20180305,20357,19769,20403,19941,298954]
[20180302,20294,20380,20458,20271,227156]
[20180301,20493,20345,20590,20395,231052]
[20180228,20668,20500,20691,20442,272110]
[20180227,20753,20578,20811,20683,221010]
[20180226,20664,20745,20796,20516,281734]
[20180223,20512,20660,20769,20496,285660]
[20180222,20940,20586,20944,20341,188140]
[20180214,20426,20679,20757,20399,209976]
[20180213,20217,20415,20430,20119,205228]
[20180212,20333,20205,20357,20100,300602]
[20180209,20473,20318,20601,20197,231356]
[20180208,20594,20450,20660,20236,300650]
[20180207,20644,20625,20765,20570,230502]
[20180206,20847,20644,21002,20555,320430]
[20180205,20835,20901,20882,20648,288528]
[20180202,20796,20819,20967,20718,237756]
[20180201,20804,20784,20866,20718,200518]
[20180131,20928,20816,20936,20637,322216]
[20180130,21057,20862,21103,20777,329532]
[20180129,20473,21029,21185,20384,499454]
[20180126,20423,20423,20465,20318,227890]
[20180125,20220,20426,20551,20181,434528]
[20180124,20333,20205,20395,20088,315566]
[20180123,20372,20337,20419,20259,266562]
[20180122,20384,20353,20423,20271,252774]
[20180119,20263,20356,20329,20143,286224]
[20180118,20298,20263,20325,20170,263060]
[20180117,20228,20259,20349,20181,270926]
[20180116,20497,20240,20535,20185,336504]
[20180115,20462,20500,20586,20399,288672]
[20180112,20485,20465,20528,20298,313340]
[20180111,20399,20446,20473,20279,236674]
[20180110,20430,20341,20462,20240,269206]
[20180109,20236,20458,20547,20224,337830]
[20180108,20283,20259,20314,20131,299886]
[20180105,20263,20251,20345,20139,192416]
[20180104,20096,20240,20220,19979,180664]
[20180103,20220,20076,20232,20037,195156]
[20180102,20096,20193,20298,20010,176952]
[20171229,19971,20213,20053,19890,262144]
[20171228,19851,19913,20088,19773,333298]
[20171227,19862,19816,19932,19718,242410]
[20171226,19683,19874,19897,19675,254522]
[20171225,19855,19714,20189,19675,453322]
[20171222,19862,19948,19928,19742,330796]
[20171221,19913,19893,20034,19722,373188]
[20171220,19695,19913,19940,19668,321404]
[20171219,19897,19718,19917,19637,344686]
[20171218,19695,19858,19983,19656,489082]
[20171215,19602,19687,19753,19563,366166]
[20171214,19625,19621,19746,19465,413482]
[20171213,19621,19691,19652,19419,414366]
[20171212,19220,19574,19625,19142,475854]
[20171211,19138,19232,19442,19092,506054]
[20171208,19107,19127,19267,18843,603668]
[20171207,19142,19119,19329,18948,469660]
[20171206,19447,19173,19505,18937,324790]
[20171205,19792,19393,19792,19474,255142]
[20171204,19579,19714,20097,19560,460350]
[20171201,19393,19726,19532,19223,377556]
[20171130,19095,19358,19324,19018,503650]
[20171129,19262,19107,19362,19080,443104]
[20171128,19378,19262,19451,19123,465010]
[20171127,19807,19378,19815,19324,419850]
[20171124,19819,19765,19857,19656,331176]
[20171123,19861,19788,19919,19745,334832]
[20171122,19548,19826,19981,19486,475892]
[20171121,19490,19560,19594,19208,539204]
[20171120,19444,19529,19660,19374,422572]
[20171117,19474,19413,19521,19142,479114]
[20171116,19413,19436,19471,19254,418014]
[20171115,19823,19397,19939,19273,700658]
[20171114,19877,19873,20062,19834,338328]
[20171113,19946,19853,20047,19850,358026]
[20171110,19683,19911,19884,19629,385824]
[20171109,19718,19745,19815,19525,491258]
[20171108,19850,19691,19904,19556,518984]
[20171107,20143,19826,20194,19819,434546]
[20171106,19981,20089,20151,19842,467136]
[20171103,19958,19954,20198,19884,490686]
[20171102,20151,20008,20202,19946,416660]
[20171101,20093,20062,20615,19969,516682]
[20171031,19819,20051,20147,19726,355296]
[20171030,19529,19757,19888,19529,313396]
[20171027,20020,19606,20035,19614,268674]
[20171026,19793,19954,20073,19697,232370]
[20171025,19839,19751,19858,19574,191528]
[20171024,19543,19812,19862,19497,225200]
[20171023,19570,19524,19632,19232,294908]
[20171020,19348,19540,19705,19259,290384]
[20171019,19524,19340,19685,19336,345204]
[20171018,19451,19401,19532,19060,419444]
[20171017,20150,19359,20253,19517,718752]
[20171016,20173,20134,20269,19762,775760]
[20171013,20050,20157,20242,19946,493904]
[20171012,19992,20134,20096,19643,590512]
[20171011,19935,19693,20257,19831,490094]
[20171010,20284,19923,20326,19785,366992]
[20171009,20119,20127,20495,20031,146504]
[20170929,19903,20326,20177,19683,325596]
[20170928,19942,20069,19996,19560,344270]
[20170927,19668,19922,20026,19587,301670]
[20170926,19475,19683,19861,19386,317196]
[20170925,19313,19432,19563,18819,423922]
[20170922,19432,19201,19714,18865,500882]
[20170921,19880,19374,19926,19332,310854]
[20170920,19614,19872,19880,19386,339840]
[20170919,19494,19548,19807,19351,296350]
[20170918,19077,19463,19525,18753,420626]
[20170915,19043,19116,19343,18942,301030]
[20170914,19108,19027,19220,18915,233742]
[20170913,19270,19089,19405,19054,214748]
[20170912,19239,19324,19459,19093,262006]
[20170911,18977,19239,19282,18684,316880]
[20170908,19316,18931,19444,18826,301564]
[20170907,19371,19255,19529,19139,220720]
[20170906,19999,19355,20049,19098,238932]
[20170905,20018,19934,20153,19957,130730]
[20170904,19907,19984,20271,19838,208394]
[20170901,19788,19926,20045,19715,254940]
[20170831,19750,19735,19777,19577,224040]
[20170830,19777,19643,19922,19474,308952]
[20170829,19781,19689,19926,19520,283730]
[20170828,20072,19830,20149,19451,389752]
[20170825,19884,19992,20187,19804,340730]
[20170824,19834,19984,20168,19796,319220]
[20170823,20214,19830,20229,19666,406890]
[20170822,20199,20076,20306,19945,616148]
[20170821,20145,20176,20513,19819,983758]
[20170818,19865,20356,20191,19681,807460]
[20170817,19175,19961,19922,19148,503398]
[20170816,18645,19470,19021,18561,597954]
[20170815,18481,18603,18745,18392,499494]
[20170814,18481,18481,18569,18319,458256]
[20170811,18622,18461,18757,18323,591982]
[20170810,18906,18523,19006,18611,509586]
[20170809,18273,18925,19037,18266,724664]
[20170808,18062,18346,18492,18001,529648]
[20170807,17963,18066,18147,17802,329788]
[20170804,17902,17932,18120,17757,297034]
[20170803,17596,17802,18074,17581,421580]
[20170802,17592,17692,17722,17466,363800]
[20170801,17799,17581,17841,17539,333572]
[20170731,17608,17791,17883,17554,492056]
[20170728,17795,17673,17917,17527,526878]
[20170727,17715,17860,17871,17715,365416]
[20170726,17806,17822,18074,17749,608712]
[20170725,17539,17852,17814,17524,500902]
[20170724,17527,17577,17692,17348,558510]
[20170721,17439,17588,17504,17256,469706]
[20170720,17493,17481,17562,17294,569986]
[20170719,17524,17447,17619,17409,440752]
[20170718,17791,17516,17856,17462,441686]
[20170717,17455,17802,17887,17436,537228]
[20170714,17814,17474,17814,17401,464292]
[20170713,17875,17760,17898,17661,390782]
[20170712,17489,17867,17887,17485,523602]
[20170711,17329,17520,17638,17183,467266]
[20170710,17454,17241,17636,17291,294932]
[20170707,17416,17571,17560,17336,265230]
[20170706,17336,17461,17438,17226,329348]
[20170705,17397,17298,17659,17344,410094]
[20170704,17469,17431,17571,17321,427858]
[20170703,17211,17465,17552,17165,435170]
[20170630,17150,17222,17279,16964,468306]
[20170629,17040,17127,17294,16987,484714]
[20170628,17014,17010,17192,16968,521758]
[20170627,16793,17017,17051,16661,493946]
[20170626,16869,16756,16869,16630,498794]
[20170623,16922,16752,16938,16702,463262]
[20170622,16444,16843,16759,16425,651702]
[20170621,16236,16505,16312,16103,540868]
[20170620,16213,16198,16296,16152,413666]
[20170619,16035,16194,16167,15906,478282]
[20170616,15993,16027,16190,15902,476268]
[20170615,15981,15970,16110,15849,573362]
[20170614,15704,15902,16019,15693,542422]
[20170613,16239,15735,16258,15655,595248]
[20170612,16167,16228,16372,16137,333342]
[20170609,15846,16152,16004,15780,389044]
[20170608,15502,15843,15920,15454,485978]
[20170607,15542,15535,15652,15384,493484]
[20170606,15615,15553,15733,15505,432512]
[20170605,15835,15601,16022,15696,514322]
[20170602,15967,15883,16033,15868,406958]
[20170601,16073,15964,16154,15879,547468]
[20170531,16304,16092,16506,16033,409718]
[20170526,16282,16422,16392,16191,536078]
[20170525,16425,16334,16506,16249,598212]
[20170524,16433,16414,16532,16238,591892]
[20170523,16341,16436,16499,16253,551822]
[20170522,16022,16319,16506,15942,896580]
[20170519,15315,16011,15846,15241,827870]
[20170518,15766,15333,15857,15615,522822]
[20170517,15623,15762,15894,15568,550164]
[20170516,15846,15579,15978,15513,638248]
[20170515,15854,15832,15901,15634,543212]
[20170512,16066,15777,16081,15729,420116]
[20170511,15921,16011,16103,15754,438994]
[20170510,15900,15903,16016,15794,398254]
[20170509,15602,15907,15896,15526,463164]
[20170508,15519,15559,15718,15384,666714]
[20170505,15464,15588,15693,15439,516180]
[20170504,15776,15533,15794,15359,586454]
[20170503,16153,15693,16153,15827,382102]
[20170502,15968,16077,16371,15968,213272]
[20170428,15787,16280,15939,15544,750974]
[20170427,15754,15754,15860,15696,499970]
[20170426,15671,15769,15838,15482,624382]
[20170425,15646,15544,15714,15490,632782]
[20170424,15744,15646,15762,15464,764988]
[20170421,15740,15653,15947,15671,805726]
[20170420,15286,15860,15736,15149,1058026]
[20170419,15522,15432,15544,15018,977104]
[20170418,15918,15319,15943,15475,638908]
[20170417,15548,15831,16208,15522,690998]
[20170414,15617,16019,15776,15471,637900]
[20170413,15381,15649,15831,15337,718668]
[20170412,15540,15475,15635,15272,766042]
[20170411,16037,15598,16099,15435,693208]
[20170410,15954,15834,16236,15838,541488]
[20170407,16762,15914,16776,15972,737008]
[20170406,16805,16628,16885,16570,461384]
[20170405,16533,16845,16838,16533,262566]
[20170331,16972,16704,17222,16736,752650]
[20170330,16899,17030,17117,16849,663692]
[20170329,16454,16878,16957,16327,775114]
[20170328,16457,16410,16537,16200,685622]
[20170327,16845,16399,16957,16403,824602]
[20170324,16896,16801,16961,16620,599936]
[20170323,16881,16729,17088,16696,636042]
[20170322,17070,16957,17160,16678,681356]
[20170321,17233,17106,17265,16932,568646]
[20170320,17037,17204,17330,16961,575294]
[20170317,16950,17015,17048,16780,504538]
[20170316,16523,16896,16925,16523,682448]
[20170315,16157,16624,16566,16012,655688]
[20170314,16323,16189,16472,16189,477192]
[20170313,15990,16428,16385,15856,766668]
[20170310,15661,16052,15958,15653,408138]
[20170309,15968,15661,16041,15585,334120]
[20170308,16052,15968,16095,15787,421694]
[20170307,16146,16012,16247,16030,351150]
[20170306,16577,16128,16606,16102,495384]
[20170303,16823,16544,16823,16320,394318]
[20170302,16936,16682,16975,16801,345562]
[20170301,16588,16917,16885,16562,467288]
[20170228,16570,16624,16671,16447,441544]
[20170227,16610,16537,16783,16385,528516]
[20170224,16769,16541,16783,16273,502486]
[20170223,16863,16729,17012,16508,442582]
[20170222,17015,16830,17048,16686,387858]
[20170221,16841,17026,17117,16834,439796]
[20170220,16834,16939,16852,16472,478484]
[20170217,16805,16725,17037,16758,424394]
[20170216,17095,16903,17261,16812,447306]
[20170215,17283,17030,17348,16903,371572]
[20170214,17403,17214,17439,17156,278820]
[20170213,17066,17410,17635,17047,478180]
[20170210,16775,17066,17098,16692,414688]
[20170209,16677,16754,16841,16623,377750]
[20170208,16416,16746,16794,16387,403866]
[20170207,16271,16438,16536,16260,303530]
[20170206,16395,16297,16536,16224,309362]
[20170203,16884,16442,16884,16271,184840]
[20170126,16474,16706,16993,16376,355638]
[20170125,16612,16536,16732,16474,325524]
[20170124,16561,16703,16601,16391,395300]
[20170123,16181,16503,16688,16064,579682]
[20170120,16286,16122,16387,15952,586302]
[20170119,16235,16268,16365,16072,556016]
[20170118,16054,16246,16391,15985,668698]
[20170117,16511,16039,16594,15789,671748]
[20170116,16286,16496,16794,16224,761746]
[20170113,16329,16278,16561,16112,615374]
[20170112,16286,16511,16431,16079,696374]
[20170111,16456,16282,16547,16213,520250]
[20170110,15752,16507,16489,15698,759954]
[20170109,15386,15745,15803,15295,610698]
[20170106,15495,15451,15640,15353,548058]
[20170105,15274,15462,15763,15274,661034]
[20170104,15321,15350,15444,15005,478174]
[20170103,15386,15314,15502,15190,134580]
[20161230,15375,15353,15456,15075,377194]
[20161229,15214,15265,15573,15049,462738]
[20161228,14840,15086,15456,14719,548544]
[20161227,14518,14760,14895,14459,415838]
[20161226,15496,14628,15577,14415,584206]
[20161223,15221,15544,15676,15214,554928]
[20161222,15595,15302,15650,15163,382536]
[20161221,15540,15584,15749,15481,368184]
[20161220,15720,15522,15778,15203,564392]
[20161219,16445,15606,16544,15789,555444]
[20161216,16654,16478,16962,16405,498466]
[20161215,16588,16625,16954,16350,580118]
[20161214,16709,16438,16742,16167,508614]
[20161213,16504,16592,16650,16291,529510]
[20161212,16599,16405,16845,16354,560226]
[20161209,16856,16588,16907,16240,692052]
[20161208,17193,16881,17391,16581,658012]
[20161207,16801,17174,17240,16713,635054]
[20161206,16672,16782,17196,16672,650850]
[20161205,16247,16870,16760,16174,571918]
[20161202,16870,16244,17006,16134,472472]
[20161201,16588,16933,17021,16426,486554]
[20161130,17594,16768,17594,16555,702786]
[20161129,17843,17113,18398,17248,791594]
[20161128,16958,17913,17924,16896,457688]
[20161125,16547,16962,16955,16522,550768]
[20161124,15773,16606,16793,15714,767082]
[20161123,15956,15798,16000,15710,448846]
[20161122,15648,15985,16066,15505,538112]
[20161121,15409,15666,15769,15203,797662]
[20161118,15145,15493,15361,15046,552680]
[20161117,15563,15266,15662,14869,647802]
[20161116,15427,15534,15985,15332,810382]
[20161115,15589,15501,16228,15328,1098402]
[20161114,15262,15684,15996,14686,1117770]
[20161111,15251,15416,15387,15031,555764]
[20161110,14612,15159,15394,14543,1018864]
[20161109,14587,14708,14987,14418,641376]
[20161108,14671,14576,14789,14517,373458]
[20161107,14469,14722,14851,14370,454168]
[20161104,14432,14399,14689,14355,459168]
[20161103,14223,14502,14462,14153,315548]
[20161102,14491,14253,14528,14161,408656]
[20161101,14234,14521,14689,14179,502424]
[20161031,14116,14186,14289,14046,314126]
[20161028,13943,14091,14124,13873,284822]
[20161027,13862,13899,13987,13774,324400]
[20161026,14046,13892,14083,13785,353344]
[20161025,13479,14024,14024,13472,485554]
[20161024,13328,13553,13424,13284,335186]
[20161021,13402,13336,13468,13343,260322]
[20161020,13380,13428,13535,13269,344230]
[20161019,13402,13354,13472,13325,318372]
[20161018,13292,13424,13461,13174,365398]
[20161017,13118,13258,13321,13115,377250]
[20161014,13004,13174,13188,12905,361696]
[20161013,13148,12909,13236,13041,294338]
[20161012,13269,13214,13269,13060,350224]
[20161011,13483,13163,13527,13325,252830]
[20161010,13402,13439,13608,13284,129330]
[20160930,13387,13306,13450,13321,183968]
[20160929,13229,13428,13428,13207,253766]
[20160928,13281,13343,13296,13160,279048]
[20160927,12998,13222,13274,12962,372334]
[20160926,13141,12987,13152,12892,362166]
[20160923,13200,13086,13259,13105,279424]
[20160922,13171,13222,13248,13009,375130]
[20160921,13196,13145,13329,13145,334638]
[20160920,12892,13200,13171,12888,335468]
[20160919,12884,12998,12954,12811,177050]
[20160914,13061,12910,13094,12844,413250]
[20160913,13017,13039,13127,12950,265722]
[20160912,13281,13031,13321,12980,396776]
[20160909,13229,13303,13362,13160,320580]
[20160908,13420,13211,13490,13204,393002]
[20160907,13395,13461,13450,13288,279312]
[20160906,13516,13358,13553,13354,287776]
[20160905,13622,13494,13652,13468,338226]
[20160902,13435,13619,13619,13384,293062]
[20160901,13230,13420,13479,13189,306030]
[20160831,13127,13233,13310,13112,343174]
[20160830,13171,13149,13182,13065,253480]
[20160829,13215,13098,13281,13112,337508]
[20160826,12838,13156,13219,12830,501660]
[20160825,12900,12863,12937,12709,347032]
[20160824,12871,12904,12955,12856,184856]
[20160823,12783,12900,12948,12764,237712]
[20160822,12819,12801,12885,12742,232164]
[20160819,12904,12786,12907,12753,204682]
[20160818,12684,12878,12893,12662,318008]
[20160817,12720,12702,12731,12621,216808]
[20160816,12588,12647,12768,12574,258400]
[20160815,12724,12632,12786,12537,370792]
[20160812,12940,12753,12962,12823,278272]
[20160811,13036,12929,13076,12900,298228]
[20160810,12676,13028,13050,12662,343110]
[20160809,12860,12713,12878,12691,254630]
[20160808,12779,12827,12867,12691,244394]
[20160805,12647,12728,12801,12632,270592]
[20160804,12724,12651,12805,12621,285740]
[20160803,12838,12665,12907,12654,258474]
[20160802,12761,12830,12801,12691,180312]
[20160801,12500,12761,12783,12416,248874]
[20160729,12526,12482,12652,12471,258892]
[20160728,12582,12515,12615,12400,369306]
[20160727,12719,12604,12756,12548,390224]
[20160726,12900,12656,12923,12667,393874]
[20160725,12819,12904,12930,12700,406040]
[20160722,12882,12889,13008,12797,478124]
[20160721,12652,12900,12889,12600,365540]
[20160720,12819,12626,12837,12674,382046]
[20160719,12585,12726,12849,12556,497352]
[20160718,12715,12571,12782,12485,388728]
[20160715,12597,12734,12686,12489,286628]
[20160714,12574,12660,12597,12445,301462]
[20160713,12582,12537,12741,12493,535098]
[20160712,12434,12534,12493,12337,270838]
[20160711,12285,12471,12471,12211,346994]
[20160708,12174,12259,12230,12041,401498]
[20160707,12019,12189,12300,11963,360384]
[20160706,12278,12074,12315,12056,466274]
[20160705,12404,12289,12419,12096,373980]
[20160704,12274,12397,12578,12248,461406]
[20160701,12185,12297,12278,12078,233292]
[20160630,12007,12193,12241,11959,278194]
[20160629,11888,11985,12133,11870,368804]
[20160628,11599,11959,11840,11550,333646]
[20160627,11528,11636,11680,11510,245070]
[20160624,11706,11547,11747,11480,298712]
[20160623,11740,11725,11770,11654,193716]
[20160622,11584,11740,11736,11536,270006]
[20160621,11584,11565,11729,11547,270702]
[20160620,11532,11576,11632,11480,255650]
[20160617,11576,11588,11647,11424,296386]
[20160616,11755,11573,11788,11539,262524]
[20160615,11621,11721,11677,11550,299742]
[20160614,11803,11628,11862,11654,318294]
[20160613,11799,11762,11929,11706,232024]
[20160608,11662,11755,11684,11491,326734]
[20160607,11732,11591,11784,11606,318774]
[20160606,11658,11751,11799,11569,409466]
[20160603,11569,11666,11606,11413,383702]
[20160602,11138,11532,11651,11090,637774]
[20160601,11276,11116,11291,11079,157598]
[20160531,11250,11246,11302,11145,179732]
[20160530,11257,11205,11276,11167,210532]
[20160527,11167,11242,11238,11063,319836]
[20160526,10928,11231,11171,10891,366192]
[20160525,10902,10913,10981,10824,363350]
[20160524,11037,10857,11093,10790,460914]
[20160523,11257,11033,11317,11010,365232]
[20160520,11104,11253,11227,11059,227860]
[20160519,11197,11119,11276,11134,265212]
[20160518,11291,11164,11406,11171,355826]
[20160517,11250,11283,11369,11220,300624]
[20160516,11167,11279,11332,11152,400950]
[20160513,11339,11279,11410,11003,543116]
[20160512,11227,11384,11395,11160,446398]
[20160511,10981,11212,11156,10928,351000]
[20160510,11040,11029,11052,10842,353272]
[20160509,11093,11022,11306,10943,520180]
[20160506,11171,11182,11208,10992,371500]
[20160505,11175,11175,11264,11119,284580]
[20160504,11336,11167,11392,11137,146444]
[20160503,11392,11381,11497,11321,99766]
[20160429,11186,11448,11475,11171,283082]
[20160428,11227,11246,11257,11081,260320]
[20160427,11171,11227,11284,11092,245230]
[20160426,11299,11149,11321,11074,324294]
[20160425,11314,11269,11613,11216,449708]
[20160422,11553,11366,11576,11107,577126]
[20160421,11388,11490,11580,11269,622960]
[20160420,11366,11362,11471,11261,496464]
[20160419,11388,11302,11441,11197,484480]
[20160418,11164,11362,11475,11104,677640]
[20160415,11224,11141,11257,11059,458032]
[20160414,11096,11186,11385,11044,715714]
[20160413,10699,11205,11070,10665,520996]
[20160412,10504,10695,10594,10501,224744]
[20160411,10474,10534,10639,10467,285488]
[20160408,10527,10508,10553,10414,287790]
[20160407,10639,10531,10718,10609,219788]
[20160406,10782,10669,10797,10654,207200]
[20160405,10853,10770,10894,10804,112448]
[20160401,10639,10827,10845,10605,231700]
[20160331,10635,10609,10748,10594,148580]
[20160330,10703,10650,10733,10598,152468]
[20160329,10726,10666,10828,10613,168714]
[20160328,10767,10718,10816,10707,134446]
[20160325,10643,10790,10741,10601,136342]
[20160324,10843,10647,10843,10688,300576]
[20160323,10888,10764,10944,10820,269352]
[20160322,10892,10843,10993,10854,377770]
[20160321,10899,10914,10975,10771,423036]
[20160318,10692,10873,11001,10681,567826]
[20160317,10500,10741,10692,10492,371288]
[20160316,10545,10530,10609,10421,483308]
[20160315,10703,10568,10733,10571,400788]
[20160314,10639,10711,10805,10628,480540]
[20160311,10601,10699,10677,10541,411444]
[20160310,10696,10553,10775,10575,507596]
[20160309,10820,10764,10828,10394,737728]
[20160308,10918,10782,11016,10681,785088]
[20160307,10914,10978,11140,10820,990058]
[20160304,10922,10907,11065,10862,580326]
[20160303,10824,10903,10914,10790,445882]
[20160302,10715,10884,10877,10647,366562]
[20160301,10753,10703,10753,10495,313606]
[20160229,10575,10696,10768,10545,594954]
[20160226,10681,10654,10696,10450,626128]
[20160225,10563,10635,10862,10529,576098]
[20160224,10677,10541,10684,10492,407678]
[20160223,10794,10654,10832,10635,428036]
[20160222,10548,10760,10802,10495,420268]
[20160219,10299,10552,10560,10291,407378]
[20160218,10272,10325,10325,10238,230342]
[20160217,10333,10280,10378,10215,270328]
[20160216,10389,10337,10461,10299,291262]
[20160215,10424,10416,10560,10378,128280]
[20160205,10507,10518,10567,10367,234208]
[20160204,10197,10533,10597,10178,363872]
[20160203,10185,10234,10227,10063,165840]
[20160202,10006,10136,10132,9965,192944]
[20160201,9949,9984,10048,9888,223686]
[20160129,9862,9976,9953,9820,263810]
[20160128,9965,9881,9965,9854,330450]
[20160127,9850,9942,9991,9809,427518]
[20160126,9729,9809,9767,9679,256952]
[20160125,9774,9698,9801,9649,244806]
[20160122,9611,9755,9786,9607,378558]
[20160121,9672,9615,9706,9580,369960]
[20160120,9786,9664,9793,9634,364992]
[20160119,9622,9774,9797,9615,449736]
[20160118,9485,9687,9713,9462,468572]
[20160115,9592,9500,9744,9520,575376]
[20160114,9508,9588,9637,9462,457644]
[20160113,9481,9550,9535,9417,431766]
[20160112,9740,9459,9786,9383,502632]
[20160111,9774,9774,9858,9710,385020]
[20160108,9736,9828,9862,9637,532696]
[20160107,9904,9752,9980,9763,428972]
[20160106,10082,9923,10117,9911,353990]
[20160105,9991,10098,10151,9991,215540]
[20160104,10204,10018,10231,9999,144030]
[20151231,10189,10170,10257,10162,356696]
[20151230,10048,10189,10227,10003,528278]
[20151229,9812,10006,9995,9812,308264]
[20151228,9995,9839,10037,9831,359846]
[20151225,9866,9999,10010,9850,362072]
[20151224,9812,9892,9995,9801,517522]
[20151223,9744,9869,9843,9664,394942]
[20151222,9759,9744,9854,9721,401938]
[20151221,9656,9771,9805,9592,475086]
[20151218,9493,9622,9660,9462,573638]
[20151217,9603,9512,9759,9497,727462]
[20151216,9626,9641,9694,9584,414100]
[20151215,9706,9656,9820,9672,507030]
[20151214,9763,9752,9850,9702,576652]
[20151211,9539,9733,9816,9520,483464]
[20151210,9641,9565,9721,9554,505556]
[20151209,9500,9683,9637,9455,542108]
[20151208,9710,9485,9744,9512,589526]
[20151207,9660,9721,9763,9542,561956]
[20151204,9459,9599,9607,9447,687532]
[20151203,9523,9542,9649,9451,723538]
[20151202,9694,9523,9812,9542,640994]
[20151201,9778,9668,9820,9622,533536]
[20151130,9774,9752,9843,9664,657682]
[20151127,10029,9793,10147,9778,1178030]
[20151126,9683,9998,10245,9622,1255548]
[20151125,9672,9649,9949,9638,1345278]
[20151124,9368,9702,9812,9277,1633272]
[20151123,9584,9372,9676,9136,1685084]
[20151120,9114,9573,9562,8973,1529330]
[20151119,9440,9095,9440,9053,919254]
[20151118,9630,9414,9698,9341,708370]
[20151117,9824,9596,9828,9490,754902]
[20151116,9843,9790,9941,9774,417536]
[20151113,9774,9892,9964,9706,746620]
[20151112,9767,9729,9964,9672,674796]
[20151111,10025,9752,10036,9698,814308]
[20151110,10283,9945,10298,9915,416340]
[20151109,10260,10279,10325,10215,286524]
[20151106,10257,10283,10329,10181,333064]
[20151105,10424,10276,10538,10268,303236]
[20151104,10367,10443,10488,10302,238134]
[20151103,10424,10321,10496,10382,148104]
[20151102,10409,10401,10484,10367,139194]
[20151030,10594,10393,10651,10401,278064]
[20151029,10647,10620,10753,10582,198212]
[20151028,10726,10609,10749,10654,198304]
[20151027,10685,10737,10790,10654,272056]
[20151026,10749,10700,10760,10601,295306]
[20151023,10692,10662,10787,10567,400568]
[20151022,10700,10662,10703,10469,481816]
[20151021,10775,10635,10866,10726,234260]
[20151020,10760,10764,10806,10700,270810]
[20151019,10889,10764,10930,10775,315976]
[20151016,10987,10915,11032,10870,272236]
[20151015,10979,10964,11066,10964,343726]
[20151014,10968,10995,11044,10866,390422]
[20151013,11017,10968,11055,10862,417564]
[20151012,11097,10991,11157,10885,564750]
[20151009,10322,11040,10889,10272,501434]
[20151008,10564,10284,10571,10299,73478]
[20150930,10381,10390,10579,10336,129138]
[20150929,10286,10355,10332,10191,143116]
[20150928,10343,10237,10427,10290,108172]
[20150925,10472,10347,10605,10366,353216]
[20150924,10408,10507,10590,10298,297350]
[20150923,10263,10423,10374,10161,286704]
[20150922,10427,10298,10450,10244,255812]
[20150921,10792,10427,10792,10381,313058]
[20150918,10928,10735,10978,10875,96648]
[20150917,10944,10928,11046,10928,121610]
[20150916,10917,10978,11001,10879,132988]
[20150915,11099,10940,11099,10925,148094]
[20150914,11267,11077,11293,11160,105196]
[20150911,11301,11289,11354,11267,108330]
[20150910,11369,11286,11373,11251,90546]
[20150909,11194,11335,11403,11172,171694]
[20150908,11194,11175,11206,11035,113900]
[20150907,11175,11160,11270,11172,37644]
[20150902,11164,11225,11259,11149,63348]
[20150901,11103,11210,11232,11069,60272]
[20150831,11160,11126,11224,11096,95686]
[20150828,10979,11122,11152,10937,125828]
[20150827,10813,10949,10926,10786,142464]
[20150826,10975,10862,11054,10862,90310]
[20150825,10745,10964,10933,10737,153944]
[20150824,11013,10749,11096,10726,160716]
[20150821,11258,11058,11277,11073,97422]
[20150820,11069,11212,11163,11047,82706]
[20150819,11009,11107,11084,10979,84958]
[20150818,11197,11035,11262,11069,95408]
[20150817,11303,11220,11303,11167,96946]
[20150814,11239,11265,11307,11190,100928]
[20150813,11163,11224,11363,11092,156068]
[20150812,10949,11314,11220,10888,296422]
[20150811,10964,10952,11122,10956,217638]
[20150810,10790,11013,11001,10768,174414]
[20150807,10971,10794,10994,10756,243474]
[20150806,11069,10915,11092,10990,94344]
[20150805,11167,11035,11212,11043,91404]
[20150804,10994,11156,11145,10949,122338]
[20150803,11171,10990,11265,10967,163242]
[20150430,11086,11216,11240,11053,185402]
[20150429,11171,11102,11217,11017,128636]
[20150428,11079,11174,11270,11076,157772]
[20150427,10954,11164,11109,10915,148652]
[20150424,10888,10921,10918,10846,50968]
[20150423,10921,10892,10961,10816,83482]
[20150422,10823,10944,10921,10809,60112]
[20150421,10809,10859,10882,10763,80014]
[20150420,10921,10809,11000,10829,91884]
[20150417,10931,10915,11020,10882,101008]
[20150416,10796,11004,10921,10783,141370]
[20150415,10763,10809,10842,10730,101080]
[20150414,10846,10763,10849,10701,124218]
[20150413,10780,10832,10842,10750,126540]
[20150410,10674,10760,10780,10665,164462]
[20150409,10658,10681,10691,10605,77156]
[20150408,10684,10681,10730,10625,108312]
[20150407,10638,10707,10694,10622,50524]
[20150403,10566,10684,10661,10553,137894]
[20150402,10484,10579,10569,10484,93388]
[20150401,10516,10507,10549,10477,83168]
